"2013-10-14","BenchBookie.java","19589","124978","144567"
"2014-02-05","BenchBookie.java","20163","130787","150950"
"2012-04-03","BenchBookie.java","8321","12876","21197"
"2012-05-09","BenchBookie.java","9134","15399","24533"
"2015-10-06","BenchBookie.java","21009","150285","171294"
"2012-12-24","HierarchicalLedgerManager.java","11212","71202","82414"
"2013-04-04","HierarchicalLedgerManager.java","13294","108021","121315"
"2014-01-17","HierarchicalLedgerManager.java","14468","120555","135023"
"2013-04-04","HierarchicalLedgerManager.java","3159","37896","41055"
"2014-01-17","HierarchicalLedgerManager.java","5306","51403","56709"
"2014-02-21","BookKeeperAdmin.java","14849","120304","135153"
"2012-10-05","BookKeeperAdmin.java","8522","46199","54721"
"2012-11-30","BookKeeperAdmin.java","9745","61199","70944"
"2012-09-03","BookKeeperAdmin.java","6053","36661","42714"
"2013-05-10","BookKeeperAdmin.java","13088","105207","118295"
"2014-04-24","BookKeeperAdmin.java","14860","122287","137147"
"2012-08-19","BookKeeperAdmin.java","5831","30580","36411"
"2012-09-07","BookKeeperAdmin.java","6130","38204","44334"
"2013-02-08","BookKeeperAdmin.java","11785","102055","113840"
"2014-02-05","BookKeeperAdmin.java","14782","119074","133856"
"2014-09-06","BookKeeperAdmin.java","15358","133734","149092"
"2012-08-24","BookKeeperAdmin.java","5833","31474","37307"
"2014-12-06","BookKeeperAdmin.java","15433","134946","150379"
"2013-02-26","BookKeeperAdmin.java","12624","102922","115546"
"2013-08-21","BookKeeperAdmin.java","13314","111308","124622"
"2012-07-18","BookKeeperAdmin.java","4693","17258","21951"
"2012-05-10","BookKeeperAdmin.java","10517","31144","41661"
"2014-02-21","BookKeeperAdmin.java","18356","144438","162794"
"2012-03-31","BookKeeperAdmin.java","9923","28599","38522"
"2011-11-16","BookKeeperAdmin.java","128","863","991"
"2012-10-05","BookKeeperAdmin.java","15089","73393","88482"
"2012-11-30","BookKeeperAdmin.java","15878","87959","103837"
"2012-09-03","BookKeeperAdmin.java","13245","64480","77725"
"2013-05-10","BookKeeperAdmin.java","17716","130462","148178"
"2014-04-24","BookKeeperAdmin.java","18360","146414","164774"
"2012-08-19","BookKeeperAdmin.java","13083","58459","71542"
"2011-11-28","BookKeeperAdmin.java","1465","6875","8340"
"2012-09-07","BookKeeperAdmin.java","13266","65967","79233"
"2013-02-08","BookKeeperAdmin.java","16790","127687","144477"
"2014-02-05","BookKeeperAdmin.java","18324","143243","161567"
"2011-11-18","BookKeeperAdmin.java","1065","3731","4796"
"2014-09-06","BookKeeperAdmin.java","18674","157677","176351"
"2012-08-24","BookKeeperAdmin.java","13085","59353","72438"
"2014-12-06","BookKeeperAdmin.java","18691","158831","177522"
"2013-02-26","BookKeeperAdmin.java","17504","128429","145933"
"2013-08-21","BookKeeperAdmin.java","17917","136538","154455"
"2012-07-18","BookKeeperAdmin.java","12526","45718","58244"
"2014-05-23","BookKeeperClusterTestCase.java","24","354","378"
"2014-12-10","BookKeeperClusterTestCase.java","2611","13843","16454"
"2014-07-24","BookKeeperClusterTestCase.java","723","2327","3050"
"2015-10-06","BookKeeperClusterTestCase.java","3556","18280","21836"
"2014-01-17","HierarchicalLedgerManager.java","2537","13897","16434"
"2014-02-05","BenchBookie.java","2293","7528","9821"
"2015-10-06","BenchBookie.java","5303","29190","34493"
"2014-01-15","InterleavedLedgerStorage.java","14625","118312","132937"
"2013-05-04","InterleavedLedgerStorage.java","13424","106663","120087"
"2012-12-24","InterleavedLedgerStorage.java","11147","69093","80240"
"2012-10-18","InterleavedLedgerStorage.java","9733","52025","61758"
"2013-12-02","InterleavedLedgerStorage.java","14607","117950","132557"
"2015-04-21","InterleavedLedgerStorage.java","15911","139285","155196"
"2014-01-21","InterleavedLedgerStorage.java","14718","119950","134668"
"2013-10-02","InterleavedLedgerStorage.java","13703","113253","126956"
"2012-05-07","InterleavedLedgerStorage.java","478","1218","1696"
"2012-12-18","InterleavedLedgerStorage.java","10762","68600","79362"
"2012-05-25","InterleavedLedgerStorage.java","1333","4037","5370"
"2015-04-21","InterleavedLedgerStorage.java","15900","139103","155003"
"2012-05-09","InterleavedLedgerStorage.java","537","1701","2238"
"2015-10-06","BenchBookie.java","3740","22392","26132"
"2012-09-07","HierarchicalLedgerManagerFactory.java","4844","33268","38112"
"2015-09-15","HierarchicalLedgerManagerFactory.java","15234","134204","149438"
"2013-10-12","CreateNewLogTest.java","5829","52717","58546"
"2014-08-18","ZooKeeperWatcherBase.java","5898","33606","39504"
"2015-07-10","ZooKeeperWatcherBase.java","6633","38681","45314"
"2014-02-05","LedgerRecoveryTest.java","3504","11905","15409"
"2012-03-31","CloseTest.java","11840","31479","43319"
"2012-02-13","BookieFailureTest.java","1609","9986","11595"
"2012-08-13","BookieFailureTest.java","12715","49204","61919"
"2014-07-24","BookieFailureTest.java","18947","146958","165905"
"2012-06-19","BookieFailureTest.java","10733","32344","43077"
"2012-12-20","BookieFailureTest.java","16393","90750","107143"
"2015-09-15","HierarchicalLedgerManagerFactory.java","12707","103253","115960"
"2015-04-21","InterleavedLedgerStorage.java","4012","23699","27711"
"2014-01-21","InterleavedLedgerStorage.java","464","2009","2473"
"2015-04-21","InterleavedLedgerStorage.java","3982","23498","27480"
"2014-04-24","BookieAutoRecoveryTest.java","3767","14876","18643"
"2014-05-09","BookieAutoRecoveryTest.java","3837","15965","19802"
"2014-02-05","BookieAutoRecoveryTest.java","3442","11416","14858"
"2014-05-23","BookieAutoRecoveryTest.java","3843","16301","20144"
"2014-01-15","InterleavedLedgerStorage.java","2351","12799","15150"
"2013-12-02","InterleavedLedgerStorage.java","2271","12375","14646"
"2015-04-21","InterleavedLedgerStorage.java","5302","35437","40739"
"2014-01-21","InterleavedLedgerStorage.java","2775","14768","17543"
"2013-10-02","InterleavedLedgerStorage.java","805","7116","7921"
"2015-04-21","InterleavedLedgerStorage.java","5282","35246","40528"
"2014-03-07","LogMark.java","3789","17493","21282"
"2014-02-21","PerChannelBookieClient.java","11270","104092","115362"
"2014-01-21","PerChannelBookieClient.java","10715","101571","112286"
"2014-07-25","PerChannelBookieClient.java","11758","114997","126755"
"2014-05-27","PerChannelBookieClient.java","11368","107742","119110"
"2013-06-28","PerChannelBookieClient.java","9467","93461","102928"
"2013-10-29","PerChannelBookieClient.java","10592","97885","108477"
"2013-01-10","PerChannelBookieClient.java","7705","54003","61708"
"2012-08-13","PerChannelBookieClient.java","576","6471","7047"
"2014-02-05","PerChannelBookieClient.java","11180","102839","114019"
"2014-01-09","PerChannelBookieClient.java","10610","100034","110644"
"2013-10-22","PerChannelBookieClient.java","10433","96935","107368"
"2012-12-01","PerChannelBookieClient.java","5611","44598","50209"
"2013-08-20","PerChannelBookieClient.java","9526","94695","104221"
"2013-09-11","PerChannelBookieClient.java","9573","95029","104602"
"2015-10-06","PerChannelBookieClient.java","12462","122773","135235"
"2014-01-15","InterleavedLedgerStorage.java","5272","51013","56285"
"2013-05-04","InterleavedLedgerStorage.java","3430","38723","42153"
"2013-12-02","InterleavedLedgerStorage.java","5192","50589","55781"
"2015-04-21","InterleavedLedgerStorage.java","7623","73051","80674"
"2014-01-21","InterleavedLedgerStorage.java","5464","52750","58214"
"2013-10-02","InterleavedLedgerStorage.java","4002","45606","49608"
"2015-04-21","InterleavedLedgerStorage.java","7603","72860","80463"
"2014-07-25","PerChannelBookieClient.java","1566","11983","13549"
"2014-05-27","PerChannelBookieClient.java","516","4068","4584"
"2015-10-06","PerChannelBookieClient.java","3721","21210","24931"
"2014-02-21","PerChannelBookieClient.java","1382","3348","4730"
"2014-07-25","PerChannelBookieClient.java","2864","15247","18111"
"2014-05-27","PerChannelBookieClient.java","1865","7383","9248"
"2014-02-05","PerChannelBookieClient.java","1184","1987","3171"
"2015-10-06","PerChannelBookieClient.java","4836","24291","29127"
"2015-10-06","PerChannelBookieClient.java","2400","9472","11872"
"2013-10-14","BenchBookie.java","14508","115342","129850"
"2014-02-05","BenchBookie.java","15142","121211","136353"
"2012-05-09","BenchBookie.java","918","2628","3546"
"2015-10-06","BenchBookie.java","16188","140909","157097"
"2014-01-15","InterleavedLedgerStorage.java","7660","69055","76715"
"2013-05-04","InterleavedLedgerStorage.java","6070","57017","63087"
"2012-12-24","InterleavedLedgerStorage.java","3115","18769","21884"
"2013-12-02","InterleavedLedgerStorage.java","7581","68632","76213"
"2015-04-21","InterleavedLedgerStorage.java","9669","90751","100420"
"2014-01-21","InterleavedLedgerStorage.java","7840","70780","78620"
"2013-10-02","InterleavedLedgerStorage.java","6524","63782","70306"
"2012-12-18","InterleavedLedgerStorage.java","2494","18040","20534"
"2015-04-21","InterleavedLedgerStorage.java","9649","90560","100209"
"2013-10-12","ServerConfiguration.java","18238","135222","153460"
"2013-06-15","ServerConfiguration.java","18124","132403","150527"
"2012-12-11","ServerConfiguration.java","16209","86580","102789"
"2014-05-09","ServerConfiguration.java","18737","145144","163881"
"2014-03-12","ServerConfiguration.java","18737","143993","162730"
"2014-01-22","ServerConfiguration.java","18490","140609","159099"
"2012-03-29","ServerConfiguration.java","9491","24663","34154"
"2012-02-24","ServerConfiguration.java","1710","10856","12566"
"2014-04-29","ServerConfiguration.java","18737","144503","163240"
"2012-02-15","ServerConfiguration.java","1617","9991","11608"
"2013-02-08","ServerConfiguration.java","16980","125211","142191"
"2013-12-02","ServerConfiguration.java","18351","138205","156556"
"2014-03-07","ServerConfiguration.java","18731","142185","160916"
"2012-02-01","ServerConfiguration.java","1243","7422","8665"
"2012-03-08","ServerConfiguration.java","1901","12128","14029"
"2015-04-21","ServerConfiguration.java","19136","159021","178157"
"2012-09-12","ServerConfiguration.java","13182","63936","77118"
"2012-11-30","ServerConfiguration.java","16039","85454","101493"
"2012-10-18","ServerConfiguration.java","15802","74605","90407"
"2014-09-18","ServerConfiguration.java","19106","155578","174684"
"2014-01-21","ServerConfiguration.java","18369","139473","157842"
"2013-02-19","ServerConfiguration.java","17732","125916","143648"
"2014-01-15","ServerConfiguration.java","18356","138554","156910"
"2013-01-04","ServerConfiguration.java","16668","92738","109406"
"2013-02-19","ServerConfiguration.java","17732","125897","143629"
"2013-01-14","ServerConfiguration.java","16862","94380","111242"
"2014-05-06","ServerConfiguration.java","18737","144550","163287"
"2014-05-15","ServerConfiguration.java","18737","145464","164201"
"2015-01-12","ServerConfiguration.java","19127","157633","176760"
"2015-01-16","ServerConfiguration.java","19127","158571","177698"
"2013-10-22","ServerConfiguration.java","18279","135636","153915"
"2015-04-21","ServerConfiguration.java","19137","159055","178192"
"2013-01-03","ReplicationWorker.java","1615","2811","4426"
"2014-09-06","ReplicationWorker.java","7782","70192","77974"
"2013-12-06","ReplicationWorker.java","5817","51764","57581"
"2014-02-05","ReplicationWorker.java","6786","54980","61766"
"2013-10-02","ReplicationWorker.java","4644","46646","51290"
"2015-04-21","ReplicationWorker.java","8205","73860","82065"
"2014-04-24","ReplicationWorker.java","7017","58346","65363"
"2015-04-21","NullStatsLogger.java","4074","25340","29414"
"2012-12-18","ReplicationWorker.java","3572","22226","25798"
"2013-01-03","ReplicationWorker.java","4885","24735","29620"
"2014-09-06","ReplicationWorker.java","10140","91204","101344"
"2013-12-06","ReplicationWorker.java","8587","73188","81775"
"2014-02-05","ReplicationWorker.java","9346","76194","85540"
"2013-10-02","ReplicationWorker.java","7529","68185","75714"
"2015-04-21","ReplicationWorker.java","10521","94830","105351"
"2014-04-24","ReplicationWorker.java","9473","79456","88929"
"2014-09-06","ReplicationWorker.java","6458","67672","74130"
"2013-12-06","ReplicationWorker.java","4436","49187","53623"
"2014-02-05","ReplicationWorker.java","5425","52423","57848"
"2013-10-02","ReplicationWorker.java","3230","44036","47266"
"2015-04-21","ReplicationWorker.java","6889","71348","78237"
"2014-04-24","ReplicationWorker.java","5685","55818","61503"
"2015-01-13","BookieShell.java","381","2226","2607"
"2014-01-15","InterleavedLedgerStorage.java","112","456","568"
"2015-04-21","InterleavedLedgerStorage.java","4087","24118","28205"
"2014-01-21","InterleavedLedgerStorage.java","568","2457","3025"
"2015-04-21","InterleavedLedgerStorage.java","4061","23921","27982"
"2012-07-23","PerChannelBookieClient.java","12759","44641","57400"
"2014-02-21","PerChannelBookieClient.java","18808","143512","162320"
"2014-01-21","PerChannelBookieClient.java","18492","141230","159722"
"2014-07-25","PerChannelBookieClient.java","19169","154290","173459"
"2014-05-27","PerChannelBookieClient.java","18844","147100","165944"
"2013-06-28","PerChannelBookieClient.java","18229","134105","152334"
"2011-11-18","PerChannelBookieClient.java","717","2005","2722"
"2013-10-29","PerChannelBookieClient.java","18433","137608","156041"
"2013-01-10","PerChannelBookieClient.java","16940","95120","112060"
"2012-05-17","PerChannelBookieClient.java","10849","30806","41655"
"2012-08-13","PerChannelBookieClient.java","13148","50925","64073"
"2014-02-05","PerChannelBookieClient.java","18772","142313","161085"
"2014-01-09","PerChannelBookieClient.java","18441","139747","158188"
"2013-10-22","PerChannelBookieClient.java","18368","136752","155120"
"2012-02-24","PerChannelBookieClient.java","2381","12825","15206"
"2012-04-02","PerChannelBookieClient.java","10040","27476","37516"
"2012-12-01","PerChannelBookieClient.java","16168","87037","103205"
"2013-08-20","PerChannelBookieClient.java","18262","135313","153575"
"2012-05-10","PerChannelBookieClient.java","10664","29913","40577"
"2012-02-01","PerChannelBookieClient.java","1878","7557","9435"
"2012-05-26","PerChannelBookieClient.java","10983","31541","42524"
"2013-09-11","PerChannelBookieClient.java","18282","135620","153902"
"2015-10-06","PerChannelBookieClient.java","19285","161478","180763"
"2014-07-25","PerChannelBookieClient.java","1139","8004","9143"
"2015-10-06","PerChannelBookieClient.java","3432","17369","20801"
"2013-10-14","BenchBookie.java","14162","113286","127448"
"2014-02-05","BenchBookie.java","14805","119164","133969"
"2015-10-06","BenchBookie.java","15890","138901","154791"
"2015-07-10","ZooWorker.java","1878","6218","8096"
"2014-05-09","ServerConfiguration.java","2849","12272","15121"
"2014-03-12","ServerConfiguration.java","2716","10988","13704"
"2014-01-22","ServerConfiguration.java","1456","6591","8047"
"2014-04-29","ServerConfiguration.java","2831","11613","14444"
"2013-12-02","ServerConfiguration.java","761","3631","4392"
"2014-03-07","ServerConfiguration.java","2585","9055","11640"
"2015-04-21","ServerConfiguration.java","4657","27558","32215"
"2014-09-18","ServerConfiguration.java","4140","23628","27768"
"2014-01-21","ServerConfiguration.java","1145","5265","6410"
"2014-01-15","ServerConfiguration.java","867","4081","4948"
"2014-05-06","ServerConfiguration.java","2834","11663","14497"
"2014-05-15","ServerConfiguration.java","2854","12597","15451"
"2015-01-12","ServerConfiguration.java","4591","26113","30704"
"2015-01-16","ServerConfiguration.java","4594","27054","31648"
"2013-10-22","ServerConfiguration.java","244","617","861"
"2015-04-21","ServerConfiguration.java","4667","27601","32268"
"2013-08-13","LedgerMetadataImpl.java","943","7595","8538"
"2013-04-26","LedgerMetadataImpl.java","135","498","633"
"2012-06-19","LedgerLayout.java","10996","29863","40859"
"2012-09-07","LedgerLayout.java","13543","60834","74377"
"2012-09-14","LedgerLayout.java","13866","61818","75684"
"2014-02-21","PerChannelBookieClient.java","3598","12426","16024"
"2014-01-21","PerChannelBookieClient.java","2340","9202","11542"
"2014-07-25","PerChannelBookieClient.java","4603","23848","28451"
"2014-05-27","PerChannelBookieClient.java","3888","16268","20156"
"2013-10-29","PerChannelBookieClient.java","1893","5192","7085"
"2014-02-05","PerChannelBookieClient.java","3424","11089","14513"
"2014-01-09","PerChannelBookieClient.java","1951","7381","9332"
"2013-10-22","PerChannelBookieClient.java","1591","4099","5690"
"2013-08-20","PerChannelBookieClient.java","250","1425","1675"
"2013-09-11","PerChannelBookieClient.java","414","1876","2290"
"2015-10-06","PerChannelBookieClient.java","6202","32519","38721"
"2013-08-13","LedgerMetadataImpl.java","18856","138164","157020"
"2013-03-25","LedgerMetadataImpl.java","18737","131393","150130"
"2013-04-26","LedgerMetadataImpl.java","18736","131755","150491"
"2012-06-27","LedgerMetadataImpl.java","12821","43266","56087"
"2012-09-12","LedgerMetadataImpl.java","14547","68736","83283"
"2012-07-18","LedgerMetadataImpl.java","13966","48121","62087"
"2012-01-17","LedgerMetadataImpl.java","4405","12129","16534"
"2012-07-23","PerChannelBookieClient.java","13977","48197","62174"
"2014-02-21","PerChannelBookieClient.java","19190","146232","165422"
"2014-01-21","PerChannelBookieClient.java","19000","144076","163076"
"2014-07-25","PerChannelBookieClient.java","19397","156856","176253"
"2011-11-17","PerChannelBookieClient.java","2950","5288","8238"
"2014-05-27","PerChannelBookieClient.java","19217","149811","169028"
"2013-06-28","PerChannelBookieClient.java","18831","137045","155876"
"2011-11-18","PerChannelBookieClient.java","3574","7200","10774"
"2013-10-29","PerChannelBookieClient.java","18979","140492","159471"
"2013-01-10","PerChannelBookieClient.java","17741","98259","116000"
"2012-05-17","PerChannelBookieClient.java","12426","34721","47147"
"2012-08-13","PerChannelBookieClient.java","14328","54443","68771"
"2014-02-05","PerChannelBookieClient.java","19158","145037","164195"
"2014-01-09","PerChannelBookieClient.java","18986","142630","161616"
"2013-10-22","PerChannelBookieClient.java","18916","139638","158554"
"2012-02-24","PerChannelBookieClient.java","4737","17519","22256"
"2012-04-02","PerChannelBookieClient.java","11798","31572","43370"
"2012-12-01","PerChannelBookieClient.java","17074","90281","107355"
"2013-08-20","PerChannelBookieClient.java","18859","138248","157107"
"2012-05-10","PerChannelBookieClient.java","12241","33828","46069"
"2012-02-01","PerChannelBookieClient.java","4415","12432","16847"
"2012-05-26","PerChannelBookieClient.java","12557","35453","48010"
"2013-09-11","PerChannelBookieClient.java","18866","138542","157408"
"2015-10-06","PerChannelBookieClient.java","19467","163998","183465"
"2011-10-27","PerChannelBookieClient.java","128","576","704"
"2011-11-16","PerChannelBookieClient.java","2716","4411","7127"
"2013-10-12","ServerConfiguration.java","1526","4231","5757"
"2014-05-09","ServerConfiguration.java","3837","15965","19802"
"2014-03-12","ServerConfiguration.java","3723","14700","18423"
"2014-01-22","ServerConfiguration.java","2594","10434","13028"
"2014-04-29","ServerConfiguration.java","3819","15306","19125"
"2013-12-02","ServerConfiguration.java","1956","7531","9487"
"2014-03-07","ServerConfiguration.java","3637","12812","16449"
"2015-04-21","ServerConfiguration.java","5527","31133","36660"
"2014-09-18","ServerConfiguration.java","5069","27262","32331"
"2014-01-21","ServerConfiguration.java","2302","9127","11429"
"2014-01-15","ServerConfiguration.java","2036","7955","9991"
"2014-05-06","ServerConfiguration.java","3822","15356","19178"
"2014-05-15","ServerConfiguration.java","3842","16290","20132"
"2015-01-12","ServerConfiguration.java","5466","29693","35159"
"2015-01-16","ServerConfiguration.java","5470","30635","36105"
"2013-10-22","ServerConfiguration.java","1756","4834","6590"
"2015-04-21","ServerConfiguration.java","5537","31176","36713"
"2011-11-18","BookieFailureTest.java","2545","5696","8241"
"2012-02-13","BookieFailureTest.java","3724","15252","18976"
"2012-08-13","BookieFailureTest.java","13701","53341","67042"
"2014-07-24","BookieFailureTest.java","19054","150216","169270"
"2012-06-19","BookieFailureTest.java","11948","36710","48658"
"2012-12-20","BookieFailureTest.java","16886","94394","111280"
"2013-08-13","LedgerMetadataImpl.java","834","7123","7957"
"2013-10-12","ServerConfiguration.java","5793","52406","58199"
"2013-06-15","ServerConfiguration.java","4640","48548","53188"
"2014-05-09","ServerConfiguration.java","7200","63236","70436"
"2014-03-12","ServerConfiguration.java","7146","62031","69177"
"2014-01-22","ServerConfiguration.java","6412","58160","64572"
"2014-04-29","ServerConfiguration.java","7186","62581","69767"
"2013-02-08","ServerConfiguration.java","2904","40764","43668"
"2013-12-02","ServerConfiguration.java","6019","55502","61521"
"2014-03-07","ServerConfiguration.java","7076","60159","67235"
"2015-04-21","ServerConfiguration.java","8296","77810","86106"
"2014-09-18","ServerConfiguration.java","7882","73983","81865"
"2014-01-21","ServerConfiguration.java","6131","56864","62995"
"2013-02-19","ServerConfiguration.java","3792","41605","45397"
"2014-01-15","ServerConfiguration.java","6099","55926","62025"
"2013-01-04","ServerConfiguration.java","1990","7689","9679"
"2013-02-19","ServerConfiguration.java","3786","41580","45366"
"2013-01-14","ServerConfiguration.java","2675","9822","12497"
"2014-05-06","ServerConfiguration.java","7186","62628","69814"
"2014-05-15","ServerConfiguration.java","7203","63559","70762"
"2015-01-12","ServerConfiguration.java","8248","76383","84631"
"2015-01-16","ServerConfiguration.java","8250","77323","85573"
"2013-10-22","ServerConfiguration.java","5902","52888","58790"
"2015-04-21","ServerConfiguration.java","8292","77839","86131"
"2012-07-23","PerChannelBookieClient.java","12315","42909","55224"
"2014-02-21","PerChannelBookieClient.java","18731","142147","160878"
"2014-01-21","PerChannelBookieClient.java","18410","139860","158270"
"2014-07-25","PerChannelBookieClient.java","19101","152934","172035"
"2014-05-27","PerChannelBookieClient.java","18770","145738","164508"
"2013-06-28","PerChannelBookieClient.java","18127","132715","150842"
"2013-10-29","PerChannelBookieClient.java","18349","136236","154585"
"2013-01-10","PerChannelBookieClient.java","16822","93714","110536"
"2012-05-17","PerChannelBookieClient.java","10373","29042","39415"
"2012-08-13","PerChannelBookieClient.java","12715","49204","61919"
"2014-02-05","PerChannelBookieClient.java","18694","140947","159641"
"2014-01-09","PerChannelBookieClient.java","18357","138375","156732"
"2013-10-22","PerChannelBookieClient.java","18278","135374","153652"
"2012-02-24","PerChannelBookieClient.java","1764","10920","12684"
"2012-04-02","PerChannelBookieClient.java","9557","25705","35262"
"2012-12-01","PerChannelBookieClient.java","16042","85623","101665"
"2013-08-20","PerChannelBookieClient.java","18161","133924","152085"
"2012-05-10","PerChannelBookieClient.java","10188","28149","38337"
"2012-02-01","PerChannelBookieClient.java","1240","5631","6871"
"2012-05-26","PerChannelBookieClient.java","10528","29798","40326"
"2013-09-11","PerChannelBookieClient.java","18181","134231","152412"
"2015-10-06","PerChannelBookieClient.java","19214","160119","179333"
"2013-08-13","LedgerMetadataImpl.java","11051","99914","110965"
"2013-03-25","LedgerMetadataImpl.java","10596","92807","103403"
"2013-04-26","LedgerMetadataImpl.java","10629","93203","103832"
"2012-09-12","LedgerMetadataImpl.java","3525","27269","30794"
"2012-07-18","LedgerMetadataImpl.java","1835","5545","7380"
"2013-08-13","LedgerMetadataImpl.java","9246","74365","83611"
"2013-03-25","LedgerMetadataImpl.java","8732","67199","75931"
"2013-04-26","LedgerMetadataImpl.java","8778","67608","76386"
"2014-02-21","PerChannelBookieClient.java","1893","7422","9315"
"2014-01-21","PerChannelBookieClient.java","551","4114","4665"
"2014-07-25","PerChannelBookieClient.java","3085","19031","22116"
"2014-05-27","PerChannelBookieClient.java","2318","11399","13717"
"2014-02-05","PerChannelBookieClient.java","1712","6078","7790"
"2014-01-09","PerChannelBookieClient.java","150","2281","2431"
"2015-10-06","PerChannelBookieClient.java","4815","27833","32648"
"2015-04-21","ServerConfiguration.java","2761","16239","19000"
"2014-09-18","ServerConfiguration.java","1975","12040","14015"
"2014-05-15","ServerConfiguration.java","16","336","352"
"2015-01-12","ServerConfiguration.java","2618","14717","17335"
"2015-01-16","ServerConfiguration.java","2626","15663","18289"
"2015-04-21","ServerConfiguration.java","2774","16285","19059"
"2014-05-09","ServerConfiguration.java","136","1287","1423"
"2014-04-29","ServerConfiguration.java","117","627","744"
"2015-04-21","ServerConfiguration.java","2801","17430","20231"
"2014-09-18","ServerConfiguration.java","2047","13263","15310"
"2014-05-06","ServerConfiguration.java","120","677","797"
"2014-05-15","ServerConfiguration.java","149","1620","1769"
"2015-01-12","ServerConfiguration.java","2658","15908","18566"
"2015-01-16","ServerConfiguration.java","2666","16854","19520"
"2015-04-21","ServerConfiguration.java","2814","17476","20290"
"2013-08-13","LedgerMetadataImpl.java","9568","94721","104289"
"2013-03-25","LedgerMetadataImpl.java","9112","87613","96725"
"2013-04-26","LedgerMetadataImpl.java","9145","88009","97154"
"2012-09-12","LedgerMetadataImpl.java","1877","21911","23788"
"2012-08-31","BookieLedgerIndexTest.java","435","3448","3883"
"2013-10-14","BookieLedgerIndexTest.java","10088","83001","93089"
"2012-12-12","BookieLedgerIndexTest.java","5378","32423","37801"
"2013-01-09","IndexCorruptionTest.java","17702","85010","102712"
"2012-03-15","IndexCorruptionTest.java","7409","12126","19535"
"2013-05-09","IndexCorruptionTest.java","18984","119742","138726"
"2013-01-09","IndexCorruptionTest.java","17734","85239","102973"
"2014-04-24","BookKeeperAdmin.java","222","2194","2416"
"2014-09-06","BookKeeperAdmin.java","1995","14916","16911"
"2014-12-06","BookKeeperAdmin.java","2468","16526","18994"
"2013-08-13","LedgerMetadataImpl.java","18526","130110","148636"
"2013-03-25","LedgerMetadataImpl.java","18281","123213","141494"
"2013-04-26","LedgerMetadataImpl.java","18282","123577","141859"
"2012-06-27","LedgerMetadataImpl.java","10603","33324","43927"
"2012-09-12","LedgerMetadataImpl.java","13070","59535","72605"
"2012-07-18","LedgerMetadataImpl.java","12130","38561","50691"
"2012-09-07","LedgerLayout.java","4844","33268","38112"
"2012-09-14","LedgerLayout.java","5284","34369","39653"
"2015-04-21","InterleavedLedgerStorage.java","3996","22138","26134"
"2015-04-21","InterleavedLedgerStorage.java","3959","21930","25889"
"2014-02-05","TestSpeculativeRead.java","5802","53576","59378"
"2014-07-24","TestSpeculativeRead.java","6571","60103","66674"
"2013-10-29","TestSpeculativeRead.java","4793","48201","52994"
"2012-12-12","BookieRecoveryTest.java","1397","2449","3846"
"2014-02-05","BookieRecoveryTest.java","8222","60377","68599"
"2014-07-24","BookieRecoveryTest.java","8825","66738","75563"
"2012-12-10","BookieRecoveryTest.java","1349","1351","2700"
"2013-08-13","BookieRecoveryTest.java","6078","51659","57737"
"2014-02-21","PerChannelBookieClient.java","5362","51886","57248"
"2014-01-21","PerChannelBookieClient.java","4327","48885","53212"
"2014-07-25","PerChannelBookieClient.java","6210","63151","69361"
"2014-05-27","PerChannelBookieClient.java","5611","55687","61298"
"2013-06-28","PerChannelBookieClient.java","2534","40230","42764"
"2013-10-29","PerChannelBookieClient.java","4121","45116","49237"
"2014-02-05","PerChannelBookieClient.java","5201","50562","55763"
"2014-01-09","PerChannelBookieClient.java","4169","47295","51464"
"2013-10-22","PerChannelBookieClient.java","3901","44105","48006"
"2013-08-20","PerChannelBookieClient.java","2664","41535","44199"
"2013-09-11","PerChannelBookieClient.java","2816","41974","44790"
"2015-10-06","PerChannelBookieClient.java","7374","71387","78761"
"2012-07-23","PerChannelBookieClient.java","4511","16436","20947"
"2014-02-21","PerChannelBookieClient.java","14636","119383","134019"
"2014-01-21","PerChannelBookieClient.java","14178","116959","131137"
"2014-07-25","PerChannelBookieClient.java","15116","130280","145396"
"2014-05-27","PerChannelBookieClient.java","14726","123025","137751"
"2013-06-28","PerChannelBookieClient.java","13051","108970","122021"
"2013-10-29","PerChannelBookieClient.java","14072","113290","127362"
"2013-01-10","PerChannelBookieClient.java","11363","69586","80949"
"2012-08-13","PerChannelBookieClient.java","5021","22841","27862"
"2014-02-05","PerChannelBookieClient.java","14569","118153","132722"
"2014-01-09","PerChannelBookieClient.java","14082","115431","129513"
"2013-10-22","PerChannelBookieClient.java","13939","112366","126305"
"2012-12-01","PerChannelBookieClient.java","9524","60436","69960"
"2013-08-20","PerChannelBookieClient.java","13103","110197","123300"
"2012-05-26","PerChannelBookieClient.java","263","864","1127"
"2013-09-11","PerChannelBookieClient.java","13144","110525","123669"
"2015-10-06","PerChannelBookieClient.java","15660","137896","153556"
"2013-05-09","IndexCorruptionTest.java","2335","35785","38120"
"2014-02-21","PerChannelBookieClient.java","10969","97896","108865"
"2014-01-21","PerChannelBookieClient.java","10405","95366","105771"
"2014-07-25","PerChannelBookieClient.java","11484","108828","120312"
"2014-05-27","PerChannelBookieClient.java","11077","101556","112633"
"2013-06-28","PerChannelBookieClient.java","9155","87254","96409"
"2013-10-29","PerChannelBookieClient.java","10282","91680","101962"
"2013-01-10","PerChannelBookieClient.java","7372","47775","55147"
"2014-02-05","PerChannelBookieClient.java","10878","96642","107520"
"2014-01-09","PerChannelBookieClient.java","10300","93829","104129"
"2013-10-22","PerChannelBookieClient.java","10123","90730","100853"
"2012-12-01","PerChannelBookieClient.java","5248","38340","43588"
"2013-08-20","PerChannelBookieClient.java","9216","88490","97706"
"2013-09-11","PerChannelBookieClient.java","9263","88824","98087"
"2015-10-06","PerChannelBookieClient.java","12202","116618","128820"
"2013-01-09","IndexCorruptionTest.java","12663","75254","87917"
"2013-05-09","IndexCorruptionTest.java","13970","110011","123981"
"2013-01-09","IndexCorruptionTest.java","12695","75483","88178"
"2014-05-09","ServerConfiguration.java","1434","5722","7156"
"2014-03-12","ServerConfiguration.java","1301","4438","5739"
"2014-04-29","ServerConfiguration.java","1416","5063","6479"
"2014-03-07","ServerConfiguration.java","1168","2503","3671"
"2015-04-21","ServerConfiguration.java","3842","21608","25450"
"2014-09-18","ServerConfiguration.java","3225","17578","20803"
"2014-05-06","ServerConfiguration.java","1419","5113","6532"
"2014-05-15","ServerConfiguration.java","1447","6055","7502"
"2015-01-12","ServerConfiguration.java","3703","20090","23793"
"2015-01-16","ServerConfiguration.java","3711","21036","24747"
"2015-04-21","ServerConfiguration.java","3854","21653","25507"
"2012-09-14","LedgerLayout.java","623","1284","1907"
"2013-10-14","BookieLedgerIndexTest.java","10379","80279","90658"
"2012-12-12","BookieLedgerIndexTest.java","5375","29407","34782"
"2012-05-10","BookKeeperAdmin.java","1071","3022","4093"
"2014-02-21","BookKeeperAdmin.java","15181","122587","137768"
"2012-10-05","BookKeeperAdmin.java","9262","48890","58152"
"2012-11-30","BookKeeperAdmin.java","10453","63858","74311"
"2012-09-03","BookKeeperAdmin.java","6888","39447","46335"
"2013-05-10","BookKeeperAdmin.java","13500","107570","121070"
"2014-04-24","BookKeeperAdmin.java","15192","124570","139762"
"2012-08-19","BookKeeperAdmin.java","6668","33368","40036"
"2012-09-07","BookKeeperAdmin.java","6965","40990","47955"
"2013-02-08","BookKeeperAdmin.java","12399","104620","117019"
"2014-02-05","BookKeeperAdmin.java","15124","121367","136491"
"2014-09-06","BookKeeperAdmin.java","15660","135987","151647"
"2012-08-24","BookKeeperAdmin.java","6670","34262","40932"
"2014-12-06","BookKeeperAdmin.java","15735","137199","152934"
"2013-02-26","BookKeeperAdmin.java","13216","105465","118681"
"2013-08-21","BookKeeperAdmin.java","13723","113668","127391"
"2012-07-18","BookKeeperAdmin.java","5526","20042","25568"
"2015-04-21","LedgerOpenOp.java","19430","162773","182203"
"2011-10-27","LedgerOpenOp.java","1182","1712","2894"
"2014-01-21","LedgerOpenOp.java","19001","144080","163081"
"2011-11-17","LedgerOpenOp.java","2969","5310","8279"
"2012-07-18","LedgerOpenOp.java","13966","48121","62087"
"2011-11-16","LedgerOpenOp.java","2735","4433","7168"
"2012-06-19","LedgerOpenOp.java","12679","37919","50598"
"2011-11-18","LedgerOpenOp.java","3592","7221","10813"
"2014-02-21","LedgerOpenOp.java","19192","146237","165429"
"2015-10-06","LedgerOpenOp.java","19469","164003","183472"
"2014-12-10","ConcurrentLedgerTest.java","4587","25242","29829"
"2014-02-05","ConcurrentLedgerTest.java","2368","7637","10005"
"2013-10-14","BenchReadThroughputLatency.java","19589","124978","144567"
"2012-05-09","BenchReadThroughputLatency.java","9134","15399","24533"
"2013-10-29","BenchReadThroughputLatency.java","19717","125975","145692"
"2013-02-08","BenchReadThroughputLatency.java","18130","114732","132862"
"2014-01-15","InterleavedLedgerStorage.java","1618","5755","7373"
"2013-12-02","InterleavedLedgerStorage.java","1529","5322","6851"
"2015-04-21","InterleavedLedgerStorage.java","5284","29108","34392"
"2014-01-21","InterleavedLedgerStorage.java","2041","7723","9764"
"2015-04-21","InterleavedLedgerStorage.java","5264","28917","34181"
"2014-12-10","ConcurrentLedgerTest.java","19200","158127","177327"
"2013-10-12","ConcurrentLedgerTest.java","18328","136600","154928"
"2011-11-28","ConcurrentLedgerTest.java","1137","5169","6306"
"2011-11-18","ConcurrentLedgerTest.java","717","2005","2722"
"2012-02-15","ConcurrentLedgerTest.java","2238","11915","14153"
"2012-03-08","ConcurrentLedgerTest.java","2557","14116","16673"
"2014-02-05","ConcurrentLedgerTest.java","18772","142313","161085"
"2014-01-15","InterleavedLedgerStorage.java","14566","117513","132079"
"2013-05-04","InterleavedLedgerStorage.java","13338","105837","119175"
"2012-12-24","InterleavedLedgerStorage.java","10970","68176","79146"
"2012-10-18","InterleavedLedgerStorage.java","9546","51098","60644"
"2013-12-02","InterleavedLedgerStorage.java","14547","117150","131697"
"2015-04-21","InterleavedLedgerStorage.java","15868","138502","154370"
"2014-01-21","InterleavedLedgerStorage.java","14659","119151","133810"
"2013-10-02","InterleavedLedgerStorage.java","13624","112434","126058"
"2012-12-18","InterleavedLedgerStorage.java","10585","67683","78268"
"2012-05-25","InterleavedLedgerStorage.java","890","2854","3744"
"2015-04-21","InterleavedLedgerStorage.java","15857","138320","154177"
"2012-05-09","InterleavedLedgerStorage.java","63","487","550"
"2015-10-06","LedgerOpenOp.java","1056","2247","3303"
"2014-12-10","ConcurrentLedgerTest.java","16175","163808","179983"
"2013-10-12","ConcurrentLedgerTest.java","15717","142695","158412"
"2011-11-17","ConcurrentLedgerTest.java","7104","15810","22914"
"2011-09-05","ConcurrentLedgerTest.java","4728","11093","15821"
"2011-11-28","ConcurrentLedgerTest.java","7878","20616","28494"
"2011-11-18","ConcurrentLedgerTest.java","7652","17646","25298"
"2012-02-15","ConcurrentLedgerTest.java","8487","26870","35357"
"2012-03-08","ConcurrentLedgerTest.java","8724","28989","37713"
"2014-02-05","ConcurrentLedgerTest.java","15926","148173","164099"
"2015-04-21","LedgerOpenOp.java","19263","162076","181339"
"2014-01-21","LedgerOpenOp.java","18675","143224","161899"
"2011-11-17","LedgerOpenOp.java","1915","3726","5641"
"2012-07-18","LedgerOpenOp.java","13327","46952","60279"
"2011-11-16","LedgerOpenOp.java","1673","2841","4514"
"2012-06-19","LedgerOpenOp.java","11963","36673","48636"
"2011-11-18","LedgerOpenOp.java","2557","5656","8213"
"2014-02-21","LedgerOpenOp.java","18910","145425","164335"
"2015-10-06","LedgerOpenOp.java","19301","163305","182606"
"2015-04-21","LedgerOpenOp.java","4052","22316","26368"
"2014-02-21","LedgerOpenOp.java","1382","3348","4730"
"2015-10-06","LedgerOpenOp.java","4836","24291","29127"
"2015-04-21","LedgerOpenOp.java","19208","160210","179418"
"2014-01-21","LedgerOpenOp.java","18492","141230","159722"
"2012-07-18","LedgerOpenOp.java","12729","44543","57272"
"2012-06-19","LedgerOpenOp.java","11183","34082","45265"
"2011-11-18","LedgerOpenOp.java","717","2005","2722"
"2014-02-21","LedgerOpenOp.java","18808","143512","162320"
"2015-10-06","LedgerOpenOp.java","19285","161478","180763"
"2012-12-04","BookieRecoveryTest.java","5784","45356","51140"
"2012-12-12","BookieRecoveryTest.java","5924","46548","52472"
"2014-02-05","BookieRecoveryTest.java","11220","102947","114167"
"2014-07-24","BookieRecoveryTest.java","11656","109141","120797"
"2012-12-10","BookieRecoveryTest.java","5890","45464","51354"
"2013-08-13","BookieRecoveryTest.java","9568","94721","104289"
"2012-09-12","BookieRecoveryTest.java","1877","21911","23788"
"2014-01-15","InterleavedLedgerStorage.java","5965","51814","57779"
"2013-05-04","InterleavedLedgerStorage.java","4140","39541","43681"
"2012-12-24","InterleavedLedgerStorage.java","796","904","1700"
"2013-12-02","InterleavedLedgerStorage.java","5885","51390","57275"
"2015-04-21","InterleavedLedgerStorage.java","8310","73846","82156"
"2014-01-21","InterleavedLedgerStorage.java","6154","53548","59702"
"2013-10-02","InterleavedLedgerStorage.java","4706","46418","51124"
"2015-04-21","InterleavedLedgerStorage.java","8290","73655","81945"
"2014-09-09","TestTryReadLastConfirmed.java","1653","10773","12426"
"2011-09-05","LedgerOpenOp.java","4901","10804","15705"
"2015-04-21","LedgerOpenOp.java","16502","165748","182250"
"2011-10-27","LedgerOpenOp.java","5858","12291","18149"
"2014-01-21","LedgerOpenOp.java","16129","147111","163240"
"2011-11-17","LedgerOpenOp.java","7296","15540","22836"
"2012-07-18","LedgerOpenOp.java","11509","51567","63076"
"2011-11-16","LedgerOpenOp.java","7085","14686","21771"
"2012-06-19","LedgerOpenOp.java","10388","41531","51919"
"2011-11-18","LedgerOpenOp.java","7844","17376","25220"
"2014-02-21","LedgerOpenOp.java","16289","149237","165526"
"2015-10-06","LedgerOpenOp.java","16538","166975","183513"
"2013-05-09","IndexCorruptionTest.java","2300","35553","37853"
"2012-07-23","PerChannelBookieClient.java","13991","48214","62205"
"2014-02-21","PerChannelBookieClient.java","19192","146237","165429"
"2014-01-21","PerChannelBookieClient.java","19001","144080","163081"
"2014-07-25","PerChannelBookieClient.java","19399","156861","176260"
"2011-11-17","PerChannelBookieClient.java","2969","5310","8279"
"2014-05-27","PerChannelBookieClient.java","19218","149815","169033"
"2013-06-28","PerChannelBookieClient.java","18833","137050","155883"
"2011-09-16","PerChannelBookieClient.java","19","22","41"
"2011-11-18","PerChannelBookieClient.java","3592","7221","10813"
"2013-10-29","PerChannelBookieClient.java","18980","140496","159476"
"2013-01-10","PerChannelBookieClient.java","17744","98265","116009"
"2012-05-17","PerChannelBookieClient.java","12440","34738","47178"
"2012-08-13","PerChannelBookieClient.java","14333","54451","68784"
"2014-02-05","PerChannelBookieClient.java","19159","145041","164200"
"2014-01-09","PerChannelBookieClient.java","18987","142634","161621"
"2013-10-22","PerChannelBookieClient.java","18918","139643","158561"
"2012-02-24","PerChannelBookieClient.java","4753","17538","22291"
"2012-04-02","PerChannelBookieClient.java","11814","31591","43405"
"2012-12-01","PerChannelBookieClient.java","17079","90289","107368"
"2013-08-20","PerChannelBookieClient.java","18861","138253","157114"
"2012-05-10","PerChannelBookieClient.java","12253","33843","46096"
"2012-02-01","PerChannelBookieClient.java","4431","12451","16882"
"2012-05-26","PerChannelBookieClient.java","12571","35470","48041"
"2013-09-11","PerChannelBookieClient.java","18868","138547","157415"
"2015-10-06","PerChannelBookieClient.java","19469","164003","183472"
"2011-10-27","PerChannelBookieClient.java","147","598","745"
"2011-11-16","PerChannelBookieClient.java","2735","4433","7168"
"2014-02-21","PerChannelBookieClient.java","201","1364","1565"
"2014-07-25","PerChannelBookieClient.java","1736","13316","15052"
"2014-05-27","PerChannelBookieClient.java","695","5410","6105"
"2015-10-06","PerChannelBookieClient.java","3740","22392","26132"
"2014-12-10","ConcurrentLedgerTest.java","19422","160690","180112"
"2013-10-12","ConcurrentLedgerTest.java","18908","139521","158429"
"2011-11-17","ConcurrentLedgerTest.java","2969","5310","8279"
"2011-11-28","ConcurrentLedgerTest.java","3825","10198","14023"
"2011-11-18","ConcurrentLedgerTest.java","3592","7221","10813"
"2012-02-15","ConcurrentLedgerTest.java","4626","16644","21270"
"2012-03-08","ConcurrentLedgerTest.java","4913","18813","23726"
"2014-02-05","ConcurrentLedgerTest.java","19159","145041","164200"
"2015-04-21","LedgerOpenOp.java","12138","121326","133464"
"2014-01-21","LedgerOpenOp.java","10756","101680","112436"
"2014-02-21","LedgerOpenOp.java","11311","104201","115512"
"2015-10-06","LedgerOpenOp.java","12504","122883","135387"
"2013-10-12","ServerConfiguration.java","18232","134981","153213"
"2013-06-15","ServerConfiguration.java","18118","132162","150280"
"2012-12-11","ServerConfiguration.java","16197","86333","102530"
"2014-05-09","ServerConfiguration.java","18732","144904","163636"
"2014-03-12","ServerConfiguration.java","18732","143753","162485"
"2014-01-22","ServerConfiguration.java","18484","140368","158852"
"2012-03-29","ServerConfiguration.java","9475","24412","33887"
"2012-02-24","ServerConfiguration.java","1686","10597","12283"
"2014-04-29","ServerConfiguration.java","18732","144263","162995"
"2012-02-15","ServerConfiguration.java","1593","9732","11325"
"2013-02-08","ServerConfiguration.java","16971","124967","141938"
"2013-12-02","ServerConfiguration.java","18345","137964","156309"
"2014-03-07","ServerConfiguration.java","18725","141944","160669"
"2012-02-01","ServerConfiguration.java","1218","7162","8380"
"2012-03-08","ServerConfiguration.java","1880","11872","13752"
"2015-04-21","ServerConfiguration.java","19132","158782","177914"
"2012-09-12","ServerConfiguration.java","13166","63685","76851"
"2012-11-30","ServerConfiguration.java","16027","85207","101234"
"2012-10-18","ServerConfiguration.java","15786","74354","90140"
"2014-09-18","ServerConfiguration.java","19102","155339","174441"
"2014-01-21","ServerConfiguration.java","18363","139232","157595"
"2013-02-19","ServerConfiguration.java","17723","125672","143395"
"2014-01-15","ServerConfiguration.java","18350","138313","156663"
"2013-01-04","ServerConfiguration.java","16657","92492","109149"
"2013-02-19","ServerConfiguration.java","17723","125653","143376"
"2013-01-14","ServerConfiguration.java","16852","94135","110987"
"2014-05-06","ServerConfiguration.java","18732","144310","163042"
"2014-05-15","ServerConfiguration.java","18732","145224","163956"
"2015-01-12","ServerConfiguration.java","19123","157394","176517"
"2015-01-16","ServerConfiguration.java","19123","158332","177455"
"2013-10-22","ServerConfiguration.java","18273","135395","153668"
"2015-04-21","ServerConfiguration.java","19133","158816","177949"
"2014-12-10","ConcurrentLedgerTest.java","19992","154887","174879"
"2013-10-12","ConcurrentLedgerTest.java","19036","133276","152312"
"2012-02-15","ConcurrentLedgerTest.java","1228","6873","8101"
"2012-03-08","ConcurrentLedgerTest.java","1646","9173","10819"
"2014-02-05","ConcurrentLedgerTest.java","19520","139029","158549"
"2013-10-29","BenchReadThroughputLatency.java","662","1531","2193"
"2014-02-21","PerChannelBookieClient.java","1770","5168","6938"
"2014-01-21","PerChannelBookieClient.java","420","1852","2272"
"2014-07-25","PerChannelBookieClient.java","2992","16807","19799"
"2014-05-27","PerChannelBookieClient.java","2216","9166","11382"
"2014-02-05","PerChannelBookieClient.java","1587","3822","5409"
"2015-10-06","PerChannelBookieClient.java","4770","25657","30427"
"2012-12-24","LedgerManager.java","17146","88859","106005"
"2013-04-04","LedgerManager.java","18700","125150","143850"
"2012-06-19","LedgerManager.java","10996","29863","40859"
"2015-09-15","LedgerManager.java","20183","158020","178203"
"2012-01-18","LedgerManager.java","829","2307","3136"
"2014-01-17","LedgerManager.java","19187","136997","156184"
"2015-04-21","LedgerOpenOp.java","18923","160568","179491"
"2014-01-21","LedgerOpenOp.java","18235","141616","159851"
"2011-11-17","LedgerOpenOp.java","254","897","1151"
"2012-07-18","LedgerOpenOp.java","12586","45043","57629"
"2012-06-19","LedgerOpenOp.java","11045","34587","45632"
"2011-11-18","LedgerOpenOp.java","939","2870","3809"
"2014-02-21","LedgerOpenOp.java","18534","143881","162415"
"2015-10-06","LedgerOpenOp.java","18962","161798","180760"
"2014-02-21","PerChannelBookieClient.java","2435","8755","11190"
"2014-01-21","PerChannelBookieClient.java","1106","5460","6566"
"2014-07-25","PerChannelBookieClient.java","3570","20307","23877"
"2014-05-27","PerChannelBookieClient.java","2807","12679","15486"
"2013-10-29","PerChannelBookieClient.java","624","1415","2039"
"2014-02-05","PerChannelBookieClient.java","2255","7412","9667"
"2014-01-09","PerChannelBookieClient.java","703","3625","4328"
"2015-10-06","PerChannelBookieClient.java","5274","29083","34357"
"2012-12-24","StringUtils.java","17351","95437","112788"
"2012-08-13","BookieFailureTest.java","12600","40712","53312"
"2014-07-24","BookieFailureTest.java","19972","139606","159578"
"2012-06-19","BookieFailureTest.java","10425","23659","34084"
"2012-12-20","BookieFailureTest.java","16896","82876","99772"
"2014-12-10","ConcurrentLedgerTest.java","19127","156766","175893"
"2013-10-12","ConcurrentLedgerTest.java","18238","135222","153460"
"2011-11-28","ConcurrentLedgerTest.java","482","3226","3708"
"2012-02-15","ConcurrentLedgerTest.java","1618","10007","11625"
"2012-03-08","ConcurrentLedgerTest.java","1949","12220","14169"
"2014-02-05","ConcurrentLedgerTest.java","18694","140947","159641"
"2012-07-23","PerChannelBookieClient.java","12183","33621","45804"
"2014-02-21","PerChannelBookieClient.java","19871","134131","154002"
"2014-01-21","PerChannelBookieClient.java","19516","131810","151326"
"2014-07-25","PerChannelBookieClient.java","20315","144992","165307"
"2014-05-27","PerChannelBookieClient.java","19941","137753","157694"
"2013-06-28","PerChannelBookieClient.java","19100","124532","143632"
"2013-10-29","PerChannelBookieClient.java","19427","128158","147585"
"2013-01-10","PerChannelBookieClient.java","17716","85452","103168"
"2012-05-17","PerChannelBookieClient.java","9446","18959","28405"
"2012-08-13","PerChannelBookieClient.java","12604","39937","52541"
"2014-02-05","PerChannelBookieClient.java","19822","132919","152741"
"2014-01-09","PerChannelBookieClient.java","19436","130298","149734"
"2013-10-22","PerChannelBookieClient.java","19341","127281","146622"
"2012-04-02","PerChannelBookieClient.java","8501","15493","23994"
"2012-12-01","PerChannelBookieClient.java","16464","76889","93353"
"2013-08-20","PerChannelBookieClient.java","19144","125751","144895"
"2012-05-10","PerChannelBookieClient.java","9245","18050","27295"
"2012-05-26","PerChannelBookieClient.java","9687","19801","29488"
"2013-09-11","PerChannelBookieClient.java","19177","126071","145248"
"2015-10-06","PerChannelBookieClient.java","20642","152391","173033"
"2012-07-23","PerChannelBookieClient.java","5530","19976","25506"
"2014-02-21","PerChannelBookieClient.java","15209","122477","137686"
"2014-01-21","PerChannelBookieClient.java","14771","120073","134844"
"2014-07-25","PerChannelBookieClient.java","15674","133359","149033"
"2014-05-27","PerChannelBookieClient.java","15289","126109","141398"
"2013-06-28","PerChannelBookieClient.java","13680","112120","125800"
"2013-10-29","PerChannelBookieClient.java","14667","116406","131073"
"2013-01-10","PerChannelBookieClient.java","12157","72901","85058"
"2012-05-17","PerChannelBookieClient.java","1220","3741","4961"
"2012-08-13","PerChannelBookieClient.java","6032","26373","32405"
"2014-02-05","PerChannelBookieClient.java","15142","121247","136389"
"2014-01-09","PerChannelBookieClient.java","14676","118546","133222"
"2013-10-22","PerChannelBookieClient.java","14536","115484","130020"
"2012-12-01","PerChannelBookieClient.java","10404","63837","74241"
"2013-08-20","PerChannelBookieClient.java","13729","113344","127073"
"2012-05-10","PerChannelBookieClient.java","1019","2832","3851"
"2012-05-26","PerChannelBookieClient.java","1476","4598","6074"
"2013-09-11","PerChannelBookieClient.java","13768","113670","127438"
"2015-10-06","PerChannelBookieClient.java","16188","140945","157133"
"2014-12-10","ConcurrentLedgerTest.java","20198","149448","169646"
"2013-10-12","ConcurrentLedgerTest.java","19095","127690","146785"
"2012-03-08","ConcurrentLedgerTest.java","529","2411","2940"
"2014-02-05","ConcurrentLedgerTest.java","19626","133490","153116"
"2014-02-05","BookieRecoveryTest.java","7110","58213","65323"
"2014-07-24","BookieRecoveryTest.java","7769","64630","72399"
"2013-08-13","BookieRecoveryTest.java","4929","49458","54387"
"2013-10-14","BenchReadThroughputLatency.java","14162","113286","127448"
"2013-10-29","BenchReadThroughputLatency.java","14316","114309","128625"
"2013-02-08","BenchReadThroughputLatency.java","11847","102184","114031"
"2014-01-15","InterleavedLedgerStorage.java","14000","114983","128983"
"2013-05-04","InterleavedLedgerStorage.java","12756","103291","116047"
"2012-12-24","InterleavedLedgerStorage.java","10294","65536","75830"
"2012-10-18","InterleavedLedgerStorage.java","8847","48435","57282"
"2013-12-02","InterleavedLedgerStorage.java","13979","114618","128597"
"2015-04-21","InterleavedLedgerStorage.java","15343","136013","151356"
"2014-01-21","InterleavedLedgerStorage.java","14093","116621","130714"
"2013-10-02","InterleavedLedgerStorage.java","13048","109894","122942"
"2012-12-18","InterleavedLedgerStorage.java","9901","65035","74936"
"2015-04-21","InterleavedLedgerStorage.java","15327","135826","151153"
"2013-04-04","LedgerManager.java","3159","37896","41055"
"2015-09-15","LedgerManager.java","8247","74371","82618"
"2014-01-17","LedgerManager.java","5306","51403","56709"
"2015-09-15","LedgerManager.java","6053","37440","43493"
"2014-01-17","LedgerManager.java","2537","13897","16434"
"2014-12-10","ConcurrentLedgerTest.java","20582","147950","168532"
"2013-10-12","ConcurrentLedgerTest.java","19368","126081","145449"
"2014-02-05","ConcurrentLedgerTest.java","19957","131939","151896"
"2012-12-24","LedgerManager.java","9710","62556","72266"
"2013-04-04","LedgerManager.java","12029","99612","111641"
"2015-09-15","LedgerManager.java","15234","134204","149438"
"2014-01-17","LedgerManager.java","13555","112498","126053"
"2013-10-12","ServerConfiguration.java","14164","115976","130140"
"2013-06-15","ServerConfiguration.java","13381","112488","125869"
"2012-12-11","ServerConfiguration.java","10655","65854","76509"
"2014-05-09","ServerConfiguration.java","14915","126150","141065"
"2014-03-12","ServerConfiguration.java","14880","124964","139844"
"2014-01-22","ServerConfiguration.java","14556","121503","136059"
"2014-04-29","ServerConfiguration.java","14912","125506","140418"
"2013-02-08","ServerConfiguration.java","12170","105229","117399"
"2013-12-02","ServerConfiguration.java","14357","119039","133396"
"2014-03-07","ServerConfiguration.java","14869","123151","138020"
"2015-04-21","ServerConfiguration.java","15604","140317","155921"
"2012-09-12","ServerConfiguration.java","7034","42616","49650"
"2012-11-30","ServerConfiguration.java","10431","64674","75105"
"2012-10-18","ServerConfiguration.java","9876","53507","63383"
"2014-09-18","ServerConfiguration.java","15359","136659","152018"
"2014-01-21","ServerConfiguration.java","14401","120333","134734"
"2013-02-19","ServerConfiguration.java","12959","105971","118930"
"2014-01-15","ServerConfiguration.java","14374","119400","133774"
"2013-01-04","ServerConfiguration.java","11609","72507","84116"
"2013-02-19","ServerConfiguration.java","12959","105952","118911"
"2013-01-14","ServerConfiguration.java","12023","74369","86392"
"2014-05-06","ServerConfiguration.java","14912","125553","140465"
"2014-05-15","ServerConfiguration.java","14915","126470","141385"
"2015-01-12","ServerConfiguration.java","15580","138914","154494"
"2015-01-16","ServerConfiguration.java","15582","139854","155436"
"2013-10-22","ServerConfiguration.java","14245","116430","130675"
"2015-04-21","ServerConfiguration.java","15604","140350","155954"
"2012-05-10","BookKeeperAdmin.java","10538","30430","40968"
"2014-02-21","BookKeeperAdmin.java","18534","143881","162415"
"2012-03-31","BookKeeperAdmin.java","9907","27848","37755"
"2012-10-05","BookKeeperAdmin.java","15163","72732","87895"
"2012-11-30","BookKeeperAdmin.java","15960","87306","103266"
"2012-09-03","BookKeeperAdmin.java","13311","63811","77122"
"2013-05-10","BookKeeperAdmin.java","17838","129849","147687"
"2014-04-24","BookKeeperAdmin.java","18538","145857","164395"
"2012-08-19","BookKeeperAdmin.java","13147","57788","70935"
"2011-11-28","BookKeeperAdmin.java","1347","6022","7369"
"2012-09-07","BookKeeperAdmin.java","13332","65298","78630"
"2013-02-08","BookKeeperAdmin.java","16880","127042","143922"
"2014-02-05","BookKeeperAdmin.java","18498","142682","161180"
"2011-11-18","BookKeeperAdmin.java","939","2870","3809"
"2014-09-06","BookKeeperAdmin.java","18886","157154","176040"
"2012-08-24","BookKeeperAdmin.java","13149","58682","71831"
"2014-12-06","BookKeeperAdmin.java","18903","158308","177211"
"2013-02-26","BookKeeperAdmin.java","17613","127803","145416"
"2013-08-21","BookKeeperAdmin.java","18033","135919","153952"
"2012-07-18","BookKeeperAdmin.java","12586","45043","57629"
"2012-12-24","LedgerManager.java","16706","86941","103647"
"2013-04-04","LedgerManager.java","18287","123259","141546"
"2012-06-19","LedgerManager.java","10420","27809","38229"
"2015-09-15","LedgerManager.java","19790","156149","175939"
"2014-01-17","LedgerManager.java","18782","135114","153896"
"2014-02-05","BookieWriteLedgerTest.java","11259","86536","97795"
"2014-07-24","BookieWriteLedgerTest.java","11795","92830","104625"
"2013-04-26","BookieWriteLedgerTest.java","8969","71383","80352"
"2015-10-22","BookieWriteLedgerTest.java","12725","107710","120435"
"2013-10-14","BookieLedgerIndexTest.java","6004","51872","57876"
"2014-02-21","BookKeeperAdmin.java","9360","77138","86498"
"2012-11-30","BookKeeperAdmin.java","2161","15938","18099"
"2013-05-10","BookKeeperAdmin.java","7029","61471","68500"
"2014-04-24","BookKeeperAdmin.java","9382","79132","88514"
"2013-02-08","BookKeeperAdmin.java","5612","58205","63817"
"2014-02-05","BookKeeperAdmin.java","9255","75870","85125"
"2014-09-06","BookKeeperAdmin.java","10016","90715","100731"
"2014-12-06","BookKeeperAdmin.java","10185","92021","102206"
"2013-02-26","BookKeeperAdmin.java","6477","59098","65575"
"2013-08-21","BookKeeperAdmin.java","7343","67660","75003"
"2014-02-21","PerChannelBookieClient.java","8890","62725","71615"
"2014-01-21","PerChannelBookieClient.java","8057","59926","67983"
"2014-07-25","PerChannelBookieClient.java","9553","73805","83358"
"2014-05-27","PerChannelBookieClient.java","9010","66397","75407"
"2013-06-28","PerChannelBookieClient.java","6557","51564","58121"
"2013-10-29","PerChannelBookieClient.java","7867","56173","64040"
"2013-01-10","PerChannelBookieClient.java","4445","11756","16201"
"2014-02-05","PerChannelBookieClient.java","8785","61457","70242"
"2014-01-09","PerChannelBookieClient.java","7907","58344","66251"
"2013-10-22","PerChannelBookieClient.java","7740","55255","62995"
"2013-08-20","PerChannelBookieClient.java","6657","52839","59496"
"2013-09-11","PerChannelBookieClient.java","6765","53234","59999"
"2015-10-06","PerChannelBookieClient.java","10538","81862","92400"
"2014-01-15","InterleavedLedgerStorage.java","14560","117083","131643"
"2013-05-04","InterleavedLedgerStorage.java","13326","105401","118727"
"2012-12-24","InterleavedLedgerStorage.java","10916","67698","78614"
"2012-10-18","InterleavedLedgerStorage.java","9489","50617","60106"
"2013-12-02","InterleavedLedgerStorage.java","14541","116720","131261"
"2015-04-21","InterleavedLedgerStorage.java","15872","138082","153954"
"2014-01-21","InterleavedLedgerStorage.java","14653","118721","133374"
"2013-10-02","InterleavedLedgerStorage.java","13615","112001","125616"
"2012-12-18","InterleavedLedgerStorage.java","10531","67205","77736"
"2012-05-25","InterleavedLedgerStorage.java","827","2367","3194"
"2015-04-21","InterleavedLedgerStorage.java","15856","137895","153751"
"2014-02-21","BookKeeperAdmin.java","8882","62883","71765"
"2013-05-10","BookKeeperAdmin.java","6326","46991","53317"
"2014-04-24","BookKeeperAdmin.java","8910","64883","73793"
"2013-02-08","BookKeeperAdmin.java","4817","43633","48450"
"2014-02-05","BookKeeperAdmin.java","8777","61615","70392"
"2014-09-06","BookKeeperAdmin.java","9572","76494","86066"
"2014-12-06","BookKeeperAdmin.java","9742","77801","87543"
"2013-02-26","BookKeeperAdmin.java","5702","44546","50248"
"2013-08-21","BookKeeperAdmin.java","6684","53224","59908"
"2014-02-21","BookKeeperAdmin.java","11367","86214","97581"
"2012-10-05","BookKeeperAdmin.java","3425","10494","13919"
"2012-11-30","BookKeeperAdmin.java","5038","25884","30922"
"2013-05-10","BookKeeperAdmin.java","9173","70684","79857"
"2014-04-24","BookKeeperAdmin.java","11386","88205","99591"
"2012-09-07","BookKeeperAdmin.java","172","1638","1810"
"2013-02-08","BookKeeperAdmin.java","7782","67444","75226"
"2014-02-05","BookKeeperAdmin.java","11271","84955","96226"
"2014-09-06","BookKeeperAdmin.java","11998","99766","111764"
"2014-12-06","BookKeeperAdmin.java","12107","101012","113119"
"2013-02-26","BookKeeperAdmin.java","8635","68325","76960"
"2013-08-21","BookKeeperAdmin.java","9458","76844","86302"
"2013-05-04","BookieAccessor.java","2688","36368","39056"
"2015-04-21","LedgerOpenOp.java","14909","133012","147921"
"2014-01-21","LedgerOpenOp.java","13620","113459","127079"
"2012-07-18","LedgerOpenOp.java","3288","12203","15491"
"2014-02-21","LedgerOpenOp.java","14125","115930","130055"
"2015-10-06","LedgerOpenOp.java","15236","134530","149766"
"2014-07-24","BookieFailureTest.java","11329","102851","114180"
"2012-12-20","BookieFailureTest.java","5797","43665","49462"
"2015-04-21","LedgerOpenOp.java","19135","158849","177984"
"2014-01-21","LedgerOpenOp.java","18410","139860","158270"
"2012-07-18","LedgerOpenOp.java","12283","42809","55092"
"2012-06-19","LedgerOpenOp.java","10733","32344","43077"
"2014-02-21","LedgerOpenOp.java","18731","142147","160878"
"2015-10-06","LedgerOpenOp.java","19214","160119","179333"
"2014-07-24","BookieWriteLedgerTest.java","1183","6941","8124"
"2015-10-22","BookieWriteLedgerTest.java","3774","23482","27256"
"2013-10-12","ServerConfiguration.java","19330","127168","146498"
"2013-06-15","ServerConfiguration.java","19128","124261","143389"
"2012-12-11","ServerConfiguration.java","16703","77928","94631"
"2014-05-09","ServerConfiguration.java","19940","137201","157141"
"2014-03-12","ServerConfiguration.java","19913","136023","155936"
"2014-01-22","ServerConfiguration.java","19634","132607","152241"
"2012-03-29","ServerConfiguration.java","8396","14422","22818"
"2014-04-29","ServerConfiguration.java","19940","136560","156500"
"2013-02-08","ServerConfiguration.java","17927","117012","134939"
"2013-12-02","ServerConfiguration.java","19470","130178","149648"
"2014-03-07","ServerConfiguration.java","19903","134211","154114"
"2012-03-08","ServerConfiguration.java","319","1400","1719"
"2015-04-21","ServerConfiguration.java","20474","151213","171687"
"2012-09-12","ServerConfiguration.java","13360","54968","68328"
"2012-11-30","ServerConfiguration.java","16496","76765","93261"
"2012-10-18","ServerConfiguration.java","16152","65809","81961"
"2014-09-18","ServerConfiguration.java","20353","147679","168032"
"2014-01-21","ServerConfiguration.java","19504","131462","150966"
"2013-02-19","ServerConfiguration.java","18714","117752","136466"
"2014-01-15","ServerConfiguration.java","19477","130529","150006"
"2013-01-04","ServerConfiguration.java","17429","84353","101782"
"2013-02-19","ServerConfiguration.java","18714","117733","136447"
"2013-01-14","ServerConfiguration.java","17799","86171","103970"
"2014-05-06","ServerConfiguration.java","19940","136607","156547"
"2014-05-15","ServerConfiguration.java","19940","137521","157461"
"2015-01-12","ServerConfiguration.java","20464","149824","170288"
"2015-01-16","ServerConfiguration.java","20464","150762","171226"
"2013-10-22","ServerConfiguration.java","19382","127593","146975"
"2015-04-21","ServerConfiguration.java","20475","151247","171722"
"2015-09-15","LedgerManager.java","4673","24700","29373"
"2015-10-22","BookieWriteLedgerTest.java","2982","16932","19914"
"2013-04-04","ScanAndCompareGarbageCollector.java","3159","37896","41055"
"2014-12-10","ConcurrentLedgerTest.java","2838","18224","21062"
"2014-12-05","RoundRobinDistributionScheduleTest.java","12008","98633","110641"
"2014-02-21","PerChannelBookieClient.java","3399","11052","14451"
"2014-01-21","PerChannelBookieClient.java","2124","7811","9935"
"2014-07-25","PerChannelBookieClient.java","4473","22543","27016"
"2014-05-27","PerChannelBookieClient.java","3737","14942","18679"
"2013-10-29","PerChannelBookieClient.java","1680","3804","5484"
"2014-02-05","PerChannelBookieClient.java","3224","9714","12938"
"2014-01-09","PerChannelBookieClient.java","1739","5994","7733"
"2013-10-22","PerChannelBookieClient.java","1399","2732","4131"
"2013-09-11","PerChannelBookieClient.java","170","457","627"
"2015-10-06","PerChannelBookieClient.java","6076","31218","37294"
"2014-02-21","BookKeeperAdmin.java","3714","17050","20764"
"2014-04-24","BookKeeperAdmin.java","3869","19177","23046"
"2014-02-05","BookKeeperAdmin.java","3544","15717","19261"
"2014-09-06","BookKeeperAdmin.java","4737","30994","35731"
"2014-12-06","BookKeeperAdmin.java","4929","32323","37252"
"2013-08-21","BookKeeperAdmin.java","613","6488","7101"
"2015-04-21","LedgerOpenOp.java","2903","19201","22104"
"2015-10-06","LedgerOpenOp.java","3721","21210","24931"
"2012-07-23","PerChannelBookieClient.java","4751","17384","22135"
"2014-02-21","PerChannelBookieClient.java","14849","120304","135153"
"2014-01-21","PerChannelBookieClient.java","14389","117878","132267"
"2014-07-25","PerChannelBookieClient.java","15329","131201","146530"
"2014-05-27","PerChannelBookieClient.java","14939","123946","138885"
"2013-06-28","PerChannelBookieClient.java","13262","109889","123151"
"2013-10-29","PerChannelBookieClient.java","14283","114209","128492"
"2013-01-10","PerChannelBookieClient.java","11583","70514","82097"
"2012-05-17","PerChannelBookieClient.java","242","950","1192"
"2012-08-13","PerChannelBookieClient.java","5246","23774","29020"
"2014-02-05","PerChannelBookieClient.java","14782","119074","133856"
"2014-01-09","PerChannelBookieClient.java","14293","116350","130643"
"2013-10-22","PerChannelBookieClient.java","14150","113285","127435"
"2012-12-01","PerChannelBookieClient.java","9748","61368","71116"
"2013-08-20","PerChannelBookieClient.java","13314","111116","124430"
"2012-05-26","PerChannelBookieClient.java","505","1814","2319"
"2013-09-11","PerChannelBookieClient.java","13355","111444","124799"
"2015-10-06","PerChannelBookieClient.java","15872","138816","154688"
"2013-06-21","BookieInitializationTest.java","10986","97632","108618"
"2015-07-10","BookieInitializationTest.java","13768","126367","140135"
"2014-12-10","BookieInitializationTest.java","13596","123555","137151"
"2013-07-24","BookieInitializationTest.java","11039","98823","109862"
"2014-01-21","BookieInitializationTest.java","12287","106350","118637"
"2013-10-12","BookieInitializationTest.java","11899","101203","113102"
"2012-10-25","BookieInitializationTest.java","6697","38957","45654"
"2013-10-02","BookieInitializationTest.java","11139","99710","110849"
"2014-06-06","BookieInitializationTest.java","12917","113240","126157"
"2014-02-05","BookieWriteLedgerTest.java","3706","16569","20275"
"2014-07-24","BookieWriteLedgerTest.java","4547","23168","27715"
"2015-10-22","BookieWriteLedgerTest.java","6053","38624","44677"
"2011-11-17","ConditionalSetTest.java","2939","5050","7989"
"2014-07-24","ConditionalSetTest.java","19449","150859","170308"
"2011-11-18","ConditionalSetTest.java","3574","6973","10547"
"2012-07-23","PerChannelBookieClient.java","12205","38408","50613"
"2014-02-21","PerChannelBookieClient.java","19221","138246","157467"
"2014-01-21","PerChannelBookieClient.java","18877","135936","154813"
"2014-07-25","PerChannelBookieClient.java","19620","149062","168682"
"2014-05-27","PerChannelBookieClient.java","19262","141839","161101"
"2013-06-28","PerChannelBookieClient.java","18541","128738","147279"
"2013-10-29","PerChannelBookieClient.java","18801","132297","151098"
"2013-01-10","PerChannelBookieClient.java","17205","89706","106911"
"2012-05-17","PerChannelBookieClient.java","9534","23812","33346"
"2012-08-13","PerChannelBookieClient.java","12623","44721","57344"
"2014-02-05","PerChannelBookieClient.java","19182","137044","156226"
"2014-01-09","PerChannelBookieClient.java","18807","134434","153241"
"2013-10-22","PerChannelBookieClient.java","18726","131431","150157"
"2012-02-24","PerChannelBookieClient.java","562","5327","5889"
"2012-04-02","PerChannelBookieClient.java","8668","20425","29093"
"2012-12-01","PerChannelBookieClient.java","16151","81341","97492"
"2013-08-20","PerChannelBookieClient.java","18581","129953","148534"
"2012-05-10","PerChannelBookieClient.java","9333","22903","32236"
"2012-05-26","PerChannelBookieClient.java","9737","24616","34353"
"2013-09-11","PerChannelBookieClient.java","18612","130271","148883"
"2015-10-06","PerChannelBookieClient.java","19861","156375","176236"
"2012-07-27","TestBKStats.java","34","171","205"
"2013-10-12","BookieJournalRollingTest.java","18222","138142","156364"
"2012-03-15","BookieJournalRollingTest.java","9669","26468","36137"
"2013-05-31","BookieJournalRollingTest.java","18086","131201","149287"
"2011-11-18","BookieJournalRollingTest.java","1533","4469","6002"
"2012-02-17","BookieJournalRollingTest.java","2944","14510","17454"
"2014-07-24","BookieJournalRollingTest.java","18751","149698","168449"
"2012-04-17","BookieJournalRollingTest.java","10626","30296","40922"
"2013-10-14","BenchReadThroughputLatency.java","3517","12304","15821"
"2013-10-29","BenchReadThroughputLatency.java","3763","13419","17182"
"2012-07-23","PerChannelBookieClient.java","4266","15590","19856"
"2014-02-21","PerChannelBookieClient.java","14583","118729","133312"
"2014-01-21","PerChannelBookieClient.java","14107","116287","130394"
"2014-07-25","PerChannelBookieClient.java","15060","129623","144683"
"2014-05-27","PerChannelBookieClient.java","14675","122373","137048"
"2013-06-28","PerChannelBookieClient.java","12959","108277","121236"
"2013-10-29","PerChannelBookieClient.java","13999","112616","126615"
"2013-01-10","PerChannelBookieClient.java","11262","68884","80146"
"2012-08-13","PerChannelBookieClient.java","4780","21999","26779"
"2014-02-05","PerChannelBookieClient.java","14501","117484","131985"
"2014-01-09","PerChannelBookieClient.java","14011","114759","128770"
"2013-10-22","PerChannelBookieClient.java","13846","111672","125518"
"2012-12-01","PerChannelBookieClient.java","9415","59726","69141"
"2013-08-20","PerChannelBookieClient.java","13011","109504","122515"
"2013-09-11","PerChannelBookieClient.java","13052","109832","122884"
"2015-10-06","PerChannelBookieClient.java","15620","137255","152875"
"2014-02-21","PerChannelBookieClient.java","3253","10619","13872"
"2014-01-21","PerChannelBookieClient.java","1962","7362","9324"
"2014-07-25","PerChannelBookieClient.java","4340","22123","26463"
"2014-05-27","PerChannelBookieClient.java","3593","14511","18104"
"2013-10-29","PerChannelBookieClient.java","1516","3353","4869"
"2014-02-05","PerChannelBookieClient.java","3076","9279","12355"
"2014-01-09","PerChannelBookieClient.java","1575","5543","7118"
"2013-10-22","PerChannelBookieClient.java","1235","2281","3516"
"2015-10-06","PerChannelBookieClient.java","5961","30816","36777"
"2011-11-17","LedgerOutputStream.java","2969","5310","8279"
"2015-04-21","OpStatsLogger.java","4074","25340","29414"
"2015-07-10","BookieInitializationTest.java","5795","31748","37543"
"2014-12-10","BookieInitializationTest.java","5481","28794","34275"
"2013-07-24","BookieInitializationTest.java","223","1361","1584"
"2014-01-21","BookieInitializationTest.java","2460","9877","12337"
"2013-10-12","BookieInitializationTest.java","1526","4184","5710"
"2013-10-02","BookieInitializationTest.java","513","2438","2951"
"2014-06-06","BookieInitializationTest.java","4017","17694","21711"
"2014-07-24","BookieJournalRollingTest.java","3366","14393","17759"
"2014-07-24","ConditionalSetTest.java","19016","148315","167331"
"2011-11-18","ConditionalSetTest.java","717","2005","2722"
"2013-10-12","Journal.java","14185","114435","128620"
"2012-10-18","Journal.java","9399","51468","60867"
"2012-05-07","Journal.java","98","615","713"
"2013-05-04","Journal.java","13177","106193","119370"
"2014-03-07","Journal.java","14937","121657","136594"
"2012-05-10","Journal.java","511","1738","2249"
"2012-10-16","Journal.java","8740","48238","56978"
"2013-12-06","Journal.java","14388","117660","132048"
"2015-02-23","Journal.java","15684","138432","154116"
"2014-04-29","Journal.java","14981","124013","138994"
"2015-04-21","Journal.java","15686","138670","154356"
"2013-07-20","Journal.java","13399","111513","124912"
"2013-07-04","Journal.java","13374","111251","124625"
"2013-10-02","Journal.java","13463","112790","126253"
"2015-07-10","BookieInitializationTest.java","681","3321","4002"
"2014-05-09","ServerConfiguration.java","19","660","679"
"2015-04-21","ServerConfiguration.java","2706","16825","19531"
"2014-09-18","ServerConfiguration.java","1939","12645","14584"
"2014-05-06","ServerConfiguration.java","3","50","53"
"2014-05-15","ServerConfiguration.java","32","993","1025"
"2015-01-12","ServerConfiguration.java","2563","15303","17866"
"2015-01-16","ServerConfiguration.java","2571","16249","18820"
"2015-04-21","ServerConfiguration.java","2719","16871","19590"
"2015-07-10","BookieInitializationTest.java","5691","30506","36197"
"2014-12-10","BookieInitializationTest.java","5377","27552","32929"
"2014-01-21","BookieInitializationTest.java","2272","8551","10823"
"2013-10-12","BookieInitializationTest.java","1345","2865","4210"
"2013-10-02","BookieInitializationTest.java","298","1085","1383"
"2014-06-06","BookieInitializationTest.java","3907","16446","20353"
"2013-10-14","LedgerRecoveryOp.java","18366","136697","155063"
"2013-03-25","LedgerRecoveryOp.java","18019","128334","146353"
"2012-02-13","LedgerRecoveryOp.java","2237","11902","14139"
"2012-05-10","LedgerRecoveryOp.java","10664","29913","40577"
"2012-07-23","PerChannelBookieClient.java","13967","47739","61706"
"2014-02-21","PerChannelBookieClient.java","19292","145886","165178"
"2014-01-21","PerChannelBookieClient.java","19077","143705","162782"
"2014-07-25","PerChannelBookieClient.java","19607","156618","176225"
"2011-11-17","PerChannelBookieClient.java","2842","4732","7574"
"2014-05-27","PerChannelBookieClient.java","19326","149472","168798"
"2013-06-28","PerChannelBookieClient.java","18895","136661","155556"
"2011-11-18","PerChannelBookieClient.java","3477","6655","10132"
"2013-10-29","PerChannelBookieClient.java","19052","140117","159169"
"2013-01-10","PerChannelBookieClient.java","17767","97837","115604"
"2012-05-17","PerChannelBookieClient.java","12359","34206","46565"
"2012-08-13","PerChannelBookieClient.java","14330","53997","68327"
"2014-02-05","PerChannelBookieClient.java","19260","144691","163951"
"2014-01-09","PerChannelBookieClient.java","19059","142255","161314"
"2013-10-22","PerChannelBookieClient.java","18990","139264","158254"
"2012-02-24","PerChannelBookieClient.java","4667","17001","21668"
"2012-04-02","PerChannelBookieClient.java","11728","31054","42782"
"2012-12-01","PerChannelBookieClient.java","17095","89854","106949"
"2013-08-20","PerChannelBookieClient.java","18923","137864","156787"
"2012-05-10","PerChannelBookieClient.java","12174","33313","45487"
"2012-02-01","PerChannelBookieClient.java","4334","11903","16237"
"2012-05-26","PerChannelBookieClient.java","12494","34942","47436"
"2013-09-11","PerChannelBookieClient.java","18934","138162","157096"
"2015-10-06","PerChannelBookieClient.java","19680","163763","183443"
"2011-11-16","PerChannelBookieClient.java","2605","3852","6457"
"2013-10-12","BookieJournalRollingTest.java","14365","117486","131851"
"2013-05-31","BookieJournalRollingTest.java","14063","110379","124442"
"2014-07-24","BookieJournalRollingTest.java","15357","129505","144862"
"2012-04-17","BookieJournalRollingTest.java","1777","4648","6425"
"2014-09-06","BookKeeperAdmin.java","1805","12754","14559"
"2014-12-06","BookKeeperAdmin.java","2288","14374","16662"
"2014-02-05","TestPerChannelBookieClient.java","8785","61457","70242"
"2014-07-24","TestPerChannelBookieClient.java","9382","67812","77194"
"2013-06-15","TestPerChannelBookieClient.java","6514","51212","57726"
"2014-05-27","TestPerChannelBookieClient.java","9010","66397","75407"
"2015-10-06","TestPerChannelBookieClient.java","10538","81862","92400"
"2012-12-08","TestPerChannelBookieClient.java","1973","2376","4349"
"2013-06-28","TestPerChannelBookieClient.java","6557","51564","58121"
"2013-08-20","TestPerChannelBookieClient.java","6657","52839","59496"
"2014-07-24","ConditionalSetTest.java","18947","146958","165905"
"2013-10-14","LedgerRecoveryOp.java","18917","139589","158506"
"2011-11-17","LedgerRecoveryOp.java","2969","5310","8279"
"2013-03-25","LedgerRecoveryOp.java","18737","131393","150130"
"2012-02-13","LedgerRecoveryOp.java","4625","16631","21256"
"2011-11-16","LedgerRecoveryOp.java","2735","4433","7168"
"2012-05-10","LedgerRecoveryOp.java","12253","33843","46096"
"2013-10-12","BookieJournalRollingTest.java","1664","8469","10133"
"2014-07-24","BookieJournalRollingTest.java","4302","22134","26436"
"2013-10-14","LedgerRecoveryOp.java","2237","10253","12490"
"2013-10-12","BookieJournalRollingTest.java","18238","135222","153460"
"2012-03-15","BookieJournalRollingTest.java","8763","22626","31389"
"2013-05-31","BookieJournalRollingTest.java","18075","128254","146329"
"2012-02-17","BookieJournalRollingTest.java","1622","10252","11874"
"2014-07-24","BookieJournalRollingTest.java","18947","146958","165905"
"2012-04-17","BookieJournalRollingTest.java","9891","26625","36516"
"2015-07-10","BookieInitializationTest.java","4289","22825","27114"
"2014-12-10","BookieInitializationTest.java","3852","19748","23600"
"2014-06-06","BookieInitializationTest.java","1892","8152","10044"
"2014-03-07","Journal.java","2585","9055","11640"
"2013-12-06","Journal.java","796","3818","4614"
"2015-02-23","Journal.java","4619","27117","31736"
"2014-04-29","Journal.java","2831","11613","14444"
"2015-04-21","Journal.java","4637","27371","32008"
"2013-10-12","Journal.java","7324","65505","72829"
"2013-05-04","Journal.java","6070","57017","63087"
"2014-03-07","Journal.java","8549","73200","81749"
"2013-12-06","Journal.java","7595","68798","76393"
"2015-02-23","Journal.java","9644","90323","99967"
"2014-04-29","Journal.java","8615","75578","84193"
"2015-04-21","Journal.java","9649","90564","100213"
"2013-07-20","Journal.java","6368","62413","68781"
"2013-07-04","Journal.java","6341","62149","68490"
"2013-10-02","Journal.java","6524","63782","70306"
"2013-10-14","LedgerRecoveryOp.java","19150","127816","146966"
"2013-03-25","LedgerRecoveryOp.java","18718","119368","138086"
"2012-05-10","LedgerRecoveryOp.java","9250","18834","28084"
"2014-07-24","TestPerChannelBookieClient.java","1183","6941","8124"
"2014-05-27","TestPerChannelBookieClient.java","695","5410","6105"
"2015-10-06","TestPerChannelBookieClient.java","3740","22392","26132"
"2014-05-12","TestWatchEnsembleChange.java","2009","8180","10189"
"2015-09-15","TestWatchEnsembleChange.java","4673","24700","29373"
"2014-02-05","TestWatchEnsembleChange.java","1505","3204","4709"
"2014-07-24","TestWatchEnsembleChange.java","2600","10057","12657"
"2013-10-12","Journal.java","14349","114082","128431"
"2012-10-18","Journal.java","9546","51098","60644"
"2013-05-04","Journal.java","13338","105837","119175"
"2014-03-07","Journal.java","15105","121308","136413"
"2012-05-10","Journal.java","434","1144","1578"
"2012-10-16","Journal.java","8887","47868","56755"
"2013-12-06","Journal.java","14552","117307","131859"
"2015-02-23","Journal.java","15855","138086","153941"
"2014-04-29","Journal.java","15150","123665","138815"
"2015-04-21","Journal.java","15857","138324","154181"
"2013-07-20","Journal.java","13560","111157","124717"
"2013-07-04","Journal.java","13535","110895","124430"
"2013-10-02","Journal.java","13624","112434","126058"
"2012-06-19","LedgerManagerFactory.java","10996","29863","40859"
"2015-09-15","LedgerManagerFactory.java","20183","158020","178203"
"2012-08-14","LedgerManagerFactory.java","13138","48608","61746"
"2012-09-07","LedgerManagerFactory.java","13543","60834","74377"
"2015-10-06","TestPerChannelBookieClient.java","2948","15842","18790"
"2012-05-04","BenchThroughputLatency.java","8863","14401","23264"
"2013-02-08","BenchThroughputLatency.java","18130","114732","132862"
"2013-10-14","BenchThroughputLatency.java","19589","124978","144567"
"2012-05-09","BenchThroughputLatency.java","9134","15399","24533"
"2012-09-12","BenchThroughputLatency.java","13411","52342","65753"
"2013-10-29","BenchThroughputLatency.java","19717","125975","145692"
"2012-06-12","BenchThroughputLatency.java","9780","17877","27657"
"2014-07-15","BenchThroughputLatency.java","20307","136713","157020"
"2012-03-31","LedgerCacheTest.java","78","548","626"
"2014-12-10","LedgerCacheTest.java","15580","138047","153627"
"2012-10-26","LedgerCacheTest.java","10009","55166","65175"
"2014-07-24","LedgerCacheTest.java","15185","128024","143209"
"2012-12-24","LedgerCacheTest.java","11090","70375","81465"
"2012-12-24","LedgerCacheTest.java","11141","70648","81789"
"2012-12-08","LedgerCacheTest.java","10591","65416","76007"
"2013-10-12","LedgerCacheTest.java","14164","115976","130140"
"2012-06-06","LedgerCacheTest.java","1785","6321","8106"
"2014-03-12","LedgerCacheTest.java","14880","124964","139844"
"2013-12-02","LedgerCacheTest.java","14357","119039","133396"
"2013-02-12","LedgerCacheTest.java","12229","105248","117477"
"2013-01-07","LedgerCacheTest.java","11645","72572","84217"
"2013-08-12","LedgerCacheTest.java","13442","113857","127299"
"2013-10-12","BookieJournalRollingTest.java","19088","127442","146530"
"2012-03-15","BookieJournalRollingTest.java","7474","12707","20181"
"2013-05-31","BookieJournalRollingTest.java","18841","120390","139231"
"2014-07-24","BookieJournalRollingTest.java","19959","139340","159299"
"2012-04-17","BookieJournalRollingTest.java","8883","16987","25870"
"2013-10-14","LedgerRecoveryOp.java","18111","137085","155196"
"2011-11-17","LedgerRecoveryOp.java","254","897","1151"
"2013-03-25","LedgerRecoveryOp.java","17800","128758","146558"
"2012-02-13","LedgerRecoveryOp.java","2421","12729","15150"
"2012-05-10","LedgerRecoveryOp.java","10538","30430","40968"
"2014-02-05","DefaultEnsemblePlacementPolicy.java","3504","11905","15409"
"2012-05-09","ConfigurationTest.java","9935","27584","37519"
"2014-07-24","ConfigurationTest.java","18947","146958","165905"
"2012-09-07","ZkUtils.java","13543","60834","74377"
"2013-08-22","ZkUtils.java","18951","132176","151127"
"2012-12-24","ZkUtils.java","17146","88859","106005"
"2012-07-23","PerChannelBookieClient.java","12612","45137","57749"
"2014-02-21","PerChannelBookieClient.java","18534","143881","162415"
"2014-01-21","PerChannelBookieClient.java","18235","141616","159851"
"2014-07-25","PerChannelBookieClient.java","18889","154653","173542"
"2011-11-17","PerChannelBookieClient.java","254","897","1151"
"2014-05-27","PerChannelBookieClient.java","18568","147467","166035"
"2013-06-28","PerChannelBookieClient.java","18005","134524","152529"
"2011-11-18","PerChannelBookieClient.java","939","2870","3809"
"2013-10-29","PerChannelBookieClient.java","18176","137994","156170"
"2013-01-10","PerChannelBookieClient.java","16726","95549","112275"
"2012-05-17","PerChannelBookieClient.java","10723","31323","42046"
"2012-08-13","PerChannelBookieClient.java","12980","51400","64380"
"2014-02-05","PerChannelBookieClient.java","18498","142682","161180"
"2014-01-09","PerChannelBookieClient.java","18184","140133","158317"
"2013-10-22","PerChannelBookieClient.java","18113","137140","155253"
"2012-02-24","PerChannelBookieClient.java","2564","13651","16215"
"2012-04-02","PerChannelBookieClient.java","9922","28001","37923"
"2012-12-01","PerChannelBookieClient.java","15963","87475","103438"
"2013-08-20","PerChannelBookieClient.java","18033","135727","153760"
"2012-05-10","PerChannelBookieClient.java","10538","30430","40968"
"2012-02-01","PerChannelBookieClient.java","2068","8390","10458"
"2012-05-26","PerChannelBookieClient.java","10854","32055","42909"
"2013-09-11","PerChannelBookieClient.java","18052","136033","154085"
"2015-10-06","PerChannelBookieClient.java","18962","161798","180760"
"2014-02-05","SlowBookieTest.java","11112","82805","93917"
"2014-01-03","SlowBookieTest.java","10371","79821","90192"
"2013-10-29","SlowBookieTest.java","10352","77679","88031"
"2014-01-21","SlowBookieTest.java","10418","80962","91380"
"2015-09-15","TestWatchEnsembleChange.java","3534","17390","20924"
"2014-07-24","TestWatchEnsembleChange.java","720","2006","2726"
"2014-02-05","TestPerChannelBookieClient.java","3442","11416","14858"
"2014-07-24","TestPerChannelBookieClient.java","4324","18056","22380"
"2014-05-27","TestPerChannelBookieClient.java","3897","16586","20483"
"2015-10-06","TestPerChannelBookieClient.java","6190","32816","39006"
"2013-06-28","TestPerChannelBookieClient.java","52","361","413"
"2013-08-20","TestPerChannelBookieClient.java","297","1781","2078"
"2015-09-15","LedgerManagerFactory.java","15234","134204","149438"
"2012-08-14","LedgerManagerFactory.java","3878","20481","24359"
"2012-09-07","LedgerManagerFactory.java","4844","33268","38112"
"2014-07-24","TestPerChannelBookieClient.java","517","1560","2077"
"2015-10-06","TestPerChannelBookieClient.java","3432","17369","20801"
"2014-12-10","LedgerCacheTest.java","15778","137775","153553"
"2012-10-26","LedgerCacheTest.java","9964","54651","64615"
"2014-07-24","LedgerCacheTest.java","15383","127752","143135"
"2012-12-24","LedgerCacheTest.java","11219","70034","81253"
"2012-12-24","LedgerCacheTest.java","11271","70308","81579"
"2012-12-08","LedgerCacheTest.java","10546","64901","75447"
"2013-10-12","LedgerCacheTest.java","14363","115705","130068"
"2012-06-06","LedgerCacheTest.java","1709","5775","7484"
"2014-03-12","LedgerCacheTest.java","15079","124693","139772"
"2013-12-02","LedgerCacheTest.java","14556","118768","133324"
"2013-02-12","LedgerCacheTest.java","12361","104910","117271"
"2013-01-07","LedgerCacheTest.java","11777","72234","84011"
"2013-08-12","LedgerCacheTest.java","13606","113551","127157"
"2013-10-14","LedgerRecoveryOp.java","14146","113228","127374"
"2013-03-25","LedgerRecoveryOp.java","12886","103952","116838"
"2014-12-10","LedgerCacheTest.java","9756","87066","96822"
"2014-07-24","LedgerCacheTest.java","9140","76822","85962"
"2012-12-24","LedgerCacheTest.java","3110","17238","20348"
"2012-12-24","LedgerCacheTest.java","3175","17525","20700"
"2012-12-08","LedgerCacheTest.java","1868","11536","13404"
"2013-10-12","LedgerCacheTest.java","7475","64130","71605"
"2014-03-12","LedgerCacheTest.java","8694","73621","82315"
"2013-12-02","LedgerCacheTest.java","7699","67224","74923"
"2013-02-12","LedgerCacheTest.java","4730","52592","57322"
"2013-01-07","LedgerCacheTest.java","3877","19647","23524"
"2013-08-12","LedgerCacheTest.java","6470","61728","68198"
"2014-02-05","TestAutoRecoveryAlongWithBookieServers.java","5084","49819","54903"
"2014-12-10","LedgerCacheTest.java","1949","11577","13526"
"2014-07-24","ConfigurationTest.java","15440","125802","141242"
"2013-02-08","BenchThroughputLatency.java","12094","103158","115252"
"2013-10-14","BenchThroughputLatency.java","14387","114238","128625"
"2012-05-09","BenchThroughputLatency.java","335","1062","1397"
"2012-09-12","BenchThroughputLatency.java","6610","40003","46613"
"2013-10-29","BenchThroughputLatency.java","14541","115261","129802"
"2012-06-12","BenchThroughputLatency.java","1048","3607","4655"
"2014-07-15","BenchThroughputLatency.java","15205","126073","141278"
"2014-02-05","TestPerChannelBookieClient.java","6986","59255","66241"
"2014-07-24","TestPerChannelBookieClient.java","7594","65621","73215"
"2013-06-15","TestPerChannelBookieClient.java","4690","48985","53675"
"2014-05-27","TestPerChannelBookieClient.java","7219","64203","71422"
"2015-10-06","TestPerChannelBookieClient.java","8770","79691","88461"
"2013-06-28","TestPerChannelBookieClient.java","4733","49337","54070"
"2013-08-20","TestPerChannelBookieClient.java","4838","50617","55455"
"2013-10-12","Journal.java","1843","9077","10920"
"2014-03-07","Journal.java","3789","17493","21282"
"2013-12-06","Journal.java","2285","12541","14826"
"2015-02-23","Journal.java","5272","35004","40276"
"2014-04-29","Journal.java","3970","19986","23956"
"2015-04-21","Journal.java","5282","35250","40532"
"2013-07-20","Journal.java","522","5620","6142"
"2013-07-04","Journal.java","486","5347","5833"
"2013-10-02","Journal.java","805","7116","7921"
"2013-08-22","ZkUtils.java","9368","75302","84670"
"2012-12-24","ZkUtils.java","6295","30717","37012"
"2015-07-10","BookieInitializationTest.java","4921","28216","33137"
"2014-12-10","BookieInitializationTest.java","4587","25242","29829"
"2014-01-21","BookieInitializationTest.java","1306","6065","7371"
"2014-06-06","BookieInitializationTest.java","3044","14063","17107"
"2014-12-10","LedgerCacheTest.java","7565","70747","78312"
"2014-07-24","LedgerCacheTest.java","6927","60481","67408"
"2013-10-12","LedgerCacheTest.java","4958","47485","52443"
"2014-03-12","LedgerCacheTest.java","6377","57176","63553"
"2013-12-02","LedgerCacheTest.java","5192","50589","55781"
"2013-02-12","LedgerCacheTest.java","1861","35595","37456"
"2013-01-07","LedgerCacheTest.java","894","2536","3430"
"2013-08-12","LedgerCacheTest.java","3846","44976","48822"
"2014-12-10","LedgerCacheTest.java","7508","70468","77976"
"2014-07-24","LedgerCacheTest.java","6863","60195","67058"
"2013-10-12","LedgerCacheTest.java","4886","47191","52077"
"2014-03-12","LedgerCacheTest.java","6311","56888","63199"
"2013-12-02","LedgerCacheTest.java","5120","50295","55415"
"2013-02-12","LedgerCacheTest.java","1787","35299","37086"
"2013-01-07","LedgerCacheTest.java","820","2240","3060"
"2013-08-12","LedgerCacheTest.java","3772","44680","48452"
"2013-08-22","ZkUtils.java","3951","45463","49414"
"2014-02-05","SlowBookieTest.java","1599","3842","5441"
"2014-01-21","SlowBookieTest.java","347","1441","1788"
"2013-10-22","FileInfo.java","878","2186","3064"
"2014-12-04","FileInfo.java","4338","25002","29340"
"2013-06-21","BookieInitializationTest.java","6352","60738","67090"
"2015-07-10","BookieInitializationTest.java","9913","90252","100165"
"2014-12-10","BookieInitializationTest.java","9686","87385","97071"
"2013-07-24","BookieInitializationTest.java","6444","61968","68412"
"2014-01-21","BookieInitializationTest.java","7897","69700","77597"
"2013-10-12","BookieInitializationTest.java","7384","64428","71812"
"2013-10-02","BookieInitializationTest.java","6614","62925","69539"
"2014-06-06","BookieInitializationTest.java","8806","76869","85675"
"2013-10-11","FileInfo.java","19041","126899","145940"
"2012-12-18","FileInfo.java","16863","82627","99490"
"2012-10-26","FileInfo.java","16195","67939","84134"
"2012-06-13","FileInfo.java","9731","21991","31722"
"2013-10-22","FileInfo.java","19221","128387","147608"
"2012-02-24","FileInfo.java","135","700","835"
"2013-05-04","FileInfo.java","18731","119896","138627"
"2012-03-29","FileInfo.java","8376","14963","23339"
"2014-12-04","FileInfo.java","20126","148648","168774"
"2013-10-14","BenchThroughputLatency.java","3517","12304","15821"
"2013-10-29","BenchThroughputLatency.java","3763","13419","17182"
"2014-07-15","BenchThroughputLatency.java","5386","25190","30576"
"2013-10-11","FileInfo.java","18300","136031","154331"
"2012-02-17","FileInfo.java","2235","12108","14343"
"2012-02-09","FileInfo.java","2102","11520","13622"
"2012-12-18","FileInfo.java","16490","92127","108617"
"2012-10-26","FileInfo.java","16027","77644","93671"
"2012-06-13","FileInfo.java","11016","33149","44165"
"2013-10-22","FileInfo.java","18424","137463","155887"
"2012-02-24","FileInfo.java","2337","12775","15112"
"2013-05-04","FileInfo.java","18037","129075","147112"
"2012-03-29","FileInfo.java","9975","26435","36410"
"2014-12-04","FileInfo.java","19183","157578","176761"
"2013-10-29","BenchThroughputLatency.java","662","1531","2193"
"2014-07-15","BenchThroughputLatency.java","2973","13990","16963"
"2014-12-10","LedgerCacheTest.java","8257","75899","84156"
"2014-07-24","LedgerCacheTest.java","7632","65646","73278"
"2012-12-24","LedgerCacheTest.java","1287","5747","7034"
"2012-12-24","LedgerCacheTest.java","1361","6043","7404"
"2013-10-12","LedgerCacheTest.java","5881","52868","58749"
"2014-03-12","LedgerCacheTest.java","7165","62424","69589"
"2013-12-02","LedgerCacheTest.java","6106","55963","62069"
"2013-02-12","LedgerCacheTest.java","3069","41263","44332"
"2013-01-07","LedgerCacheTest.java","2145","8247","10392"
"2013-08-12","LedgerCacheTest.java","4870","50460","55330"
"2014-02-05","SlowBookieTest.java","1712","6078","7790"
"2014-01-03","SlowBookieTest.java","138","2261","2399"
"2014-01-21","SlowBookieTest.java","466","3683","4149"
"2014-12-10","LedgerCacheTest.java","4587","25242","29829"
"2014-07-24","LedgerCacheTest.java","3366","14393","17759"
"2014-03-12","LedgerCacheTest.java","2716","10988","13704"
"2013-12-02","LedgerCacheTest.java","761","3631","4392"
"2013-10-11","FileInfo.java","17802","137802","155604"
"2012-02-17","FileInfo.java","2910","15052","17962"
"2011-11-17","FileInfo.java","954","3223","4177"
"2012-02-09","FileInfo.java","2794","14481","17275"
"2012-12-18","FileInfo.java","16126","94032","110158"
"2012-10-26","FileInfo.java","15698","79584","95282"
"2012-06-13","FileInfo.java","11046","35448","46494"
"2013-10-22","FileInfo.java","17896","139204","157100"
"2012-02-24","FileInfo.java","2997","15704","18701"
"2013-05-04","FileInfo.java","17581","130888","148469"
"2012-03-29","FileInfo.java","10264","28993","39257"
"2014-12-04","FileInfo.java","18502","159166","177668"
"2014-02-05","SlowBookieTest.java","1266","2415","3681"
"2013-02-08","BenchThroughputLatency.java","11847","102184","114031"
"2013-10-14","BenchThroughputLatency.java","14162","113286","127448"
"2012-09-12","BenchThroughputLatency.java","6318","38984","45302"
"2013-10-29","BenchThroughputLatency.java","14316","114309","128625"
"2012-06-12","BenchThroughputLatency.java","712","2544","3256"
"2014-07-15","BenchThroughputLatency.java","14983","125124","140107"
"2013-10-11","FileInfo.java","19128","127441","146569"
"2012-02-17","FileInfo.java","179","634","813"
"2012-12-18","FileInfo.java","16954","83173","100127"
"2012-10-26","FileInfo.java","16289","68488","84777"
"2012-06-13","FileInfo.java","9842","22557","32399"
"2013-10-22","FileInfo.java","19306","128927","148233"
"2012-02-24","FileInfo.java","313","1333","1646"
"2013-05-04","FileInfo.java","18804","120424","139228"
"2012-03-29","FileInfo.java","8511","15553","24064"
"2014-12-04","FileInfo.java","20192","149169","169361"
"2015-09-15","LedgerManagerFactory.java","12294","114661","126955"
"2012-09-07","LedgerManagerFactory.java","1215","13036","14251"
"2014-05-12","TestWatchEnsembleChange.java","523","4995","5518"
"2015-09-15","TestWatchEnsembleChange.java","3701","22029","25730"
"2014-07-24","TestWatchEnsembleChange.java","1183","6941","8124"
"2014-02-05","TestPerChannelBookieClient.java","3424","11089","14513"
"2014-07-24","TestPerChannelBookieClient.java","4316","17739","22055"
"2014-05-27","TestPerChannelBookieClient.java","3888","16268","20156"
"2015-10-06","TestPerChannelBookieClient.java","6202","32519","38721"
"2013-08-20","TestPerChannelBookieClient.java","250","1425","1675"
"2013-10-11","FileInfo.java","5517","47611","53128"
"2013-10-22","FileInfo.java","5833","49235","55068"
"2013-05-04","FileInfo.java","4140","39541","43681"
"2014-12-04","FileInfo.java","7962","70720","78682"
"2014-12-06","BookieShell.java","4900","26205","31105"
"2014-06-03","BookieShell.java","3685","15510","19195"
"2014-02-05","BookieShell.java","3050","9134","12184"
"2014-09-29","BookieShell.java","4837","25585","30422"
"2015-01-13","BookieShell.java","5195","28345","33540"
"2014-12-06","BookieShell.java","4894","25995","30889"
"2015-09-15","LedgerManagerFactory.java","12707","103253","115960"
"2013-10-11","FileInfo.java","15695","142132","157827"
"2012-02-17","FileInfo.java","8487","27066","35553"
"2011-11-17","FileInfo.java","7104","15810","22914"
"2011-11-04","FileInfo.java","6367","12804","19171"
"2012-02-09","FileInfo.java","8410","26534","34944"
"2012-12-18","FileInfo.java","14292","98635","112927"
"2012-10-26","FileInfo.java","13990","84313","98303"
"2012-06-13","FileInfo.java","10086","40925","51011"
"2013-10-22","FileInfo.java","15780","143525","159305"
"2012-02-24","FileInfo.java","8570","27714","36284"
"2013-05-04","FileInfo.java","15594","135338","150932"
"2012-03-29","FileInfo.java","9444","34610","44054"
"2014-12-04","FileInfo.java","16164","163265","179429"
"2011-09-05","FileInfo.java","4728","11093","15821"
"2013-02-08","BenchThroughputLatency.java","7585","65256","72841"
"2013-10-14","BenchThroughputLatency.java","10169","76627","86796"
"2013-10-29","BenchThroughputLatency.java","10352","77679","88031"
"2014-07-15","BenchThroughputLatency.java","11400","88875","100275"
"2013-10-11","FileInfo.java","7349","63463","70812"
"2012-12-18","FileInfo.java","2483","16503","18986"
"2013-10-22","FileInfo.java","7649","65071","72720"
"2013-05-04","FileInfo.java","6127","55548","61675"
"2014-12-04","FileInfo.java","9467","86245","95712"
"2015-10-06","PendingAddOp.java","8201","74604","82805"
"2015-10-22","PendingAddOp.java","8224","75457","83681"
"2014-02-05","PendingAddOp.java","6098","53623","59721"
"2013-04-26","PendingAddOp.java","3119","37781","40900"
"2014-02-21","PendingAddOp.java","6232","54920","61152"
"2013-09-11","PendingAddOp.java","3912","45234","49146"
"2015-04-21","PendingAddOp.java","7550","72536","80086"
"2014-01-21","PendingAddOp.java","5292","52014","57306"
"2012-12-27","PendingAddOp.java","16555","92571","109126"
"2012-09-12","PendingAddOp.java","13601","65449","79050"
"2015-10-06","PendingAddOp.java","19287","161706","180993"
"2015-10-22","PendingAddOp.java","19296","162545","181841"
"2014-02-05","PendingAddOp.java","18772","142313","161085"
"2013-04-26","PendingAddOp.java","18019","128697","146716"
"2014-02-21","PendingAddOp.java","18808","143512","162320"
"2013-09-11","PendingAddOp.java","18282","135620","153902"
"2012-04-02","PendingAddOp.java","10040","27476","37516"
"2015-04-21","PendingAddOp.java","19208","160210","179418"
"2014-01-21","PendingAddOp.java","18492","141230","159722"
"2014-06-03","LedgerUnderreplicationManager.java","11203","100983","112186"
"2013-01-04","LedgerUnderreplicationManager.java","7030","44886","51916"
"2012-10-04","LedgerUnderreplicationManager.java","3879","20117","23996"
"2015-04-21","BookKeeperConstants.java","8304","78225","86529"
"2015-09-15","TestWatchEnsembleChange.java","2902","15472","18374"
"2012-12-27","PendingAddOp.java","17403","95760","113163"
"2011-11-17","PendingAddOp.java","2969","5310","8279"
"2012-09-12","PendingAddOp.java","14547","68736","83283"
"2015-10-06","PendingAddOp.java","19470","164230","183700"
"2011-11-16","PendingAddOp.java","2735","4433","7168"
"2015-10-22","PendingAddOp.java","19474","165064","184538"
"2014-02-05","PendingAddOp.java","19159","145041","164200"
"2013-04-26","PendingAddOp.java","18736","131755","150491"
"2014-02-21","PendingAddOp.java","19192","146237","165429"
"2013-09-11","PendingAddOp.java","18868","138547","157415"
"2012-04-02","PendingAddOp.java","11814","31591","43405"
"2015-04-21","PendingAddOp.java","19430","162773","182203"
"2014-01-21","PendingAddOp.java","19001","144080","163081"
"2014-07-25","PerChannelBookieClientPool.java","1139","8004","9143"
"2015-07-10","BookieInitializationTest.java","5540","29568","35108"
"2014-12-10","BookieInitializationTest.java","5212","26600","31812"
"2014-01-21","BookieInitializationTest.java","2004","7496","9500"
"2013-10-12","BookieInitializationTest.java","1067","1800","2867"
"2014-06-06","BookieInitializationTest.java","3695","15447","19142"
"2015-02-23","Journal.java","2794","18822","21616"
"2014-04-29","Journal.java","251","2563","2814"
"2015-04-21","Journal.java","2872","19136","22008"
"2013-10-11","FileInfo.java","13633","109231","122864"
"2012-12-18","FileInfo.java","9806","63310","73116"
"2012-10-26","FileInfo.java","8870","48354","57224"
"2013-10-22","FileInfo.java","13924","110830","124754"
"2013-05-04","FileInfo.java","12681","101586","114267"
"2014-12-04","FileInfo.java","15142","131404","146546"
"2013-10-12","Journal.java","14086","113109","127195"
"2012-10-18","Journal.java","9185","50027","59212"
"2013-05-04","Journal.java","13066","104855","117921"
"2014-03-07","Journal.java","14852","120345","135197"
"2012-10-16","Journal.java","8524","46795","55319"
"2013-12-06","Journal.java","14289","116334","130623"
"2015-02-23","Journal.java","15613","137134","152747"
"2014-04-29","Journal.java","14897","122702","137599"
"2015-04-21","Journal.java","15615","137372","152987"
"2013-07-20","Journal.java","13289","110176","123465"
"2013-07-04","Journal.java","13264","109914","123178"
"2013-10-02","Journal.java","13355","111455","124810"
"2012-12-27","PendingAddOp.java","6238","30406","36644"
"2015-10-06","PendingAddOp.java","12665","103236","115901"
"2015-10-22","PendingAddOp.java","12688","104089","116777"
"2014-02-05","PendingAddOp.java","11112","82805","93917"
"2013-04-26","PendingAddOp.java","8778","67608","76386"
"2014-02-21","PendingAddOp.java","11210","84066","95276"
"2013-09-11","PendingAddOp.java","9316","74806","84122"
"2015-04-21","PendingAddOp.java","12261","101415","113676"
"2014-01-21","PendingAddOp.java","10484","81374","91858"
"2015-07-10","BookieInitializationTest.java","2759","15035","17794"
"2014-12-10","BookieInitializationTest.java","2293","11929","14222"
"2012-09-12","DistributionSchedule.java","1356","12885","14241"
"2015-10-22","PendingAddOp.java","33","863","896"
"2012-08-17","DistributionSchedule.java","14337","56997","71334"
"2012-09-12","DistributionSchedule.java","14547","68736","83283"
"2012-02-13","DistributionSchedule.java","4625","16631","21256"
"2012-12-27","PendingAddOp.java","16347","93006","109353"
"2011-11-17","PendingAddOp.java","254","897","1151"
"2012-09-12","PendingAddOp.java","13408","65899","79307"
"2015-10-06","PendingAddOp.java","18964","162026","180990"
"2015-10-22","PendingAddOp.java","18973","162865","181838"
"2014-02-05","PendingAddOp.java","18498","142682","161180"
"2013-04-26","PendingAddOp.java","17799","129120","146919"
"2014-02-21","PendingAddOp.java","18534","143881","162415"
"2013-09-11","PendingAddOp.java","18052","136033","154085"
"2012-04-02","PendingAddOp.java","9922","28001","37923"
"2015-04-21","PendingAddOp.java","18923","160568","179491"
"2014-01-21","PendingAddOp.java","18235","141616","159851"
"2013-10-12","Journal.java","8135","68887","77022"
"2012-10-18","Journal.java","956","3527","4483"
"2013-05-04","Journal.java","6902","60420","67322"
"2014-03-07","Journal.java","9274","76496","85770"
"2013-12-06","Journal.java","8395","72169","80564"
"2015-02-23","Journal.java","10340","93590","103930"
"2014-04-29","Journal.java","9334","78868","88202"
"2015-04-21","Journal.java","10345","93831","104176"
"2013-07-20","Journal.java","7183","65799","72982"
"2013-07-04","Journal.java","7156","65535","72691"
"2013-10-02","Journal.java","7337","67166","74503"
"2013-10-12","BookieJournalRollingTest.java","14185","114435","128620"
"2013-05-31","BookieJournalRollingTest.java","13298","106743","120041"
"2014-07-24","BookieJournalRollingTest.java","15260","126537","141797"
"2015-04-21","BookKeeperConstants.java","8300","78221","86521"
"2012-08-24","TestLedgerUnderreplicationManager.java","787","5355","6142"
"2012-08-27","TestLedgerUnderreplicationManager.java","796","6299","7095"
"2012-10-16","TestLedgerUnderreplicationManager.java","3892","21901","25793"
"2013-10-12","TestLedgerUnderreplicationManager.java","10149","88919","99068"
"2012-12-18","TestLedgerUnderreplicationManager.java","5830","41675","47505"
"2012-10-04","TestLedgerUnderreplicationManager.java","3879","20117","23996"
"2015-07-10","TestLedgerUnderreplicationManager.java","12064","114129","126193"
"2012-12-08","TestLedgerUnderreplicationManager.java","5487","37270","42757"
"2012-12-08","TestLedgerUnderreplicationManager.java","5487","37270","42757"
"2013-05-31","TestLedgerUnderreplicationManager.java","9164","81129","90293"
"2014-05-12","MetastoreTable.java","9324","68988","78312"
"2014-04-29","BookieJournalTest.java","19811","137496","157307"
"2013-10-11","BookieJournalTest.java","19161","127523","146684"
"2014-12-10","BookieJournalTest.java","20293","149851","170144"
"2013-10-12","BookieJournalTest.java","19219","128122","147341"
"2012-02-17","BookieJournalTest.java","327","831","1158"
"2012-02-09","BookieJournalTest.java","163","212","375"
"2012-03-29","BookieJournalTest.java","8566","15657","24223"
"2012-05-25","BookieJournalTest.java","9820","20954","30774"
"2012-03-13","BookieJournalTest.java","1270","5717","6987"
"2012-07-05","BookieJournalTest.java","10760","30359","41119"
"2013-10-12","ServerConfiguration.java","19096","127706","146802"
"2013-06-15","ServerConfiguration.java","18904","124809","143713"
"2012-12-11","ServerConfiguration.java","16652","78649","95301"
"2014-05-09","ServerConfiguration.java","19703","137736","157439"
"2014-03-12","ServerConfiguration.java","19677","136559","156236"
"2014-01-22","ServerConfiguration.java","19400","133145","152545"
"2012-03-29","ServerConfiguration.java","8386","15184","23570"
"2012-02-24","ServerConfiguration.java","154","926","1080"
"2014-04-29","ServerConfiguration.java","19703","137095","156798"
"2013-02-08","ServerConfiguration.java","17700","117557","135257"
"2013-12-02","ServerConfiguration.java","19237","130717","149954"
"2014-03-07","ServerConfiguration.java","19669","134749","154418"
"2012-03-08","ServerConfiguration.java","467","2320","2787"
"2015-04-21","ServerConfiguration.java","20210","151721","171931"
"2012-09-12","ServerConfiguration.java","13312","55692","69004"
"2012-11-30","ServerConfiguration.java","16449","77490","93939"
"2012-10-18","ServerConfiguration.java","16106","66535","82641"
"2014-09-18","ServerConfiguration.java","20112","148210","168322"
"2014-01-21","ServerConfiguration.java","19270","132000","151270"
"2013-02-19","ServerConfiguration.java","18488","118298","136786"
"2014-01-15","ServerConfiguration.java","19243","131067","150310"
"2013-01-04","ServerConfiguration.java","17370","85066","102436"
"2013-02-19","ServerConfiguration.java","18488","118279","136767"
"2013-01-14","ServerConfiguration.java","17573","86717","104290"
"2014-05-06","ServerConfiguration.java","19703","137142","156845"
"2014-05-15","ServerConfiguration.java","19703","138056","157759"
"2015-01-12","ServerConfiguration.java","20200","150332","170532"
"2015-01-16","ServerConfiguration.java","20200","151270","171470"
"2013-10-22","ServerConfiguration.java","19149","128132","147281"
"2015-04-21","ServerConfiguration.java","20211","151755","171966"
"2012-08-17","DistributionSchedule.java","12604","43258","55862"
"2012-09-12","DistributionSchedule.java","13319","55502","68821"
"2014-06-03","LedgerUnderreplicationManager.java","6042","57966","64008"
"2014-12-10","BookieJournalTest.java","2558","14431","16989"
"2012-08-27","TestLedgerUnderreplicationManager.java","7","942","949"
"2012-10-16","TestLedgerUnderreplicationManager.java","3385","16826","20211"
"2013-10-12","TestLedgerUnderreplicationManager.java","9770","83972","93742"
"2012-12-18","TestLedgerUnderreplicationManager.java","5429","36706","42135"
"2012-10-04","TestLedgerUnderreplicationManager.java","3284","14954","18238"
"2015-07-10","TestLedgerUnderreplicationManager.java","11800","109297","121097"
"2012-12-08","TestLedgerUnderreplicationManager.java","5085","32300","37385"
"2012-12-08","TestLedgerUnderreplicationManager.java","5085","32300","37385"
"2013-05-31","TestLedgerUnderreplicationManager.java","8784","76181","84965"
"2014-04-29","BookieJournalTest.java","2953","12276","15229"
"2014-12-10","BookieJournalTest.java","4693","25889","30582"
"2013-10-12","BookieJournalTest.java","214","755","969"
"2012-10-16","TestLedgerUnderreplicationManager.java","3547","16053","19600"
"2013-10-12","TestLedgerUnderreplicationManager.java","9985","83252","93237"
"2012-12-18","TestLedgerUnderreplicationManager.java","5605","35947","41552"
"2012-10-04","TestLedgerUnderreplicationManager.java","3441","14176","17617"
"2015-07-10","TestLedgerUnderreplicationManager.java","12088","108650","120738"
"2012-12-08","TestLedgerUnderreplicationManager.java","5248","31528","36776"
"2012-12-08","TestLedgerUnderreplicationManager.java","5248","31528","36776"
"2013-05-31","TestLedgerUnderreplicationManager.java","8998","75460","84458"
"2014-12-04","FileInfo.java","3615","22971","26586"
"2013-10-11","FileInfo.java","19257","126550","145807"
"2012-12-18","FileInfo.java","16904","82103","99007"
"2012-10-26","FileInfo.java","16232","67411","83643"
"2012-06-13","FileInfo.java","9767","21462","31229"
"2013-10-22","FileInfo.java","19439","128040","147479"
"2013-05-04","FileInfo.java","18944","119544","138488"
"2012-03-29","FileInfo.java","8385","14407","22792"
"2014-12-04","FileInfo.java","20350","148307","168657"
"2015-10-06","ReadEntryProcessor.java","2400","9472","11872"
"2014-12-06","BookieShell.java","8056","71978","80034"
"2013-10-02","BookieShell.java","4896","47513","52409"
"2014-06-03","BookieShell.java","7381","61823","69204"
"2014-02-05","BookieShell.java","6998","55699","62697"
"2014-09-29","BookieShell.java","8006","71371","79377"
"2013-02-26","BookieShell.java","3726","38433","42159"
"2015-01-13","BookieShell.java","8310","74077","82387"
"2014-12-06","BookieShell.java","8050","71768","79818"
"2014-02-05","EnsemblePlacementPolicy.java","3504","11905","15409"
"2014-06-03","LedgerUnderreplicationManager.java","9474","83016","92490"
"2013-01-04","LedgerUnderreplicationManager.java","4805","26423","31228"
"2014-02-05","TestPerChannelBookieClient.java","3224","9714","12938"
"2014-07-24","TestPerChannelBookieClient.java","4172","16420","20592"
"2014-05-27","TestPerChannelBookieClient.java","3737","14942","18679"
"2015-10-06","TestPerChannelBookieClient.java","6076","31218","37294"
"2014-12-10","LedgerCacheTest.java","15295","133226","148521"
"2012-10-26","LedgerCacheTest.java","8883","49504","58387"
"2014-07-24","LedgerCacheTest.java","14878","123181","138059"
"2012-12-24","LedgerCacheTest.java","10209","64958","75167"
"2012-12-24","LedgerCacheTest.java","10265","65236","75501"
"2012-12-08","LedgerCacheTest.java","9489","59778","69267"
"2013-10-12","LedgerCacheTest.java","13735","111011","124746"
"2014-03-12","LedgerCacheTest.java","14556","120104","134660"
"2013-12-02","LedgerCacheTest.java","13955","114101","128056"
"2013-02-12","LedgerCacheTest.java","11455","99938","111393"
"2013-01-07","LedgerCacheTest.java","10803","67194","77997"
"2013-08-12","LedgerCacheTest.java","12927","108806","121733"
"2013-10-12","ServerConfiguration.java","3450","12203","15653"
"2013-06-15","ServerConfiguration.java","2108","8156","10264"
"2014-05-09","ServerConfiguration.java","5206","23382","28588"
"2014-03-12","ServerConfiguration.java","5094","22119","27213"
"2014-01-22","ServerConfiguration.java","4184","18072","22256"
"2014-04-29","ServerConfiguration.java","5188","22723","27911"
"2013-12-02","ServerConfiguration.java","3782","15405","19187"
"2014-03-07","ServerConfiguration.java","5018","20241","25259"
"2015-04-21","ServerConfiguration.java","6410","38064","44474"
"2014-09-18","ServerConfiguration.java","5958","34199","40157"
"2014-01-21","ServerConfiguration.java","3898","16771","20669"
"2013-02-19","ServerConfiguration.java","990","943","1933"
"2014-01-15","ServerConfiguration.java","3862","15829","19691"
"2013-02-19","ServerConfiguration.java","984","918","1902"
"2014-05-06","ServerConfiguration.java","5191","22773","27964"
"2014-05-15","ServerConfiguration.java","5211","23707","28918"
"2015-01-12","ServerConfiguration.java","6355","36630","42985"
"2015-01-16","ServerConfiguration.java","6358","37571","43929"
"2013-10-22","ServerConfiguration.java","3655","12781","16436"
"2015-04-21","ServerConfiguration.java","6406","38093","44499"
"2014-04-29","BookieJournalTest.java","2831","11613","14444"
"2014-12-10","BookieJournalTest.java","4587","25242","29829"
"2013-10-12","TestLedgerUnderreplicationManager.java","8136","68897","77033"
"2012-12-18","TestLedgerUnderreplicationManager.java","3359","21195","24554"
"2015-07-10","TestLedgerUnderreplicationManager.java","10513","94569","105082"
"2012-12-08","TestLedgerUnderreplicationManager.java","2787","16561","19348"
"2012-12-08","TestLedgerUnderreplicationManager.java","2787","16561","19348"
"2013-05-31","TestLedgerUnderreplicationManager.java","7049","61005","68054"
"2014-09-06","CodahaleMetricsProvider.java","3453","20086","23539"
"2014-01-21","CodahaleMetricsProvider.java","500","2267","2767"
"2014-09-22","CodahaleMetricsProvider.java","3569","20381","23950"
"2015-07-10","TestLedgerUnderreplicationManager.java","4921","28216","33137"
"2013-09-10","LedgerCreateDeleteTest.java","13753","113504","127257"
"2014-05-09","ServerConfiguration.java","2132","8685","10817"
"2014-03-12","ServerConfiguration.java","1999","7401","9400"
"2014-01-22","ServerConfiguration.java","723","2988","3711"
"2014-04-29","ServerConfiguration.java","2114","8026","10140"
"2014-03-07","ServerConfiguration.java","1866","5466","7332"
"2015-04-21","ServerConfiguration.java","4087","24118","28205"
"2014-09-18","ServerConfiguration.java","3515","20133","23648"
"2014-01-21","ServerConfiguration.java","391","1641","2032"
"2014-01-15","ServerConfiguration.java","112","456","568"
"2014-05-06","ServerConfiguration.java","2117","8076","10193"
"2014-05-15","ServerConfiguration.java","2137","9010","11147"
"2015-01-12","ServerConfiguration.java","3983","22635","26618"
"2015-01-16","ServerConfiguration.java","3992","23582","27574"
"2015-04-21","ServerConfiguration.java","4097","24161","28258"
"2013-10-12","TestLedgerUnderreplicationManager.java","5572","48497","54069"
"2015-07-10","TestLedgerUnderreplicationManager.java","8421","74641","83062"
"2013-05-31","TestLedgerUnderreplicationManager.java","4249","40369","44618"
"2014-04-29","BookieJournalTest.java","19710","136891","156601"
"2013-10-11","BookieJournalTest.java","19041","126899","145940"
"2014-12-10","BookieJournalTest.java","20218","149272","169490"
"2013-10-12","BookieJournalTest.java","19102","127501","146603"
"2012-03-29","BookieJournalTest.java","8376","14963","23339"
"2012-05-25","BookieJournalTest.java","9668","20298","29966"
"2012-03-13","BookieJournalTest.java","1006","4949","5955"
"2012-07-05","BookieJournalTest.java","10631","29726","40357"
"2014-05-09","ServerConfiguration.java","270","3223","3493"
"2014-03-12","ServerConfiguration.java","134","1936","2070"
"2014-04-29","ServerConfiguration.java","251","2563","2814"
"2015-04-21","ServerConfiguration.java","2903","19334","22237"
"2014-09-18","ServerConfiguration.java","2150","15168","17318"
"2014-05-06","ServerConfiguration.java","254","2613","2867"
"2014-05-15","ServerConfiguration.java","283","3556","3839"
"2015-01-12","ServerConfiguration.java","2761","17813","20574"
"2015-01-16","ServerConfiguration.java","2769","18759","21528"
"2015-04-21","ServerConfiguration.java","2915","19379","22294"
"2012-10-16","TestLedgerUnderreplicationManager.java","207","1978","2185"
"2013-10-12","TestLedgerUnderreplicationManager.java","8160","70692","78852"
"2012-12-18","TestLedgerUnderreplicationManager.java","3466","23073","26539"
"2015-07-10","TestLedgerUnderreplicationManager.java","10506","96333","106839"
"2012-12-08","TestLedgerUnderreplicationManager.java","2907","18452","21359"
"2012-12-08","TestLedgerUnderreplicationManager.java","2907","18452","21359"
"2013-05-31","TestLedgerUnderreplicationManager.java","7094","62821","69915"
"2013-01-09","DiskChecker.java","4235","21886","26121"
"2014-01-15","DiskChecker.java","7660","69055","76715"
"2014-05-12","MSLedgerManagerFactory.java","7354","62929","70283"
"2015-09-15","MSLedgerManagerFactory.java","9012","78443","87455"
"2014-01-17","MSLedgerManagerFactory.java","6279","55683","61962"
"2012-12-24","MSLedgerManagerFactory.java","1326","4633","5959"
"2013-10-02","MSLedgerManagerFactory.java","5076","50071","55147"
"2013-04-04","MSLedgerManagerFactory.java","4266","42310","46576"
"2015-10-06","PendingAddOp.java","3746","22624","26370"
"2015-10-22","PendingAddOp.java","3774","23482","27256"
"2014-02-21","PendingAddOp.java","201","1364","1565"
"2015-04-21","PendingAddOp.java","2945","20406","23351"
"2015-10-06","PendingAddOp.java","6026","37767","43793"
"2015-10-22","PendingAddOp.java","6053","38624","44677"
"2014-02-05","PendingAddOp.java","3706","16569","20275"
"2014-02-21","PendingAddOp.java","3869","17895","21764"
"2013-09-11","PendingAddOp.java","1001","7661","8662"
"2015-04-21","PendingAddOp.java","5366","35690","41056"
"2014-01-21","PendingAddOp.java","2801","14861","17662"
"2014-04-29","BookieJournalTest.java","19781","137417","157198"
"2013-10-11","BookieJournalTest.java","19128","127441","146569"
"2014-12-10","BookieJournalTest.java","20260","149769","170029"
"2013-10-12","BookieJournalTest.java","19186","128040","147226"
"2012-02-17","BookieJournalTest.java","179","634","813"
"2012-03-29","BookieJournalTest.java","8511","15553","24064"
"2012-05-25","BookieJournalTest.java","9778","20863","30641"
"2012-03-13","BookieJournalTest.java","1158","5556","6714"
"2012-07-05","BookieJournalTest.java","10720","30270","40990"
"2014-04-29","BookieJournalTest.java","14912","125506","140418"
"2013-10-11","BookieJournalTest.java","14075","115346","129421"
"2014-12-10","BookieJournalTest.java","15580","138047","153627"
"2013-10-12","BookieJournalTest.java","14164","115976","130140"
"2012-05-25","BookieJournalTest.java","1654","5697","7351"
"2012-07-05","BookieJournalTest.java","3986","16494","20480"
"2014-12-10","LedgerCacheTest.java","2653","15036","17689"
"2014-07-24","LedgerCacheTest.java","834","3589","4423"
"2014-01-15","DiskChecker.java","4214","47958","52172"
"2015-10-06","PendingAddOp.java","3727","21442","25169"
"2015-10-22","PendingAddOp.java","3755","22300","26055"
"2015-04-21","PendingAddOp.java","2903","19201","22104"
"2014-09-22","CodahaleMetricsProvider.java","387","566","953"
"2015-10-06","PendingAddOp.java","5964","31045","37009"
"2015-10-22","PendingAddOp.java","5991","31902","37893"
"2014-02-05","PendingAddOp.java","3076","9279","12355"
"2014-02-21","PendingAddOp.java","3253","10619","13872"
"2015-04-21","PendingAddOp.java","5265","28929","34194"
"2014-01-21","PendingAddOp.java","1962","7362","9324"
"2012-12-27","PendingAddOp.java","11318","69898","81216"
"2012-09-12","PendingAddOp.java","7000","41412","48412"
"2015-10-06","PendingAddOp.java","16189","141172","157361"
"2015-10-22","PendingAddOp.java","16199","142012","158211"
"2014-02-05","PendingAddOp.java","15142","121247","136389"
"2013-04-26","PendingAddOp.java","13460","106702","120162"
"2014-02-21","PendingAddOp.java","15209","122477","137686"
"2013-09-11","PendingAddOp.java","13768","113670","127438"
"2015-04-21","PendingAddOp.java","15939","139505","155444"
"2014-01-21","PendingAddOp.java","14771","120073","134844"
"2015-09-15","MSLedgerManagerFactory.java","3534","17390","20924"
"2012-12-18","AuditorBookieTest.java","5862","34682","40544"
"2014-02-05","AuditorBookieTest.java","11253","88267","99520"
"2012-10-26","AuditorBookieTest.java","4687","20337","25024"
"2013-06-15","AuditorBookieTest.java","9358","78398","87756"
"2013-01-07","AuditorBookieTest.java","7171","38215","45386"
"2012-07-23","BKStats.java","13318","37733","51051"
"2012-12-13","BookieReadWriteTest.java","17334","93996","111330"
"2014-07-24","BookieReadWriteTest.java","19365","151005","170370"
"2012-06-19","BookieReadWriteTest.java","12679","37919","50598"
"2012-05-25","BookieReadWriteTest.java","12570","35414","47984"
"2014-01-21","BookieReadWriteTest.java","18987","143720","162707"
"2013-05-31","BookieReadWriteTest.java","18788","132596","151384"
"2012-02-13","BookieReadWriteTest.java","4520","16446","20966"
"2014-09-06","CodahaleMetricsProvider.java","3280","18146","21426"
"2014-09-22","CodahaleMetricsProvider.java","3519","18564","22083"
"2013-10-12","TestLedgerUnderreplicationManager.java","5881","52868","58749"
"2012-12-18","TestLedgerUnderreplicationManager.java","631","4693","5324"
"2015-07-10","TestLedgerUnderreplicationManager.java","8494","78776","87270"
"2013-05-31","TestLedgerUnderreplicationManager.java","4635","44817","49452"
"2013-10-12","TestLedgerUnderreplicationManager.java","5877","52864","58741"
"2012-12-18","TestLedgerUnderreplicationManager.java","627","4689","5316"
"2015-07-10","TestLedgerUnderreplicationManager.java","8490","78772","87262"
"2013-05-31","TestLedgerUnderreplicationManager.java","4631","44813","49444"
"2014-02-05","LedgerChecker.java","11012","94234","105246"
"2014-02-21","LedgerChecker.java","11104","95489","106593"
"2015-10-06","PendingAddOp.java","1063","2480","3543"
"2015-10-22","PendingAddOp.java","1095","3342","4437"
"2013-10-11","FileInfo.java","1681","8374","10055"
"2013-10-22","FileInfo.java","2210","10211","12421"
"2014-12-04","FileInfo.java","4937","32294","37231"
"2015-10-06","PendingAddOp.java","4842","24523","29365"
"2015-10-22","PendingAddOp.java","4870","25381","30251"
"2014-02-05","PendingAddOp.java","1184","1987","3171"
"2014-02-21","PendingAddOp.java","1382","3348","4730"
"2015-04-21","PendingAddOp.java","4052","22316","26368"
"2014-07-15","BenchThroughputLatency.java","2449","12597","15046"
"2013-10-12","ServerConfiguration.java","19831","130636","150467"
"2013-06-15","ServerConfiguration.java","19686","127786","147472"
"2012-12-11","ServerConfiguration.java","17463","81655","99118"
"2014-05-09","ServerConfiguration.java","20391","140619","161010"
"2014-03-12","ServerConfiguration.java","20391","139468","159859"
"2014-01-22","ServerConfiguration.java","20115","136055","156170"
"2012-03-29","ServerConfiguration.java","9629","18622","28251"
"2012-02-24","ServerConfiguration.java","1531","4498","6029"
"2014-04-29","ServerConfiguration.java","20391","139978","160369"
"2012-02-15","ServerConfiguration.java","1421","3616","5037"
"2013-02-08","ServerConfiguration.java","18485","120537","139022"
"2013-12-02","ServerConfiguration.java","19962","133637","153599"
"2014-03-07","ServerConfiguration.java","20383","137658","158041"
"2012-03-08","ServerConfiguration.java","1841","5889","7730"
"2015-04-21","ServerConfiguration.java","20835","154541","175376"
"2012-09-12","ServerConfiguration.java","14226","58801","73027"
"2012-11-30","ServerConfiguration.java","17261","80497","97758"
"2012-10-18","ServerConfiguration.java","17011","69635","86646"
"2014-09-18","ServerConfiguration.java","20791","151084","171875"
"2014-01-21","ServerConfiguration.java","19994","134919","154913"
"2013-02-19","ServerConfiguration.java","19273","121278","140551"
"2014-01-15","ServerConfiguration.java","19967","133986","153953"
"2013-01-04","ServerConfiguration.java","18164","88055","106219"
"2013-02-19","ServerConfiguration.java","19273","121259","140532"
"2013-01-14","ServerConfiguration.java","18363","89702","108065"
"2014-05-06","ServerConfiguration.java","20391","140025","160416"
"2014-05-15","ServerConfiguration.java","20391","140939","161330"
"2015-01-12","ServerConfiguration.java","20825","153152","173977"
"2015-01-16","ServerConfiguration.java","20825","154090","174915"
"2013-10-22","ServerConfiguration.java","19878","131056","150934"
"2015-04-21","ServerConfiguration.java","20836","154575","175411"
"2014-07-24","BookieReadWriteTest.java","7672","62650","70322"
"2014-01-21","BookieReadWriteTest.java","6146","54217","60363"
"2013-05-31","BookieReadWriteTest.java","4512","41658","46170"
"2011-09-05","BookieReadWriteTest.java","4901","10804","15705"
"2012-12-13","BookieReadWriteTest.java","14570","97135","111705"
"2014-07-24","BookieReadWriteTest.java","16446","153989","170435"
"2012-06-19","BookieReadWriteTest.java","10388","41531","51919"
"2012-05-25","BookieReadWriteTest.java","10317","39064","49381"
"2014-01-21","BookieReadWriteTest.java","16113","146749","162862"
"2011-08-11","BookieReadWriteTest.java","91","358","449"
"2011-08-11","BookieReadWriteTest.java","61","313","374"
"2013-05-31","BookieReadWriteTest.java","15934","135645","151579"
"2012-02-13","BookieReadWriteTest.java","8637","26466","35103"
"2014-05-12","MSLedgerManagerFactory.java","2009","8180","10189"
"2015-09-15","MSLedgerManagerFactory.java","4673","24700","29373"
"2013-10-11","FileInfo.java","14075","115346","129421"
"2012-12-18","FileInfo.java","10879","70056","80935"
"2012-10-26","FileInfo.java","10009","55166","65175"
"2012-06-13","FileInfo.java","1811","7484","9295"
"2013-10-22","FileInfo.java","14337","116916","131253"
"2013-05-04","FileInfo.java","13206","107784","120990"
"2014-12-04","FileInfo.java","15407","137342","152749"
"2014-02-05","AuditorBookieTest.java","6786","54980","61766"
"2013-06-15","AuditorBookieTest.java","4352","44572","48924"
"2013-01-07","AuditorBookieTest.java","1749","3973","5722"
"2013-02-08","BenchThroughputLatency.java","11382","99887","111269"
"2013-10-14","BenchThroughputLatency.java","13764","111056","124820"
"2012-09-12","BenchThroughputLatency.java","5682","36516","42198"
"2013-10-29","BenchThroughputLatency.java","13940","112101","126041"
"2014-07-15","BenchThroughputLatency.java","14646","122955","137601"
"2013-10-12","ServerConfiguration.java","19426","126183","145609"
"2013-06-15","ServerConfiguration.java","19221","123273","142494"
"2012-12-11","ServerConfiguration.java","16768","76912","93680"
"2014-05-09","ServerConfiguration.java","20108","136288","156396"
"2014-03-12","ServerConfiguration.java","20081","135110","155191"
"2014-01-22","ServerConfiguration.java","19789","131681","151470"
"2012-03-29","ServerConfiguration.java","8239","13184","21423"
"2014-04-29","ServerConfiguration.java","20108","135647","155755"
"2013-02-08","ServerConfiguration.java","18014","116018","134032"
"2013-12-02","ServerConfiguration.java","19590","129217","148807"
"2014-03-07","ServerConfiguration.java","20072","133299","153371"
"2015-04-21","ServerConfiguration.java","20659","150317","170976"
"2012-09-12","ServerConfiguration.java","13372","53899","67271"
"2012-11-30","ServerConfiguration.java","16559","75747","92306"
"2012-10-18","ServerConfiguration.java","16175","64751","80926"
"2014-09-18","ServerConfiguration.java","20528","146773","167301"
"2014-01-21","ServerConfiguration.java","19635","130512","150147"
"2013-02-19","ServerConfiguration.java","18801","116758","135559"
"2014-01-15","ServerConfiguration.java","19608","129579","149187"
"2013-01-04","ServerConfiguration.java","17513","83356","100869"
"2013-02-19","ServerConfiguration.java","18801","116739","135540"
"2013-01-14","ServerConfiguration.java","17886","85177","103063"
"2014-05-06","ServerConfiguration.java","20108","135694","155802"
"2014-05-15","ServerConfiguration.java","20108","136608","156716"
"2015-01-12","ServerConfiguration.java","20639","148918","169557"
"2015-01-16","ServerConfiguration.java","20640","149857","170497"
"2013-10-22","ServerConfiguration.java","19501","126631","146132"
"2015-04-21","ServerConfiguration.java","20660","150351","171011"
"2014-02-21","LedgerChecker.java","201","1364","1565"
"2014-12-10","LedgerCacheTest.java","3979","21764","25743"
"2014-07-24","LedgerCacheTest.java","2720","10877","13597"
"2014-03-12","LedgerCacheTest.java","1999","7401","9400"
"2014-12-10","LedgerCacheTest.java","6303","35751","42054"
"2014-07-24","LedgerCacheTest.java","5631","25451","31082"
"2013-10-12","LedgerCacheTest.java","3400","12193","15593"
"2014-03-12","LedgerCacheTest.java","5046","22111","27157"
"2013-12-02","LedgerCacheTest.java","3734","15397","19131"
"2013-08-12","LedgerCacheTest.java","2208","9604","11812"
"2014-03-07","Journal.java","1831","5279","7110"
"2015-02-23","Journal.java","3992","23468","27460"
"2014-04-29","Journal.java","2079","7839","9918"
"2015-04-21","Journal.java","4042","23754","27796"
"2014-04-29","BookieJournalTest.java","14592","121143","135735"
"2013-10-11","BookieJournalTest.java","13672","110900","124572"
"2014-12-10","BookieJournalTest.java","15304","133728","149032"
"2013-10-12","BookieJournalTest.java","13776","111545","125321"
"2012-07-05","BookieJournalTest.java","2461","10926","13387"
"2014-01-21","PendingReadOp.java","19001","144080","163081"
"2012-12-13","PendingReadOp.java","17306","92856","110162"
"2013-03-25","PendingReadOp.java","18737","131393","150130"
"2012-11-07","PendingReadOp.java","17036","85396","102432"
"2014-02-05","PendingReadOp.java","19159","145041","164200"
"2015-04-21","PendingReadOp.java","19430","162773","182203"
"2012-12-03","PendingReadOp.java","17081","90809","107890"
"2012-03-31","PendingReadOp.java","11840","31479","43319"
"2013-09-11","PendingReadOp.java","18868","138547","157415"
"2012-08-17","Version.java","3885","20531","24416"
"2015-04-21","SortedLedgerStorage.java","2814","17476","20290"
"2013-05-31","LedgerDeleteTest.java","18788","132596","151384"
"2012-11-26","LedgerDeleteTest.java","17067","87957","105024"
"2014-07-24","LedgerDeleteTest.java","19365","151005","170370"
"2012-06-19","LedgerDeleteTest.java","12679","37919","50598"
"2011-11-18","LedgerDeleteTest.java","3592","7221","10813"
"2014-01-22","LedgerDeleteTest.java","19065","144813","163878"
"2013-05-04","LedgerDeleteTest.java","18739","132118","150857"
"2014-02-05","PendingReadOp.java","1184","1987","3171"
"2015-04-21","PendingReadOp.java","4052","22316","26368"
"2014-01-21","PendingReadOp.java","6235","55764","61999"
"2013-03-25","PendingReadOp.java","4105","41211","45316"
"2014-02-05","PendingReadOp.java","7026","57358","64384"
"2015-04-21","PendingReadOp.java","8357","76150","84507"
"2013-09-11","PendingReadOp.java","4894","49023","53917"
"2012-12-13","BookieReadWriteTest.java","9070","60492","69562"
"2014-07-24","BookieReadWriteTest.java","14466","120866","135332"
"2014-01-21","BookieReadWriteTest.java","13556","113049","126605"
"2013-05-31","BookieReadWriteTest.java","12335","100903","113238"
"2014-01-21","PendingReadOp.java","2907","15330","18237"
"2014-02-05","PendingReadOp.java","3809","17035","20844"
"2015-04-21","PendingReadOp.java","5466","36153","41619"
"2013-09-11","PendingReadOp.java","1110","8133","9243"
"2014-01-21","PendingReadOp.java","7891","64610","72501"
"2012-12-13","PendingReadOp.java","2124","9314","11438"
"2013-03-25","PendingReadOp.java","5861","50157","56018"
"2014-02-05","PendingReadOp.java","8600","66122","74722"
"2015-04-21","PendingReadOp.java","9827","84810","94637"
"2012-12-03","PendingReadOp.java","436","5804","6240"
"2013-09-11","PendingReadOp.java","6605","57924","64529"
"2015-04-21","PendingReadOp.java","2945","20406","23351"
"2014-07-24","LedgerDeleteTest.java","4302","22134","26436"
"2014-01-22","LedgerDeleteTest.java","2732","14672","17404"
"2013-05-31","LedgerDeleteTest.java","6571","49489","56060"
"2014-07-24","LedgerDeleteTest.java","9488","70238","79726"
"2014-01-22","LedgerDeleteTest.java","8383","63241","71624"
"2013-05-04","LedgerDeleteTest.java","6424","48913","55337"
"2013-03-18","ResponseBuilder.java","187","400","587"
"2012-12-13","BookieReadWriteTest.java","9860","63678","73538"
"2014-07-24","BookieReadWriteTest.java","14876","123672","138548"
"2012-06-19","BookieReadWriteTest.java","952","3348","4300"
"2014-01-21","BookieReadWriteTest.java","14026","115915","129941"
"2013-05-31","BookieReadWriteTest.java","12877","103841","116718"
"2013-05-31","LedgerDeleteTest.java","12335","100903","113238"
"2012-11-26","LedgerDeleteTest.java","8591","54241","62832"
"2014-07-24","LedgerDeleteTest.java","14466","120866","135332"
"2014-01-22","LedgerDeleteTest.java","13732","114240","127972"
"2013-05-04","LedgerDeleteTest.java","12215","100354","112569"
"2013-10-12","TestLedgerUnderreplicationManager.java","1664","8469","10133"
"2015-07-10","TestLedgerUnderreplicationManager.java","5389","35489","40878"
"2015-04-21","CodahaleOpStatsLogger.java","4068","24093","28161"
"2014-12-10","LedgerCacheTest.java","6989","68529","75518"
"2014-07-24","LedgerCacheTest.java","6343","58255","64598"
"2013-10-12","LedgerCacheTest.java","4278","45163","49441"
"2014-03-12","LedgerCacheTest.java","5775","54932","60707"
"2013-12-02","LedgerCacheTest.java","4512","48267","52779"
"2013-02-12","LedgerCacheTest.java","1046","33138","34184"
"2013-08-12","LedgerCacheTest.java","3126","42614","45740"
"2013-05-31","LedgerDeleteTest.java","18075","128254","146329"
"2012-11-26","LedgerDeleteTest.java","16030","83291","99321"
"2014-07-24","LedgerDeleteTest.java","18947","146958","165905"
"2012-06-19","LedgerDeleteTest.java","10733","32344","43077"
"2014-01-22","LedgerDeleteTest.java","18490","140609","159099"
"2013-05-04","LedgerDeleteTest.java","17936","127686","145622"
"2014-07-24","LedgerDeleteTest.java","2067","7959","10026"
"2015-04-21","Journal.java","135","371","506"
"2014-12-10","LedgerCacheTest.java","5348","27400","32748"
"2014-07-24","LedgerCacheTest.java","4187","16611","20798"
"2013-10-12","LedgerCacheTest.java","1319","2716","4035"
"2014-03-12","LedgerCacheTest.java","3573","13242","16815"
"2013-12-02","LedgerCacheTest.java","1732","5999","7731"
"2015-02-23","Journal.java","2596","16312","18908"
"2015-04-21","Journal.java","2675","16627","19302"
"2015-04-21","WriteEntryProcessor.java","1509","7390","8899"
"2015-10-06","WriteEntryProcessor.java","2400","9472","11872"
"2013-10-11","FileInfo.java","18886","138958","157844"
"2012-02-17","FileInfo.java","4626","16840","21466"
"2011-11-17","FileInfo.java","2969","5310","8279"
"2011-11-04","FileInfo.java","2143","2215","4358"
"2012-02-09","FileInfo.java","4513","16272","20785"
"2012-12-18","FileInfo.java","17339","95317","112656"
"2012-10-26","FileInfo.java","16945","80903","97848"
"2012-06-13","FileInfo.java","12599","37073","49672"
"2013-10-22","FileInfo.java","18973","140353","159326"
"2012-02-24","FileInfo.java","4713","17492","22205"
"2013-05-04","FileInfo.java","18739","132118","150857"
"2012-03-29","FileInfo.java","11830","30631","42461"
"2014-12-04","FileInfo.java","19405","160141","179546"
"2013-02-08","FileSystemUpgrade.java","17723","117028","134751"
"2012-03-13","FileSystemUpgrade.java","1005","4607","5612"
"2012-12-08","FileSystemUpgrade.java","16603","77674","94277"
"2012-05-10","FileSystemUpgrade.java","9245","18280","27525"
"2014-09-18","FileSystemUpgrade.java","20152","147725","167877"
"2012-09-07","FileSystemUpgrade.java","13250","54394","67644"
"2015-10-06","WriteEntryProcessor.java","1056","2247","3303"
"2013-05-31","LedgerDeleteTest.java","276","705","981"
"2014-07-24","LedgerDeleteTest.java","4463","22724","27187"
"2014-01-22","LedgerDeleteTest.java","2909","15278","18187"
"2013-10-12","Journal.java","1472","3608","5080"
"2014-03-07","Journal.java","3600","12206","15806"
"2013-12-06","Journal.java","1902","7060","8962"
"2015-02-23","Journal.java","5527","30161","35688"
"2014-04-29","Journal.java","3825","14743","18568"
"2015-04-21","Journal.java","5539","30409","35948"
"2013-10-02","Journal.java","381","1594","1975"
"2014-02-05","TestFencing.java","18498","142682","161180"
"2011-11-29","TestFencing.java","1385","6226","7611"
"2012-04-02","TestFencing.java","9922","28001","37923"
"2014-07-24","TestFencing.java","18739","148681","167420"
"2011-11-18","TestFencing.java","939","2870","3809"
"2012-06-19","TestFencing.java","11045","34587","45632"
"2012-01-11","TestFencing.java","2013","7984","9997"
"2012-03-13","TestFencing.java","2832","17291","20123"
"2012-03-31","TestFencing.java","9907","27848","37755"
"2013-08-23","TestFencing.java","18040","135935","153975"
"2012-12-18","TestFencing.java","16282","92562","108844"
"2014-09-18","FileSystemUpgrade.java","6005","34273","40278"
"2014-05-12","MSLedgerManagerFactory.java","6474","58742","65216"
"2015-09-15","MSLedgerManagerFactory.java","8247","74371","82618"
"2014-01-17","MSLedgerManagerFactory.java","5306","51403","56709"
"2013-10-02","MSLedgerManagerFactory.java","4037","45725","49762"
"2013-04-04","MSLedgerManagerFactory.java","3159","37896","41055"
"2014-07-24","BookieReadWriteTest.java","2363","9270","11633"
"2013-10-12","ServerConfiguration.java","10007","76237","86244"
"2013-06-15","ServerConfiguration.java","9057","72582","81639"
"2012-12-11","ServerConfiguration.java","4960","24577","29537"
"2014-05-09","ServerConfiguration.java","11189","86842","98031"
"2014-03-12","ServerConfiguration.java","11135","85637","96772"
"2014-01-22","ServerConfiguration.java","10542","81907","92449"
"2014-04-29","ServerConfiguration.java","11175","86187","97362"
"2013-02-08","ServerConfiguration.java","7481","64958","72439"
"2013-12-02","ServerConfiguration.java","10251","79351","89602"
"2014-03-07","ServerConfiguration.java","11115","83815","94930"
"2015-04-21","ServerConfiguration.java","12193","101324","113517"
"2012-11-30","ServerConfiguration.java","4665","23326","27991"
"2012-10-18","ServerConfiguration.java","3765","11814","15579"
"2014-09-18","ServerConfiguration.java","11818","97536","109354"
"2014-01-21","ServerConfiguration.java","10316","80666","90982"
"2013-02-19","ServerConfiguration.java","8336","65766","74102"
"2014-01-15","ServerConfiguration.java","10286","79730","90016"
"2013-01-04","ServerConfiguration.java","6730","32046","38776"
"2013-02-19","ServerConfiguration.java","8336","65747","74083"
"2013-01-14","ServerConfiguration.java","7291","34055","41346"
"2014-05-06","ServerConfiguration.java","11175","86234","97409"
"2014-05-15","ServerConfiguration.java","11191","87164","98355"
"2015-01-12","ServerConfiguration.java","12156","99908","112064"
"2015-01-16","ServerConfiguration.java","12158","100848","113006"
"2013-10-22","ServerConfiguration.java","10111","76714","86825"
"2015-04-21","ServerConfiguration.java","12193","101357","113550"
"2011-09-05","BookieReadWriteTest.java","4875","10511","15386"
"2012-12-13","BookieReadWriteTest.java","14564","96862","111426"
"2014-07-24","BookieReadWriteTest.java","16459","153735","170194"
"2012-06-19","BookieReadWriteTest.java","10379","41255","51634"
"2012-05-25","BookieReadWriteTest.java","10294","38774","49068"
"2014-01-21","BookieReadWriteTest.java","16123","146492","162615"
"2013-05-31","BookieReadWriteTest.java","15944","135388","151332"
"2012-02-13","BookieReadWriteTest.java","8611","26173","34784"
"2014-12-10","LedgerDirsManagerTest.java","8427","74787","83214"
"2013-10-12","LedgerDirsManagerTest.java","5965","51670","57635"
"2014-07-24","LedgerDirsManagerTest.java","7798","64530","72328"
"2013-02-08","FileSystemUpgrade.java","17954","113657","131611"
"2012-12-08","FileSystemUpgrade.java","16620","74089","90709"
"2012-05-10","FileSystemUpgrade.java","8924","14357","23281"
"2014-09-18","FileSystemUpgrade.java","20581","144552","165133"
"2012-09-07","FileSystemUpgrade.java","13104","50646","63750"
"2015-07-10","ExponentialBackoffRetryPolicy.java","1878","6218","8096"
"2013-10-12","ServerConfiguration.java","7661","55230","62891"
"2013-06-15","ServerConfiguration.java","6526","51390","57916"
"2012-12-11","ServerConfiguration.java","2046","3002","5048"
"2014-05-09","ServerConfiguration.java","8963","65955","74918"
"2014-03-12","ServerConfiguration.java","8909","64750","73659"
"2014-01-22","ServerConfiguration.java","8258","60962","69220"
"2014-04-29","ServerConfiguration.java","8949","65300","74249"
"2013-02-08","ServerConfiguration.java","4817","43633","48450"
"2013-12-02","ServerConfiguration.java","7885","58324","66209"
"2014-03-07","ServerConfiguration.java","8884","62923","71807"
"2015-04-21","ServerConfiguration.java","10038","80508","90546"
"2014-09-18","ServerConfiguration.java","9625","76682","86307"
"2014-01-21","ServerConfiguration.java","7996","59685","67681"
"2013-02-19","ServerConfiguration.java","5704","44473","50177"
"2014-01-15","ServerConfiguration.java","7965","58748","66713"
"2013-01-04","ServerConfiguration.java","3971","10626","14597"
"2013-02-19","ServerConfiguration.java","5699","44449","50148"
"2013-01-14","ServerConfiguration.java","4596","12699","17295"
"2014-05-06","ServerConfiguration.java","8949","65347","74296"
"2014-05-15","ServerConfiguration.java","8965","66277","75242"
"2015-01-12","ServerConfiguration.java","9992","79083","89075"
"2015-01-16","ServerConfiguration.java","9994","80023","90017"
"2013-10-22","ServerConfiguration.java","7769","55711","63480"
"2015-04-21","ServerConfiguration.java","10034","80537","90571"
"2014-04-29","TestBKConfiguration.java","2831","11581","14412"
"2014-07-24","TestFencing.java","1183","6941","8124"
"2012-12-18","AuditorBookieTest.java","2238","15408","17646"
"2014-02-05","AuditorBookieTest.java","8364","69728","78092"
"2013-06-15","AuditorBookieTest.java","6138","59528","65666"
"2013-01-07","AuditorBookieTest.java","3697","19091","22788"
"2014-02-05","TestFencing.java","19529","138872","158401"
"2012-04-02","TestFencing.java","9332","22570","31902"
"2014-07-24","TestFencing.java","19815","144916","164731"
"2012-06-19","TestFencing.java","10981","29682","40663"
"2012-01-11","TestFencing.java","733","1863","2596"
"2012-03-13","TestFencing.java","2064","11682","13746"
"2012-03-31","TestFencing.java","9317","22417","31734"
"2013-08-23","TestFencing.java","18958","132012","150970"
"2012-12-18","TestFencing.java","16950","88389","105339"
"2014-01-21","PendingReadOp.java","8085","59436","67521"
"2012-12-13","PendingReadOp.java","2248","4070","6318"
"2013-03-25","PendingReadOp.java","6036","44964","51000"
"2014-02-05","PendingReadOp.java","8838","60992","69830"
"2015-04-21","PendingReadOp.java","10093","79708","89801"
"2013-09-11","PendingReadOp.java","6792","52743","59535"
"2013-10-12","ServerConfiguration.java","7324","65505","72829"
"2013-06-15","ServerConfiguration.java","6299","61775","68074"
"2012-12-11","ServerConfiguration.java","1988","13556","15544"
"2014-05-09","ServerConfiguration.java","8629","76233","84862"
"2014-03-12","ServerConfiguration.java","8575","75028","83603"
"2014-01-22","ServerConfiguration.java","7953","71269","79222"
"2014-04-29","ServerConfiguration.java","8615","75578","84193"
"2013-02-08","ServerConfiguration.java","4651","54079","58730"
"2013-12-02","ServerConfiguration.java","7581","68632","76213"
"2014-03-07","ServerConfiguration.java","8549","73200","81749"
"2015-04-21","ServerConfiguration.java","9669","90751","100420"
"2012-11-30","ServerConfiguration.java","1134","11746","12880"
"2014-09-18","ServerConfiguration.java","9266","86935","96201"
"2014-01-21","ServerConfiguration.java","7691","69992","77683"
"2013-02-19","ServerConfiguration.java","5532","54913","60445"
"2014-01-15","ServerConfiguration.java","7660","69055","76715"
"2013-01-04","ServerConfiguration.java","3833","21100","24933"
"2013-02-19","ServerConfiguration.java","5527","54889","60416"
"2013-01-14","ServerConfiguration.java","4435","23150","27585"
"2014-05-06","ServerConfiguration.java","8615","75625","84240"
"2014-05-15","ServerConfiguration.java","8631","76555","85186"
"2015-01-12","ServerConfiguration.java","9623","89326","98949"
"2015-01-16","ServerConfiguration.java","9625","90266","99891"
"2013-10-22","ServerConfiguration.java","7432","65986","73418"
"2015-04-21","ServerConfiguration.java","9665","90780","100445"
"2015-04-21","ServerConfiguration.java","839","4252","5091"
"2015-01-12","ServerConfiguration.java","655","2689","3344"
"2015-01-16","ServerConfiguration.java","664","3636","4300"
"2015-04-21","ServerConfiguration.java","852","4298","5150"
"2014-12-10","LedgerDirsManagerTest.java","4587","25242","29829"
"2014-07-24","LedgerDirsManagerTest.java","3366","14393","17759"
"2014-04-29","BookieJournalTest.java","20122","133360","153482"
"2013-10-11","BookieJournalTest.java","19320","123235","142555"
"2014-12-10","BookieJournalTest.java","20772","145883","166655"
"2013-10-12","BookieJournalTest.java","19402","123858","143260"
"2012-03-29","BookieJournalTest.java","7834","10478","18312"
"2012-05-25","BookieJournalTest.java","9368","16055","25423"
"2012-07-05","BookieJournalTest.java","10404","25556","35960"
"2014-12-10","LedgerDirsManagerTest.java","1949","11577","13526"
"2013-02-08","FileSystemUpgrade.java","3007","41241","44248"
"2014-09-18","FileSystemUpgrade.java","7942","74444","82386"
"2013-07-20","SyncThread.java","450","5735","6185"
"2013-10-12","SyncThread.java","1780","8860","10640"
"2015-04-21","WriteEntryProcessorV3.java","1509","7390","8899"
"2014-02-05","TestFencing.java","15142","121247","136389"
"2014-07-24","TestFencing.java","15525","127388","142913"
"2012-06-19","TestFencing.java","2403","7866","10269"
"2013-08-23","TestFencing.java","13749","113565","127314"
"2012-12-18","TestFencing.java","10871","69072","79943"
"2014-09-11","MultipleThreadReadTest.java","3464","18854","22318"
"2014-09-17","MultipleThreadReadTest.java","3500","18866","22366"
"2014-01-21","PendingReadOp.java","14755","120195","134950"
"2012-12-13","PendingReadOp.java","10854","66765","77619"
"2013-03-25","PendingReadOp.java","13437","106454","119891"
"2012-11-07","PendingReadOp.java","10263","58984","69247"
"2014-02-05","PendingReadOp.java","15124","121367","136491"
"2015-04-21","PendingReadOp.java","15905","139609","155514"
"2012-12-03","PendingReadOp.java","10458","64547","75005"
"2013-09-11","PendingReadOp.java","13757","113797","127554"
"2014-05-09","ServerConfiguration.java","1759","7062","8821"
"2014-03-12","ServerConfiguration.java","1626","5778","7404"
"2014-01-22","ServerConfiguration.java","341","1356","1697"
"2014-04-29","ServerConfiguration.java","1741","6403","8144"
"2014-03-07","ServerConfiguration.java","1493","3843","5336"
"2015-04-21","ServerConfiguration.java","4097","22878","26975"
"2014-09-18","ServerConfiguration.java","3515","18883","22398"
"2014-05-06","ServerConfiguration.java","1744","6453","8197"
"2014-05-15","ServerConfiguration.java","1772","7395","9167"
"2015-01-12","ServerConfiguration.java","3985","21387","25372"
"2015-01-16","ServerConfiguration.java","3993","22333","26326"
"2015-04-21","ServerConfiguration.java","4107","22921","27028"
"2015-09-15","GcLedgersTest.java","16013","141025","157038"
"2013-07-29","GcLedgersTest.java","13612","113551","127163"
"2013-04-04","GcLedgersTest.java","13351","106976","120327"
"2012-12-24","GcLedgersTest.java","11231","70119","81350"
"2014-07-24","GcLedgersTest.java","15358","127800","143158"
"2012-06-19","GcLedgersTest.java","2472","8514","10986"
"2014-02-05","AuditorBookieTest.java","3442","11416","14858"
"2014-05-12","MSLedgerManagerFactory.java","3500","14080","17580"
"2015-09-15","MSLedgerManagerFactory.java","5941","30377","36318"
"2014-01-17","MSLedgerManagerFactory.java","1619","6028","7647"
"2013-02-08","FileSystemUpgrade.java","11785","102055","113840"
"2012-12-08","FileSystemUpgrade.java","9906","61942","71848"
"2014-09-18","FileSystemUpgrade.java","15390","133928","149318"
"2012-09-07","FileSystemUpgrade.java","6135","38244","44379"
"2013-10-12","SyncThread.java","1395","3190","4585"
"2014-01-21","PendingReadOp.java","1962","7362","9324"
"2014-02-05","PendingReadOp.java","3076","9279","12355"
"2015-04-21","PendingReadOp.java","5265","28929","34194"
"2013-02-08","HardLink.java","13125","107597","120722"
"2014-09-17","MultipleThreadReadTest.java","38","14","52"
"2012-05-04","TestClient.java","12011","32807","44818"
"2012-05-09","TestClient.java","12195","33718","45913"
"2012-09-11","TestClient.java","14486","68186","82672"
"2011-11-17","TestClient.java","2969","5310","8279"
"2013-02-08","TestClient.java","17898","129758","147656"
"2014-02-05","RackawareEnsemblePlacementPolicy.java","3504","11905","15409"
"2015-09-15","GcLedgersTest.java","6071","31144","37215"
"2014-07-24","GcLedgersTest.java","4186","16689","20875"
"2013-12-06","BookieThread.java","796","3818","4614"
"2012-05-09","TestClient.java","335","1062","1397"
"2012-09-11","TestClient.java","6531","39435","45966"
"2013-02-08","TestClient.java","12094","103158","115252"
"2015-09-15","GcLedgersTest.java","6053","37440","43493"
"2013-07-29","GcLedgersTest.java","848","7162","8010"
"2014-07-24","GcLedgersTest.java","4586","23403","27989"
"2012-09-11","TestClient.java","6235","38412","44647"
"2013-02-08","TestClient.java","11847","102184","114031"
"2012-06-19","LedgerCreateOp.java","12679","37919","50598"
"2014-01-21","LedgerCreateOp.java","19001","144080","163081"
"2011-11-17","LedgerCreateOp.java","2969","5310","8279"
"2015-10-22","LedgerCreateOp.java","19474","165064","184538"
"2015-09-15","LedgerCreateOp.java","19467","163677","183144"
"2012-01-18","LedgerCreateOp.java","4430","12281","16711"
"2015-04-21","LedgerCreateOp.java","19430","162773","182203"
"2013-02-08","FileSystemUpgrade.java","7693","65854","73547"
"2012-12-08","FileSystemUpgrade.java","5133","25060","30193"
"2014-09-18","FileSystemUpgrade.java","12026","98455","110481"
"2011-09-05","BookieReadWriteTest.java","4941","10592","15533"
"2012-12-13","BookieReadWriteTest.java","14620","96933","111553"
"2014-07-24","BookieReadWriteTest.java","16520","153811","170331"
"2012-06-19","BookieReadWriteTest.java","10435","41326","51761"
"2012-05-25","BookieReadWriteTest.java","10350","38845","49195"
"2014-01-21","BookieReadWriteTest.java","16184","146568","162752"
"2013-05-31","BookieReadWriteTest.java","16005","135464","151469"
"2012-02-13","BookieReadWriteTest.java","8669","26246","34915"
"2014-02-05","BookieClient.java","19159","145041","164200"
"2013-10-29","BookieClient.java","18980","140496","159476"
"2011-11-18","BookieClient.java","3592","7221","10813"
"2015-09-15","GcLedgersTest.java","8247","74371","82618"
"2013-07-29","GcLedgersTest.java","3832","44883","48715"
"2013-04-04","GcLedgersTest.java","3159","37896","41055"
"2014-07-24","GcLedgersTest.java","6927","60481","67408"
"2013-02-08","TestClient.java","7671","65831","73502"
"2014-06-06","SyncThreadTest.java","3956","16770","20726"
"2014-02-05","AuditorBookieTest.java","5526","51496","57022"
"2013-06-15","AuditorBookieTest.java","2928","40924","43852"
"2015-04-21","CodahaleOpStatsTest.java","578","3316","3894"
"2015-09-15","GcLedgersTest.java","2902","15472","18374"
"2014-01-21","LedgerCreateOp.java","13620","113459","127079"
"2015-10-22","LedgerCreateOp.java","15245","135595","150840"
"2015-09-15","LedgerCreateOp.java","15234","134204","149438"
"2015-04-21","LedgerCreateOp.java","14909","133012","147921"
"2014-02-05","BookieClient.java","1712","6078","7790"
"2014-02-05","TestFencing.java","18694","140947","159641"
"2011-11-29","TestFencing.java","522","3432","3954"
"2012-04-02","TestFencing.java","9557","25705","35262"
"2014-07-24","TestFencing.java","18947","146958","165905"
"2012-06-19","TestFencing.java","10733","32344","43077"
"2012-01-11","TestFencing.java","1182","5222","6404"
"2012-03-13","TestFencing.java","2379","14907","17286"
"2012-03-31","TestFencing.java","9542","25552","35094"
"2013-08-23","TestFencing.java","18168","134132","152300"
"2012-12-18","TestFencing.java","16368","90717","107085"
"2015-10-22","LedgerCreateOp.java","4870","25381","30251"
"2015-09-15","LedgerCreateOp.java","4797","23928","28725"
"2015-04-21","LedgerCreateOp.java","4052","22316","26368"
"2015-09-15","GcLedgersTest.java","15234","134204","149438"
"2013-07-29","GcLedgersTest.java","12462","106359","118821"
"2013-04-04","GcLedgersTest.java","12029","99612","111641"
"2012-12-24","GcLedgersTest.java","9710","62556","72266"
"2014-07-24","GcLedgersTest.java","14466","120866","135332"
"2012-12-18","AuditorLedgerCheckerTest.java","5862","34682","40544"
"2013-05-31","AuditorLedgerCheckerTest.java","9285","74225","83510"
"2014-02-05","AuditorLedgerCheckerTest.java","11253","88267","99520"
"2014-07-24","AuditorLedgerCheckerTest.java","11789","94561","106350"
"2014-06-02","AuditorLedgerCheckerTest.java","11523","93810","105333"
"2012-10-26","AuditorLedgerCheckerTest.java","4687","20337","25024"
"2012-10-04","AuditorLedgerCheckerTest.java","3481","12694","16175"
"2012-12-14","AuditorLedgerCheckerTest.java","5627","33940","39567"
"2013-08-21","AuditorLedgerCheckerTest.java","9450","80166","89616"
"2013-06-15","AuditorLedgerCheckerTest.java","9358","78398","87756"
"2012-06-19","LedgerCreateOp.java","11183","34082","45265"
"2014-01-21","LedgerCreateOp.java","18492","141230","159722"
"2015-10-22","LedgerCreateOp.java","19296","162545","181841"
"2015-09-15","LedgerCreateOp.java","19283","161152","180435"
"2012-01-18","LedgerCreateOp.java","1877","7387","9264"
"2015-04-21","LedgerCreateOp.java","19208","160210","179418"
"2014-02-05","BookieClient.java","18694","140947","159641"
"2013-10-29","BookieClient.java","18349","136236","154585"
"2014-02-05","TestFencing.java","14036","114678","128714"
"2014-07-24","TestFencing.java","14466","120866","135332"
"2013-08-23","TestFencing.java","12497","106850","119347"
"2012-12-18","TestFencing.java","9117","61855","70972"
"2014-01-21","BookieNettyServer.java","3224","16224","19448"
"2013-06-15","BookieNettyServer.java","1180","7355","8535"
"2013-10-02","BookieNettyServer.java","1523","9480","11003"
"2013-10-11","BookieNettyServer.java","2401","10754","13155"
"2015-07-10","ZooKeeperClient.java","1878","6218","8096"
"2012-05-04","TestClient.java","10405","28860","39265"
"2012-05-09","TestClient.java","10596","29778","40374"
"2012-09-11","TestClient.java","13531","64890","78421"
"2013-02-08","TestClient.java","17094","126613","143707"
"2015-10-22","LedgerCreateOp.java","88","1468","1556"
"2013-05-31","AuditorLedgerCheckerTest.java","4249","40369","44618"
"2014-02-05","AuditorLedgerCheckerTest.java","6786","54980","61766"
"2014-07-24","AuditorLedgerCheckerTest.java","7530","61482","69012"
"2014-06-02","AuditorLedgerCheckerTest.java","7219","60686","67905"
"2013-08-21","AuditorLedgerCheckerTest.java","4546","46442","50988"
"2013-06-15","AuditorLedgerCheckerTest.java","4352","44572","48924"
"2015-03-18","BookKeeperServerStats.java","1303","6367","7670"
"2014-02-21","ReadLastConfirmedOp.java","11012","90710","101722"
"2012-09-14","ReadLastConfirmedOp.java","1198","8176","9374"
"2012-08-27","ReadLastConfirmedOp.java","11814","65064","76878"
"2011-11-17","ReadLastConfirmedOp.java","7296","15540","22836"
"2011-09-05","ReadLastConfirmedOp.java","4901","10804","15705"
"2014-02-21","ReadLastConfirmedOp.java","16289","149237","165526"
"2012-02-13","ReadLastConfirmedOp.java","8735","26644","35379"
"2012-05-25","ReadLastConfirmedOp.java","10317","39064","49381"
"2012-04-02","ReadLastConfirmedOp.java","9668","35348","45016"
"2012-09-14","ReadLastConfirmedOp.java","12128","72356","84484"
"2011-10-26","ReadLastConfirmedOp.java","4971","11124","16095"
"2014-02-05","AuditorLedgerCheckerTest.java","3429","15503","18932"
"2014-07-24","AuditorLedgerCheckerTest.java","4302","22134","26436"
"2014-06-02","AuditorLedgerCheckerTest.java","3981","21328","25309"
"2013-08-21","AuditorLedgerCheckerTest.java","489","6265","6754"
"2013-06-15","AuditorLedgerCheckerTest.java","154","4254","4408"
"2014-07-24","AuditorLedgerCheckerTest.java","1183","6941","8124"
"2014-06-02","AuditorLedgerCheckerTest.java","797","6070","6867"
"2014-01-21","BookieNettyServer.java","2302","9127","11429"
"2013-10-02","BookieNettyServer.java","469","2251","2720"
"2013-10-11","BookieNettyServer.java","1361","3539","4900"
"2014-02-05","TestFencing.java","19074","137287","156361"
"2012-04-02","TestFencing.java","8667","20775","29442"
"2014-07-24","TestFencing.java","19370","143341","162711"
"2012-06-19","TestFencing.java","10414","27985","38399"
"2012-03-13","TestFencing.java","1393","9881","11274"
"2012-03-31","TestFencing.java","8652","20622","29274"
"2013-08-23","TestFencing.java","18500","130424","148924"
"2012-12-18","TestFencing.java","16468","86777","103245"
"2012-06-19","LedgerCreateOp.java","10420","27809","38229"
"2014-01-21","LedgerCreateOp.java","18827","136055","154882"
"2015-10-22","LedgerCreateOp.java","19803","157542","177345"
"2015-09-15","LedgerCreateOp.java","19790","156149","175939"
"2015-04-21","LedgerCreateOp.java","19602","155094","174696"
"2012-08-27","ReadLastConfirmedOp.java","13344","58350","71694"
"2014-02-21","ReadLastConfirmedOp.java","18808","143512","162320"
"2012-02-13","ReadLastConfirmedOp.java","2237","11902","14139"
"2012-05-25","ReadLastConfirmedOp.java","10978","31481","42459"
"2012-04-02","ReadLastConfirmedOp.java","10040","27476","37516"
"2012-09-14","ReadLastConfirmedOp.java","13784","65768","79552"
"2012-08-27","ReadLastConfirmedOp.java","14313","61660","75973"
"2011-11-17","ReadLastConfirmedOp.java","2969","5310","8279"
"2014-02-21","ReadLastConfirmedOp.java","19192","146237","165429"
"2012-02-13","ReadLastConfirmedOp.java","4625","16631","21256"
"2012-05-25","ReadLastConfirmedOp.java","12570","35414","47984"
"2012-04-02","ReadLastConfirmedOp.java","11814","31591","43405"
"2012-09-14","ReadLastConfirmedOp.java","14716","69041","83757"
"2011-10-26","ReadLastConfirmedOp.java","76","326","402"
"2012-08-27","ReadLastConfirmedOp.java","13037","48378","61415"
"2014-02-21","ReadLastConfirmedOp.java","19675","134714","154389"
"2012-05-25","ReadLastConfirmedOp.java","9682","20520","30202"
"2012-04-02","ReadLastConfirmedOp.java","8537","16308","24845"
"2012-09-14","ReadLastConfirmedOp.java","13593","55912","69505"
"2014-07-24","AuditorLedgerCheckerTest.java","404","889","1293"
"2011-11-29","AsyncCallback.java","4157","10575","14732"
"2012-05-25","AsyncCallback.java","12570","35414","47984"
"2011-10-27","AsyncCallback.java","1168","1646","2814"
"2013-05-06","AsyncCallback.java","18733","132212","150945"
"2012-08-27","ReadLastConfirmedOp.java","5395","29898","35293"
"2014-02-21","ReadLastConfirmedOp.java","14544","118745","133289"
"2012-09-14","ReadLastConfirmedOp.java","6120","37601","43721"
"2014-01-21","BookieNettyServer.java","1880","6923","8803"
"2013-10-11","BookieNettyServer.java","913","1309","2222"
"2014-01-21","BookieNettyServer.java","1289","5936","7225"
"2012-08-27","ReadLastConfirmedOp.java","6623","34193","40816"
"2014-02-21","ReadLastConfirmedOp.java","15209","122477","137686"
"2012-05-25","ReadLastConfirmedOp.java","1469","4536","6005"
"2012-09-14","ReadLastConfirmedOp.java","7293","41841","49134"
"2014-02-05","Auditor.java","11253","88267","99520"
"2013-01-04","Auditor.java","7101","37932","45033"
"2014-05-23","Auditor.java","11416","92914","104330"
"2012-12-18","Auditor.java","5862","34682","40544"
"2014-04-24","Auditor.java","11370","91519","102889"
"2014-05-23","Auditor.java","11416","92914","104330"
"2014-06-02","Auditor.java","11523","93810","105333"
"2014-05-06","Auditor.java","11407","91981","103388"
"2012-10-04","Auditor.java","3481","12694","16175"
"2013-08-21","Auditor.java","9450","80166","89616"
"2013-03-25","Auditor.java","8880","72325","81205"
"2014-09-18","BookKeeperCloseTest.java","2318","15250","17568"
"2014-12-06","BookKeeperCloseTest.java","2460","16295","18755"
"2012-05-25","AsyncCallback.java","10001","26427","36428"
"2013-05-06","AsyncCallback.java","18417","125478","143895"
"2013-10-12","Journal.java","1476","3849","5325"
"2014-03-07","Journal.java","3619","12462","16081"
"2013-12-06","Journal.java","1926","7321","9247"
"2015-02-23","Journal.java","5503","30374","35877"
"2014-04-29","Journal.java","3801","14956","18757"
"2015-04-21","Journal.java","5515","30622","36137"
"2013-07-20","Journal.java","36","273","309"
"2013-10-02","Journal.java","417","1867","2284"
"2015-10-22","LedgerCreateOp.java","1095","3342","4437"
"2015-09-15","LedgerCreateOp.java","1009","1876","2885"
"2013-05-06","AsyncCallback.java","12756","103391","116147"
"2014-02-21","ReadLastConfirmedOp.java","10898","83618","94516"
"2014-05-23","Auditor.java","524","5008","5532"
"2014-04-24","Auditor.java","422","3557","3979"
"2014-05-23","Auditor.java","524","5008","5532"
"2014-06-02","Auditor.java","797","6070","6867"
"2014-05-06","Auditor.java","494","4054","4548"
"2014-02-05","Auditor.java","5551","51734","57285"
"2014-05-23","Auditor.java","5880","56547","62427"
"2014-04-24","Auditor.java","5811","55129","60940"
"2014-05-23","Auditor.java","5880","56547","62427"
"2014-06-02","Auditor.java","6022","57478","63500"
"2014-05-06","Auditor.java","5859","55602","61461"
"2013-08-21","Auditor.java","3188","43073","46261"
"2013-03-25","Auditor.java","2250","34864","37114"
"2015-04-21","LedgerDeleteOp.java","19430","162773","182203"
"2014-01-21","LedgerDeleteOp.java","19001","144080","163081"
"2011-11-17","LedgerDeleteOp.java","2969","5310","8279"
"2012-06-19","LedgerDeleteOp.java","12679","37919","50598"
"2015-10-06","LedgerDeleteOp.java","19469","164003","183472"
"2012-12-18","AuditorLedgerCheckerTest.java","2238","15408","17646"
"2013-05-31","AuditorLedgerCheckerTest.java","6053","55343","61396"
"2014-02-05","AuditorLedgerCheckerTest.java","8364","69728","78092"
"2014-07-24","AuditorLedgerCheckerTest.java","8944","76066","85010"
"2014-06-02","AuditorLedgerCheckerTest.java","8656","75293","83949"
"2012-12-14","AuditorLedgerCheckerTest.java","1983","14646","16629"
"2013-08-21","AuditorLedgerCheckerTest.java","6283","61349","67632"
"2013-06-15","AuditorLedgerCheckerTest.java","6138","59528","65666"
"2014-01-22","BufferedChannel.java","19100","144794","163894"
"2011-11-17","BufferedChannel.java","2712","4761","7473"
"2013-10-12","BufferedChannel.java","18940","139499","158439"
"2013-07-20","BufferedChannel.java","18875","137298","156173"
"2014-01-22","BufferedChannel.java","18665","142310","160975"
"2013-10-12","BufferedChannel.java","18448","136958","155406"
"2013-07-20","BufferedChannel.java","18369","134743","153112"
"2015-10-06","LedgerDeleteOp.java","1056","2247","3303"
"2011-09-05","AsyncCallback.java","4901","10804","15705"
"2011-11-29","AsyncCallback.java","8365","20686","29051"
"2012-05-25","AsyncCallback.java","10317","39064","49381"
"2011-10-27","AsyncCallback.java","5861","12242","18103"
"2013-05-06","AsyncCallback.java","15876","135258","151134"
"2015-04-21","LedgerDeleteOp.java","4052","22316","26368"
"2015-10-06","LedgerDeleteOp.java","4836","24291","29127"
"2012-08-27","ReadLastConfirmedOp.java","14370","61467","75837"
"2011-11-17","ReadLastConfirmedOp.java","2901","4992","7893"
"2014-02-21","ReadLastConfirmedOp.java","19277","146072","165349"
"2012-02-13","ReadLastConfirmedOp.java","4592","16348","20940"
"2012-05-25","ReadLastConfirmedOp.java","12542","35136","47678"
"2012-04-02","ReadLastConfirmedOp.java","11781","31308","43089"
"2012-09-14","ReadLastConfirmedOp.java","14779","68854","83633"
"2015-04-21","LedgerDeleteOp.java","19208","160210","179418"
"2014-01-21","LedgerDeleteOp.java","18492","141230","159722"
"2012-06-19","LedgerDeleteOp.java","11183","34082","45265"
"2015-10-06","LedgerDeleteOp.java","19285","161478","180763"
"2013-02-12","BookieProtocol.java","18566","130299","148865"
"2011-10-27","BookieProtocol.java","147","598","745"
"2012-05-25","BookieProtocol.java","12570","35414","47984"
"2012-02-13","BookieProtocol.java","4520","16446","20966"
"2012-04-02","BookieProtocol.java","11814","31591","43405"
"2011-11-16","BookieProtocol.java","2735","4433","7168"
"2012-10-18","BookieProtocol.java","16852","79284","96136"
"2013-03-18","BookieProtocol.java","18654","130600","149254"
"2014-01-22","BufferedChannel.java","19065","144813","163878"
"2011-10-08","BufferedChannel.java","24","78","102"
"2011-11-17","BufferedChannel.java","2736","4839","7575"
"2013-10-12","BufferedChannel.java","18908","139521","158429"
"2013-07-20","BufferedChannel.java","18843","137320","156163"
"2014-01-17","ReadOnlyLedgerHandle.java","18195","140680","158875"
"2014-02-05","ReadOnlyLedgerHandle.java","18498","142682","161180"
"2015-10-06","ReadOnlyLedgerHandle.java","18962","161798","180760"
"2012-06-29","ReadOnlyLedgerHandle.java","11237","40314","51551"
"2012-05-25","ReadOnlyLedgerHandle.java","10849","31995","42844"
"2013-01-07","ReadOnlyLedgerHandle.java","16595","94808","111403"
"2014-02-05","TestFencing.java","20024","129749","149773"
"2012-04-02","TestFencing.java","7994","11614","19608"
"2014-07-24","TestFencing.java","20388","135871","156259"
"2012-06-19","TestFencing.java","10184","19267","29451"
"2012-03-31","TestFencing.java","7952","11434","19386"
"2013-08-23","TestFencing.java","19237","122673","141910"
"2012-12-18","TestFencing.java","16899","78720","95619"
"2013-03-18","BookieProtocol.java","187","400","587"
"2014-06-02","Auditor.java","306","1095","1401"
"2014-02-05","Auditor.java","6786","54980","61766"
"2013-01-04","Auditor.java","1657","3668","5325"
"2014-05-23","Auditor.java","7078","59756","66834"
"2014-04-24","Auditor.java","7017","58346","65363"
"2014-05-23","Auditor.java","7078","59756","66834"
"2014-06-02","Auditor.java","7219","60686","67905"
"2014-05-06","Auditor.java","7058","58812","65870"
"2013-08-21","Auditor.java","4546","46442","50988"
"2013-03-25","Auditor.java","3735","38360","42095"
"2013-02-12","BookieProtocol.java","18626","129908","148534"
"2012-05-25","BookieProtocol.java","12489","34882","47371"
"2012-02-13","BookieProtocol.java","4426","15901","20327"
"2012-04-02","BookieProtocol.java","11728","31054","42782"
"2011-11-16","BookieProtocol.java","2605","3852","6457"
"2012-10-18","BookieProtocol.java","16868","78849","95717"
"2013-03-18","BookieProtocol.java","18714","130209","148923"
"2014-01-22","BufferedChannel.java","1456","6591","8047"
"2014-02-05","TestFencing.java","15124","121367","136491"
"2012-04-02","TestFencing.java","52","190","242"
"2014-07-24","TestFencing.java","15496","127497","142993"
"2012-06-19","TestFencing.java","2455","8056","10511"
"2013-08-23","TestFencing.java","13739","113693","127432"
"2012-12-18","TestFencing.java","10919","69258","80177"
"2013-02-12","BookieProtocol.java","12317","101206","113523"
"2012-10-18","BookieProtocol.java","8847","48435","57282"
"2013-03-18","BookieProtocol.java","12440","101542","113982"
"2013-02-12","BookieProtocol.java","18597","118404","137001"
"2012-05-25","BookieProtocol.java","9784","20702","30486"
"2012-04-02","BookieProtocol.java","8643","16494","25137"
"2012-10-18","BookieProtocol.java","16219","66725","82944"
"2013-03-18","BookieProtocol.java","18697","118717","137414"
"2013-02-12","BookieProtocol.java","13191","105147","118338"
"2012-05-25","BookieProtocol.java","1469","4536","6005"
"2012-10-18","BookieProtocol.java","9845","52500","62345"
"2013-03-18","BookieProtocol.java","13315","105484","118799"
"2015-04-21","LedgerDeleteOp.java","14909","133012","147921"
"2014-01-21","LedgerDeleteOp.java","13620","113459","127079"
"2015-10-06","LedgerDeleteOp.java","15236","134530","149766"
"2014-02-05","ReadOnlyLedgerHandle.java","1505","3204","4709"
"2015-10-06","ReadOnlyLedgerHandle.java","4712","25063","29775"
"2015-10-06","ReadOnlyLedgerHandle.java","3740","22392","26132"
"2014-01-22","BufferedChannel.java","2537","9808","12345"
"2013-10-12","BufferedChannel.java","1472","3608","5080"
"2014-02-05","TestFencing.java","3121","9410","12531"
"2014-07-24","TestFencing.java","4075","16122","20197"
"2011-11-29","AsyncCallback.java","3227","9167","12394"
"2012-05-25","AsyncCallback.java","11812","34178","45990"
"2013-05-06","AsyncCallback.java","18305","131306","149611"
"2014-05-23","Auditor.java","111","1460","1571"
"2014-05-23","Auditor.java","111","1460","1571"
"2014-06-02","Auditor.java","410","2548","2958"
"2014-05-06","Auditor.java","74","499","573"
"2012-07-23","GarbageCollectorThread.java","12207","32574","44781"
"2012-12-24","GarbageCollectorThread.java","17184","81414","98598"
"2015-04-21","GarbageCollectorThread.java","20659","150317","170976"
"2012-03-20","GarbageCollectorThread.java","7772","11868","19640"
"2012-05-17","GarbageCollectorThread.java","9548","18337","27885"
"2014-01-15","GarbageCollectorThread.java","19608","129579","149187"
"2014-01-21","GarbageCollectorThread.java","19696","131212","150908"
"2013-10-30","GarbageCollectorThread.java","19589","128692","148281"
"2013-10-22","GarbageCollectorThread.java","19501","126631","146132"
"2013-10-02","GarbageCollectorThread.java","19314","125148","144462"
"2012-03-21","GarbageCollectorThread.java","8096","12324","20420"
"2012-05-08","GarbageCollectorThread.java","8903","15930","24833"
"2013-05-04","GarbageCollectorThread.java","19039","118562","137601"
"2013-09-11","GarbageCollectorThread.java","19314","125137","144451"
"2013-10-12","ServerConfiguration.java","2534","11334","13868"
"2013-06-15","ServerConfiguration.java","1169","7264","8433"
"2014-05-09","ServerConfiguration.java","4521","22744","27265"
"2014-03-12","ServerConfiguration.java","4409","21481","25890"
"2014-01-22","ServerConfiguration.java","3499","17434","20933"
"2014-04-29","ServerConfiguration.java","4503","22085","26588"
"2013-12-02","ServerConfiguration.java","2871","14541","17412"
"2014-03-07","ServerConfiguration.java","4333","19603","23936"
"2015-04-21","ServerConfiguration.java","5737","37438","43175"
"2014-09-18","ServerConfiguration.java","5285","33573","38858"
"2014-01-21","ServerConfiguration.java","3213","16133","19346"
"2014-01-15","ServerConfiguration.java","2951","14965","17916"
"2014-05-06","ServerConfiguration.java","4506","22135","26641"
"2014-05-15","ServerConfiguration.java","4526","23069","27595"
"2015-01-12","ServerConfiguration.java","5682","36004","41686"
"2015-01-16","ServerConfiguration.java","5685","36945","42630"
"2013-10-22","ServerConfiguration.java","2742","11915","14657"
"2015-04-21","ServerConfiguration.java","5733","37467","43200"
"2013-10-12","Journal.java","1114","2037","3151"
"2014-03-07","Journal.java","3277","10670","13947"
"2013-12-06","Journal.java","1547","5492","7039"
"2015-02-23","Journal.java","5252","28673","33925"
"2014-04-29","Journal.java","3504","13209","16713"
"2015-04-21","Journal.java","5264","28921","34185"
"2012-12-12","BKException.java","17210","91989","109199"
"2011-10-27","BKException.java","147","598","745"
"2012-06-19","BKException.java","12679","37919","50598"
"2011-11-16","BKException.java","2735","4433","7168"
"2012-04-02","BKException.java","11814","31591","43405"
"2012-09-04","BKException.java","14469","66770","81239"
"2012-12-03","BKException.java","17094","90675","107769"
"2013-09-10","BKException.java","18866","138506","157372"
"2014-02-21","BKException.java","19192","146237","165429"
"2015-10-06","BKException.java","19470","164230","183700"
"2015-10-22","BKException.java","19474","165064","184538"
"2015-09-15","BKException.java","19467","163677","183144"
"2012-12-18","AuditorLedgerCheckerTest.java","3466","23073","26539"
"2013-05-31","AuditorLedgerCheckerTest.java","7094","62821","69915"
"2014-02-05","AuditorLedgerCheckerTest.java","9175","76976","86151"
"2014-07-24","AuditorLedgerCheckerTest.java","9742","83301","93043"
"2014-06-02","AuditorLedgerCheckerTest.java","9460","82534","91994"
"2012-10-26","AuditorLedgerCheckerTest.java","1673","8110","9783"
"2012-12-14","AuditorLedgerCheckerTest.java","3225","22325","25550"
"2013-08-21","AuditorLedgerCheckerTest.java","7279","68782","76061"
"2013-06-15","AuditorLedgerCheckerTest.java","7172","66999","74171"
"2014-01-17","ReadOnlyLedgerHandle.java","12152","105560","117712"
"2014-02-05","ReadOnlyLedgerHandle.java","12641","107748","120389"
"2015-10-06","ReadOnlyLedgerHandle.java","13863","127622","141485"
"2013-01-07","ReadOnlyLedgerHandle.java","8898","58034","66932"
"2014-05-09","ServerConfiguration.java","2030","8239","10269"
"2014-03-12","ServerConfiguration.java","1897","6955","8852"
"2014-01-22","ServerConfiguration.java","619","2540","3159"
"2014-04-29","ServerConfiguration.java","2012","7580","9592"
"2014-03-07","ServerConfiguration.java","1764","5020","6784"
"2015-04-21","ServerConfiguration.java","4012","23699","27711"
"2014-09-18","ServerConfiguration.java","3431","19705","23136"
"2014-01-21","ServerConfiguration.java","278","1184","1462"
"2014-05-06","ServerConfiguration.java","2015","7630","9645"
"2014-05-15","ServerConfiguration.java","2035","8564","10599"
"2015-01-12","ServerConfiguration.java","3900","22208","26108"
"2015-01-16","ServerConfiguration.java","3908","23154","27062"
"2015-04-21","ServerConfiguration.java","4022","23742","27764"
"2012-09-04","LedgerFragment.java","1064","10705","11769"
"2014-02-05","LedgerFragment.java","11012","94234","105246"
"2012-09-12","LedgerFragment.java","1356","13079","14435"
"2012-10-05","LedgerFragment.java","3887","20494","24381"
"2012-11-30","LedgerFragment.java","5312","35696","41008"
"2012-12-24","GarbageCollectorThread.java","6727","50590","57317"
"2015-04-21","GarbageCollectorThread.java","12112","121403","133515"
"2014-01-15","GarbageCollectorThread.java","10620","100224","110844"
"2014-01-21","GarbageCollectorThread.java","10758","101907","112665"
"2013-10-30","GarbageCollectorThread.java","10593","99329","109922"
"2013-10-22","GarbageCollectorThread.java","10453","97216","107669"
"2013-10-02","GarbageCollectorThread.java","9574","95041","104615"
"2013-05-04","GarbageCollectorThread.java","9260","88416","97676"
"2013-09-11","GarbageCollectorThread.java","9573","95029","104602"
"2013-02-12","BookieProtocol.java","17617","127652","145269"
"2012-05-25","BookieProtocol.java","10849","31995","42844"
"2012-02-13","BookieProtocol.java","2295","12523","14818"
"2012-04-02","BookieProtocol.java","9922","28001","37923"
"2012-10-18","BookieProtocol.java","15728","76462","92190"
"2013-03-18","BookieProtocol.java","17715","127963","145678"
"2014-06-02","Auditor.java","305","1094","1399"
"2014-05-12","MSLedgerManagerFactory.java","4114","21645","25759"
"2015-09-15","MSLedgerManagerFactory.java","6053","37440","43493"
"2014-01-17","MSLedgerManagerFactory.java","2537","13897","16434"
"2013-10-02","MSLedgerManagerFactory.java","1079","8030","9109"
"2015-04-21","GarbageCollectorThread.java","7623","73051","80674"
"2014-01-15","GarbageCollectorThread.java","5272","51013","56285"
"2014-01-21","GarbageCollectorThread.java","5464","52750","58214"
"2013-10-30","GarbageCollectorThread.java","5177","50050","55227"
"2013-10-22","GarbageCollectorThread.java","5071","47971","53042"
"2013-10-02","GarbageCollectorThread.java","4002","45606","49608"
"2013-05-04","GarbageCollectorThread.java","3430","38723","42153"
"2013-09-11","GarbageCollectorThread.java","4001","45594","49595"
"2013-02-12","BookieProtocol.java","5528","54829","60357"
"2013-03-18","BookieProtocol.java","5659","55173","60832"
"2014-04-29","BookieJournalTest.java","12843","110929","123772"
"2013-10-11","BookieJournalTest.java","11780","100543","112323"
"2014-12-10","BookieJournalTest.java","13596","123555","137151"
"2013-10-12","BookieJournalTest.java","11899","101203","113102"
"2014-05-23","Auditor.java","40","964","1004"
"2014-05-23","Auditor.java","40","964","1004"
"2014-06-02","Auditor.java","344","2057","2401"
"2012-12-18","AuditorLedgerCheckerTest.java","256","763","1019"
"2013-05-31","AuditorLedgerCheckerTest.java","4497","41124","45621"
"2014-02-05","AuditorLedgerCheckerTest.java","6998","55699","62697"
"2014-07-24","AuditorLedgerCheckerTest.java","7669","62128","69797"
"2014-06-02","AuditorLedgerCheckerTest.java","7361","61335","68696"
"2013-08-21","AuditorLedgerCheckerTest.java","4768","47171","51939"
"2013-06-15","AuditorLedgerCheckerTest.java","4600","45327","49927"
"2014-01-17","ReadOnlyLedgerHandle.java","14025","115364","129389"
"2014-02-05","ReadOnlyLedgerHandle.java","14477","117515","131992"
"2015-10-06","ReadOnlyLedgerHandle.java","15584","137274","152858"
"2012-06-29","ReadOnlyLedgerHandle.java","2417","10348","12765"
"2013-01-07","ReadOnlyLedgerHandle.java","10906","67973","78879"
"2014-02-05","Auditor.java","9175","76976","86151"
"2013-01-04","Auditor.java","4805","26423","31228"
"2014-05-23","Auditor.java","9351","81636","90987"
"2012-12-18","Auditor.java","3466","23073","26539"
"2014-04-24","Auditor.java","9301","80237","89538"
"2014-05-23","Auditor.java","9351","81636","90987"
"2014-06-02","Auditor.java","9460","82534","91994"
"2014-05-06","Auditor.java","9340","80701","90041"
"2013-08-21","Auditor.java","7279","68782","76061"
"2013-03-25","Auditor.java","6666","60898","67564"
"2014-01-17","ReadOnlyLedgerHandle.java","4587","48859","53446"
"2014-02-05","ReadOnlyLedgerHandle.java","5529","51500","57029"
"2015-10-06","ReadOnlyLedgerHandle.java","7657","72280","79937"
"2012-05-07","JournalChannel.java","9126","18296","27422"
"2014-04-29","JournalChannel.java","19811","137496","157307"
"2014-03-07","JournalChannel.java","19777","135150","154927"
"2013-10-12","JournalChannel.java","19219","128122","147341"
"2013-07-20","JournalChannel.java","19063","125830","144893"
"2013-07-04","JournalChannel.java","19044","125574","144618"
"2014-02-05","LedgerFragment.java","11251","84832","96083"
"2012-09-12","LedgerFragment.java","400","2482","2882"
"2012-10-05","LedgerFragment.java","3399","10365","13764"
"2012-11-30","LedgerFragment.java","5012","25755","30767"
"2015-09-15","LedgerManagerTestCase.java","16013","141025","157038"
"2012-12-24","LedgerManagerTestCase.java","11231","70119","81350"
"2012-06-19","LedgerManagerTestCase.java","2472","8514","10986"
"2013-04-04","LedgerManagerTestCase.java","13351","106976","120327"
"2014-02-05","Auditor.java","3185","9483","12668"
"2014-05-23","Auditor.java","3636","14418","18054"
"2014-04-24","Auditor.java","3560","12993","16553"
"2014-05-23","Auditor.java","3636","14418","18054"
"2014-06-02","Auditor.java","3800","15371","19171"
"2014-05-06","Auditor.java","3615","13473","17088"
"2014-02-05","TestFencing.java","6869","54773","61642"
"2014-07-24","TestFencing.java","7615","61277","68892"
"2013-08-23","TestFencing.java","4670","46285","50955"
"2013-09-10","BKException.java","5031","49892","54923"
"2014-02-21","BKException.java","7216","59482","66698"
"2015-10-06","BKException.java","9018","78999","88017"
"2015-10-22","BKException.java","9041","79852","88893"
"2015-09-15","BKException.java","9012","78443","87455"
"2014-02-05","AuditorLedgerCheckerTest.java","3185","9483","12668"
"2014-07-24","AuditorLedgerCheckerTest.java","4139","16195","20334"
"2014-06-02","AuditorLedgerCheckerTest.java","3800","15371","19171"
"2014-02-05","TestBenchmark.java","20163","130787","150950"
"2012-11-23","TestBenchmark.java","16617","72275","88892"
"2012-06-12","TestBenchmark.java","9780","17877","27657"
"2012-05-09","TestBenchmark.java","9134","15399","24533"
"2014-02-05","Auditor.java","3888","17457","21345"
"2014-05-23","Auditor.java","4254","22307","26561"
"2014-04-24","Auditor.java","4179","20883","25062"
"2014-05-23","Auditor.java","4254","22307","26561"
"2014-06-02","Auditor.java","4405","23247","27652"
"2014-05-06","Auditor.java","4233","21362","25595"
"2013-08-21","Auditor.java","1099","8370","9469"
"2012-07-23","GarbageCollectorThread.java","6018","22289","28307"
"2012-12-24","GarbageCollectorThread.java","11441","71575","83016"
"2015-04-21","GarbageCollectorThread.java","15869","141431","157300"
"2012-05-17","GarbageCollectorThread.java","1986","6679","8665"
"2014-01-15","GarbageCollectorThread.java","14653","120528","135181"
"2014-01-21","GarbageCollectorThread.java","14741","122161","136902"
"2013-10-30","GarbageCollectorThread.java","14635","119642","134277"
"2013-10-22","GarbageCollectorThread.java","14539","117573","132112"
"2013-10-02","GarbageCollectorThread.java","13832","115570","129402"
"2012-03-21","GarbageCollectorThread.java","333","465","798"
"2012-05-08","GarbageCollectorThread.java","1264","4195","5459"
"2013-05-04","GarbageCollectorThread.java","13550","108977","122527"
"2013-09-11","GarbageCollectorThread.java","13832","115559","129391"
"2012-07-23","GarbageCollectorThread.java","4345","15923","20268"
"2012-12-24","GarbageCollectorThread.java","10317","65758","76075"
"2015-04-21","GarbageCollectorThread.java","15348","136217","151565"
"2014-01-15","GarbageCollectorThread.java","14014","115196","129210"
"2014-01-21","GarbageCollectorThread.java","14107","116834","130941"
"2013-10-30","GarbageCollectorThread.java","13995","114309","128304"
"2013-10-22","GarbageCollectorThread.java","13880","112221","126101"
"2013-10-02","GarbageCollectorThread.java","13066","110111","123177"
"2013-05-04","GarbageCollectorThread.java","12776","103510","116286"
"2013-09-11","GarbageCollectorThread.java","13066","110100","123166"
"2014-04-29","JournalChannel.java","15150","123665","138815"
"2014-03-07","JournalChannel.java","15105","121308","136413"
"2013-10-12","JournalChannel.java","14349","114082","128431"
"2013-07-20","JournalChannel.java","13560","111157","124717"
"2013-07-04","JournalChannel.java","13535","110895","124430"
"2015-04-21","GarbageCollectorThread.java","4012","23699","27711"
"2014-01-21","GarbageCollectorThread.java","464","2009","2473"
"2012-12-12","BKException.java","17226","91554","108780"
"2012-06-19","BKException.java","12623","37412","50035"
"2011-11-16","BKException.java","2605","3852","6457"
"2012-04-02","BKException.java","11728","31054","42782"
"2012-09-04","BKException.java","14478","66328","80806"
"2012-12-03","BKException.java","17110","90240","107350"
"2013-09-10","BKException.java","18930","138119","157049"
"2014-02-21","BKException.java","19292","145886","165178"
"2015-10-06","BKException.java","19681","163990","183671"
"2015-10-22","BKException.java","19685","164824","184509"
"2015-09-15","BKException.java","19678","163437","183115"
"2012-12-12","BKException.java","8861","58400","67261"
"2012-09-04","BKException.java","4724","31785","36509"
"2012-12-03","BKException.java","8635","56976","65611"
"2013-09-10","BKException.java","12510","106910","119420"
"2014-02-21","BKException.java","14125","115930","130055"
"2015-10-06","BKException.java","15237","134757","149994"
"2015-10-22","BKException.java","15245","135595","150840"
"2015-09-15","BKException.java","15234","134204","149438"
"2012-12-12","BKException.java","16128","89209","105337"
"2012-06-19","BKException.java","11045","34587","45632"
"2012-04-02","BKException.java","9922","28001","37923"
"2012-09-04","BKException.java","13311","63914","77225"
"2012-12-03","BKException.java","15978","87861","103839"
"2013-09-10","BKException.java","18047","135989","154036"
"2014-02-21","BKException.java","18534","143881","162415"
"2015-10-06","BKException.java","18964","162026","180990"
"2015-10-22","BKException.java","18973","162865","181838"
"2015-09-15","BKException.java","18960","161472","180432"
"2012-12-12","BKException.java","10626","65628","76254"
"2012-06-19","BKException.java","2403","7866","10269"
"2012-09-04","BKException.java","6836","39360","46196"
"2012-12-03","BKException.java","10423","64227","74650"
"2013-09-10","BKException.java","13760","113623","127383"
"2014-02-21","BKException.java","15209","122477","137686"
"2015-10-06","BKException.java","16189","141172","157361"
"2015-10-22","BKException.java","16199","142012","158211"
"2015-09-15","BKException.java","16185","140618","156803"
"2015-09-15","LedgerManagerTestCase.java","8247","74371","82618"
"2013-04-04","LedgerManagerTestCase.java","3159","37896","41055"
"2012-12-12","BKException.java","5302","27780","33082"
"2012-12-03","BKException.java","5057","26337","31394"
"2013-09-10","BKException.java","9473","76812","86285"
"2014-02-21","BKException.java","11347","86091","97438"
"2015-10-06","BKException.java","12706","105165","117871"
"2015-10-22","BKException.java","12718","106007","118725"
"2015-09-15","BKException.java","12703","104612","117315"
"2012-12-12","BKException.java","1481","2679","4160"
"2013-09-10","BKException.java","6212","52271","58483"
"2014-02-21","BKException.java","8361","61825","70186"
"2015-10-06","BKException.java","10022","81201","91223"
"2015-10-22","BKException.java","10045","82054","92099"
"2015-09-15","BKException.java","10016","80645","90661"
"2014-02-21","BKException.java","3271","10676","13947"
"2015-10-06","BKException.java","5975","31095","37070"
"2015-10-22","BKException.java","6002","31952","37954"
"2015-09-15","BKException.java","5967","30537","36504"
"2014-02-05","LedgerFragment.java","11016","82515","93531"
"2012-10-05","LedgerFragment.java","3002","7886","10888"
"2012-11-30","LedgerFragment.java","4665","23326","27991"
"2015-10-06","BKException.java","3727","21442","25169"
"2015-10-22","BKException.java","3755","22300","26055"
"2015-09-15","BKException.java","3675","20840","24515"
"2014-04-29","JournalChannel.java","209","2521","2730"
"2015-10-22","BKException.java","33","863","896"
"2015-04-21","TestLedgerChecker.java","2128","14050","16178"
"2014-07-24","BookieReadWriteTest.java","4302","22134","26436"
"2014-01-21","BookieReadWriteTest.java","2440","13365","15805"
"2014-02-05","TestBenchmark.java","8943","63909","72852"
"2013-10-12","ServerConfiguration.java","4271","45185","49456"
"2013-06-15","ServerConfiguration.java","2979","41188","44167"
"2014-05-09","ServerConfiguration.java","5874","56211","62085"
"2014-03-12","ServerConfiguration.java","5768","54954","60722"
"2014-01-22","ServerConfiguration.java","4906","50955","55861"
"2014-04-29","ServerConfiguration.java","5856","55552","61408"
"2013-02-08","ServerConfiguration.java","1032","33193","34225"
"2013-12-02","ServerConfiguration.java","4505","48289","52794"
"2014-03-07","ServerConfiguration.java","5695","53079","58774"
"2015-04-21","ServerConfiguration.java","7042","70857","77899"
"2014-09-18","ServerConfiguration.java","6608","67010","73618"
"2014-01-21","ServerConfiguration.java","4621","49655","54276"
"2013-02-19","ServerConfiguration.java","1978","34092","36070"
"2014-01-15","ServerConfiguration.java","4585","48713","53298"
"2013-02-19","ServerConfiguration.java","1972","34067","36039"
"2013-01-14","ServerConfiguration.java","778","2226","3004"
"2014-05-06","ServerConfiguration.java","5859","55602","61461"
"2014-05-15","ServerConfiguration.java","5879","56536","62415"
"2015-01-12","ServerConfiguration.java","6986","69422","76408"
"2015-01-16","ServerConfiguration.java","6989","70363","77352"
"2013-10-22","ServerConfiguration.java","4384","45671","50055"
"2015-04-21","ServerConfiguration.java","7038","70886","77924"
"2012-05-09","TestEntryLog.java","9737","24405","34142"
"2014-12-10","TestEntryLog.java","20041","154673","174714"
"2013-10-12","TestEntryLog.java","19067","133044","152111"
"2012-10-18","TestEntryLog.java","16373","72169","88542"
"2014-07-24","TestEntryLog.java","19845","144849","164694"
"2011-12-16","TestEntryLog.java","566","779","1345"
"2012-03-13","TestEntryLog.java","2080","11601","13681"
"2012-03-08","TestEntryLog.java","1568","8788","10356"
"2012-03-16","TestEntryLog.java","8493","19458","27951"
"2014-03-12","TestEntryLog.java","19602","141851","161453"
"2015-09-15","LedgerManagerTestCase.java","15234","134204","149438"
"2012-12-24","LedgerManagerTestCase.java","9710","62556","72266"
"2013-04-04","LedgerManagerTestCase.java","12029","99612","111641"
"2013-10-12","ServerConfiguration.java","2540","11359","13899"
"2013-06-15","ServerConfiguration.java","1175","7289","8464"
"2014-05-09","ServerConfiguration.java","4527","22769","27296"
"2014-03-12","ServerConfiguration.java","4415","21506","25921"
"2014-01-22","ServerConfiguration.java","3505","17459","20964"
"2014-04-29","ServerConfiguration.java","4509","22110","26619"
"2013-12-02","ServerConfiguration.java","2877","14566","17443"
"2014-03-07","ServerConfiguration.java","4339","19628","23967"
"2015-04-21","ServerConfiguration.java","5743","37463","43206"
"2014-09-18","ServerConfiguration.java","5291","33598","38889"
"2014-01-21","ServerConfiguration.java","3219","16158","19377"
"2014-01-15","ServerConfiguration.java","2957","14990","17947"
"2014-05-06","ServerConfiguration.java","4512","22160","26672"
"2014-05-15","ServerConfiguration.java","4532","23094","27626"
"2015-01-12","ServerConfiguration.java","5688","36029","41717"
"2015-01-16","ServerConfiguration.java","5691","36970","42661"
"2013-10-22","ServerConfiguration.java","2748","11940","14688"
"2015-04-21","ServerConfiguration.java","5739","37492","43231"
"2012-09-12","RoundRobinDistributionSchedule.java","1356","12885","14241"
"2014-12-05","RoundRobinDistributionSchedule.java","11747","109901","121648"
"2014-12-05","RoundRobinDistributionSchedule.java","12008","98633","110641"
"2014-02-05","TestBenchmark.java","14443","116970","131413"
"2012-11-23","TestBenchmark.java","9246","56807","66053"
"2014-02-05","TestBenchmark.java","14805","119164","133969"
"2012-11-23","TestBenchmark.java","9763","59156","68919"
"2012-06-12","TestBenchmark.java","712","2544","3256"
"2014-02-05","LedgerFragment.java","9255","75870","85125"
"2012-11-30","LedgerFragment.java","2161","15938","18099"
"2013-11-22","BookieShutdownTest.java","1928","7284","9212"
"2014-07-24","BookieShutdownTest.java","4318","17923","22241"
"2012-08-17","RoundRobinDistributionSchedule.java","14337","56997","71334"
"2012-09-12","RoundRobinDistributionSchedule.java","14547","68736","83283"
"2012-02-13","RoundRobinDistributionSchedule.java","4625","16631","21256"
"2014-12-05","RoundRobinDistributionSchedule.java","19410","160224","179634"
"2014-07-24","TestLedgerChecker.java","11482","100462","111944"
"2014-02-05","TestLedgerChecker.java","11012","94234","105246"
"2015-04-21","TestLedgerChecker.java","12001","112903","124904"
"2012-10-25","TestLedgerChecker.java","4732","25831","30563"
"2013-10-12","ServerConfiguration.java","3684","43150","46834"
"2013-06-15","ServerConfiguration.java","2361","39122","41483"
"2014-05-09","ServerConfiguration.java","5438","54327","59765"
"2014-03-12","ServerConfiguration.java","5329","53067","58396"
"2014-01-22","ServerConfiguration.java","4415","49016","53431"
"2014-04-29","ServerConfiguration.java","5420","53668","59088"
"2013-02-08","ServerConfiguration.java","269","30982","31251"
"2013-12-02","ServerConfiguration.java","4014","46350","50364"
"2014-03-07","ServerConfiguration.java","5255","51191","56446"
"2015-04-21","ServerConfiguration.java","6639","69006","75645"
"2014-09-18","ServerConfiguration.java","6188","65142","71330"
"2014-01-21","ServerConfiguration.java","4130","47716","51846"
"2013-02-19","ServerConfiguration.java","1253","31919","33172"
"2014-01-15","ServerConfiguration.java","4094","46774","50868"
"2013-02-19","ServerConfiguration.java","1247","31894","33141"
"2014-05-06","ServerConfiguration.java","5423","53718","59141"
"2014-05-15","ServerConfiguration.java","5443","54652","60095"
"2015-01-12","ServerConfiguration.java","6584","67572","74156"
"2015-01-16","ServerConfiguration.java","6587","68513","75100"
"2013-10-22","ServerConfiguration.java","3889","43728","47617"
"2015-04-21","ServerConfiguration.java","6635","69035","75670"
"2014-07-24","TestLedgerChecker.java","1183","6941","8124"
"2015-04-21","TestLedgerChecker.java","3005","20685","23690"
"2014-05-09","ServerConfiguration.java","16","610","626"
"2015-04-21","ServerConfiguration.java","2711","16783","19494"
"2014-09-18","ServerConfiguration.java","1944","12603","14547"
"2014-05-15","ServerConfiguration.java","32","946","978"
"2015-01-12","ServerConfiguration.java","2568","15261","17829"
"2015-01-16","ServerConfiguration.java","2576","16207","18783"
"2015-04-21","ServerConfiguration.java","2724","16829","19553"
"2014-04-29","JournalChannel.java","2831","11613","14444"
"2014-03-07","JournalChannel.java","2627","9097","11724"
"2014-12-10","TestEntryLog.java","15853","135817","151670"
"2013-10-12","TestEntryLog.java","14358","113667","128025"
"2012-10-18","TestEntryLog.java","9511","50639","60150"
"2014-07-24","TestEntryLog.java","15439","125775","141214"
"2014-03-12","TestEntryLog.java","15123","122704","137827"
"2015-09-15","LedgerManagerTestCase.java","6053","37440","43493"
"2014-12-10","TestEntryLog.java","4587","25242","29829"
"2014-07-24","TestEntryLog.java","3366","14393","17759"
"2014-03-12","TestEntryLog.java","2716","10988","13704"
"2014-07-24","ReadOnlyBookieTest.java","9018","78226","87244"
"2014-01-22","ReadOnlyBookieTest.java","7953","71269","79222"
"2014-01-21","ReadOnlyBookieTest.java","7840","70780","78620"
"2012-11-27","ReadOnlyBookieTest.java","1093","11438","12531"
"2014-12-10","ReadOnlyBookieTest.java","9619","88455","98074"
"2012-12-03","ReadOnlyBookieTest.java","1184","12333","13517"
"2013-03-25","ReadOnlyBookieTest.java","5768","55684","61452"
"2012-08-17","RoundRobinDistributionSchedule.java","12604","43258","55862"
"2012-09-12","RoundRobinDistributionSchedule.java","13319","55502","68821"
"2014-12-05","RoundRobinDistributionSchedule.java","20144","148952","169096"
"2014-12-10","TestEntryLog.java","9619","88455","98074"
"2013-10-12","TestEntryLog.java","7324","65505","72829"
"2014-07-24","TestEntryLog.java","9018","78226","87244"
"2014-03-12","TestEntryLog.java","8575","75028","83603"
"2014-07-24","BookieShutdownTest.java","2731","10980","13711"
"2014-12-10","TestEntryLog.java","1949","11577","13526"
"2014-04-29","JournalChannel.java","3825","14743","18568"
"2014-03-07","JournalChannel.java","3642","12248","15890"
"2013-10-12","JournalChannel.java","1472","3608","5080"
"2015-04-21","ServerConfiguration.java","2755","15913","18668"
"2014-09-18","ServerConfiguration.java","1969","11714","13683"
"2015-01-12","ServerConfiguration.java","2612","14391","17003"
"2015-01-16","ServerConfiguration.java","2620","15337","17957"
"2015-04-21","ServerConfiguration.java","2768","15959","18727"
"2014-02-05","AuditorLedgerCheckerTest.java","3442","11416","14858"
"2014-07-24","AuditorLedgerCheckerTest.java","4324","18056","22380"
"2014-06-02","AuditorLedgerCheckerTest.java","3994","17241","21235"
"2013-08-21","AuditorLedgerCheckerTest.java","349","2025","2374"
"2015-07-10","TestLedgerManager.java","20034","157569","177603"
"2012-03-15","TestLedgerManager.java","8486","19605","28091"
"2012-06-19","TestLedgerManager.java","10996","29863","40859"
"2014-07-24","TestLedgerManager.java","19806","145073","164879"
"2012-12-10","TestLedgerManager.java","16781","84027","100808"
"2013-03-25","TestLedgerManager.java","18652","124592","143244"
"2012-11-23","TestLedgerManager.java","16580","81123","97703"
"2014-02-05","LedgerFragment.java","8777","61615","70392"
"2012-05-09","TestEntryLog.java","9214","23669","32883"
"2014-12-10","TestEntryLog.java","19584","154003","173587"
"2013-10-12","TestEntryLog.java","18621","132385","151006"
"2012-10-18","TestEntryLog.java","15916","71499","87415"
"2014-07-24","TestEntryLog.java","19400","144191","163591"
"2012-03-13","TestEntryLog.java","1534","10842","12376"
"2012-03-08","TestEntryLog.java","1022","8029","9051"
"2012-03-16","TestEntryLog.java","7947","18699","26646"
"2014-03-12","TestEntryLog.java","19157","141193","160350"
"2012-05-09","TestEntryLog.java","8589","13736","22325"
"2014-12-10","TestEntryLog.java","20772","145883","166655"
"2013-10-12","TestEntryLog.java","19402","123858","143260"
"2012-10-18","TestEntryLog.java","15989","62264","78253"
"2014-07-24","TestEntryLog.java","20388","135871","156259"
"2012-03-16","TestEntryLog.java","6720","8164","14884"
"2014-03-12","TestEntryLog.java","20090","132818","152908"
"2012-10-05","LedgerFragmentReplicator.java","3417","16345","19762"
"2014-02-05","LedgerFragmentReplicator.java","10685","90228","100913"
"2012-09-04","LedgerFragmentReplicator.java","459","6421","6880"
"2014-02-21","LedgerFragmentReplicator.java","10780","91486","102266"
"2012-05-09","TestEntryLog.java","8918","16366","25284"
"2014-12-10","TestEntryLog.java","20639","148051","168690"
"2013-10-12","TestEntryLog.java","19426","126183","145609"
"2012-10-18","TestEntryLog.java","16175","64751","80926"
"2014-07-24","TestEntryLog.java","20372","138156","158528"
"2012-03-13","TestEntryLog.java","610","2911","3521"
"2012-03-16","TestEntryLog.java","7134","10879","18013"
"2014-03-12","TestEntryLog.java","20081","135110","155191"
"2014-12-10","ReadOnlyBookieTest.java","1949","11577","13526"
"2012-05-09","TestEntryLog.java","1877","5580","7457"
"2014-12-10","TestEntryLog.java","15750","139417","155167"
"2013-10-12","TestEntryLog.java","14370","117382","131752"
"2012-10-18","TestEntryLog.java","10814","55645","66459"
"2014-07-24","TestEntryLog.java","15364","129403","144767"
"2014-03-12","TestEntryLog.java","15061","126345","141406"
"2015-04-21","ServerConfiguration.java","197","1576","1773"
"2015-01-16","ServerConfiguration.java","16","954","970"
"2015-04-21","ServerConfiguration.java","210","1622","1832"
"2015-04-21","GarbageCollectorThread.java","3996","22138","26134"
"2014-07-24","ReadOnlyBookieTest.java","2067","7959","10026"
"2014-12-10","ReadOnlyBookieTest.java","3698","19218","22916"
"2014-07-25","BookieProtoEncoding.java","5200","30929","36129"
"2013-03-18","BookieProtoEncoding.java","187","400","587"
"2015-07-10","TestLedgerManager.java","15831","142247","158078"
"2012-06-19","TestLedgerManager.java","3496","11244","14740"
"2014-07-24","TestLedgerManager.java","15357","129505","144862"
"2012-12-10","TestLedgerManager.java","11539","67666","79205"
"2013-03-25","TestLedgerManager.java","13860","108681","122541"
"2012-11-23","TestLedgerManager.java","11284","64708","75992"
"2012-08-27","ReflectionUtils.java","4626","29668","34294"
"2013-02-08","Value.java","5193","46363","51556"
"2015-07-10","TestLedgerManager.java","15034","133702","148736"
"2014-07-24","TestLedgerManager.java","14466","120866","135332"
"2012-12-10","TestLedgerManager.java","8826","57205","66031"
"2013-03-25","TestLedgerManager.java","11968","99041","111009"
"2012-11-23","TestLedgerManager.java","8549","54225","62774"
"2014-02-05","LedgerFragmentReplicator.java","9255","75870","85125"
"2014-02-21","LedgerFragmentReplicator.java","9360","77138","86498"
"2014-01-22","CheckpointSource.java","2776","14771","17547"
"2014-02-21","LedgerFragmentReplicator.java","201","1364","1565"
"2015-04-21","ServerConfiguration.java","191","632","823"
"2015-04-21","ServerConfiguration.java","204","678","882"
"2014-04-29","JournalChannel.java","3801","14956","18757"
"2014-03-07","JournalChannel.java","3619","12462","16081"
"2013-10-12","JournalChannel.java","1476","3849","5325"
"2013-07-20","JournalChannel.java","36","273","309"
"2015-07-10","TestLedgerManager.java","2416","14684","17100"
"2012-12-18","AuditorElector.java","5862","34682","40544"
"2013-01-04","AuditorElector.java","7101","37932","45033"
"2014-09-06","AuditorElector.java","12005","103235","115240"
"2012-12-08","AuditorElector.java","5322","30080","35402"
"2014-06-02","AuditorElector.java","11523","93810","105333"
"2012-10-04","AuditorElector.java","3494","13660","17154"
"2012-12-14","AuditorElector.java","5624","33825","39449"
"2013-08-21","AuditorElector.java","9450","80166","89616"
"2013-03-05","AuditorElector.java","8659","71684","80343"
"2014-04-24","AuditorElector.java","11370","91519","102889"
"2014-07-24","ReadOnlyBookieTest.java","2222","8490","10712"
"2014-01-22","ReadOnlyBookieTest.java","155","531","686"
"2014-12-10","ReadOnlyBookieTest.java","3852","19748","23600"
"2015-10-06","BKException.java","55","605","660"
"2015-10-22","BKException.java","88","1468","1556"
"2014-05-09","ServerConfiguration.java","2665","11715","14380"
"2014-03-12","ServerConfiguration.java","2532","10431","12963"
"2014-01-22","ServerConfiguration.java","1271","6033","7304"
"2014-04-29","ServerConfiguration.java","2647","11056","13703"
"2013-12-02","ServerConfiguration.java","587","3084","3671"
"2014-03-07","ServerConfiguration.java","2401","8498","10899"
"2015-04-21","ServerConfiguration.java","4502","27030","31532"
"2014-09-18","ServerConfiguration.java","3967","23082","27049"
"2014-01-21","ServerConfiguration.java","959","4706","5665"
"2014-01-15","ServerConfiguration.java","699","3540","4239"
"2014-05-06","ServerConfiguration.java","2650","11106","13756"
"2014-05-15","ServerConfiguration.java","2670","12040","14710"
"2015-01-12","ServerConfiguration.java","4418","25567","29985"
"2015-01-16","ServerConfiguration.java","4427","26514","30941"
"2015-04-21","ServerConfiguration.java","4512","27073","31585"
"2015-07-10","TestLedgerManager.java","8455","78744","87199"
"2014-07-24","TestLedgerManager.java","7593","65614","73207"
"2013-03-25","TestLedgerManager.java","4093","42787","46880"
"2012-10-05","LedgerFragmentReplicator.java","3399","10365","13764"
"2014-02-05","LedgerFragmentReplicator.java","11251","84832","96083"
"2014-02-21","LedgerFragmentReplicator.java","11347","86091","97438"
"2014-07-25","BookieProtoEncoding.java","5139","30655","35794"
"2014-06-06","AuditorPeriodicBookieCheckTest.java","402","2425","2827"
"2015-04-21","GarbageCollectorThread.java","4082","24637","28719"
"2014-01-15","GarbageCollectorThread.java","132","1000","1132"
"2014-01-21","GarbageCollectorThread.java","584","2997","3581"
"2013-01-04","AuditorElector.java","1657","3668","5325"
"2014-09-06","AuditorElector.java","7782","70192","77974"
"2014-06-02","AuditorElector.java","7219","60686","67905"
"2013-08-21","AuditorElector.java","4546","46442","50988"
"2013-03-05","AuditorElector.java","3478","37683","41161"
"2014-04-24","AuditorElector.java","7017","58346","65363"
"2015-04-21","GarbageCollectorThread.java","4502","27030","31532"
"2014-01-15","GarbageCollectorThread.java","699","3540","4239"
"2014-01-21","GarbageCollectorThread.java","1121","5507","6628"
"2013-10-30","GarbageCollectorThread.java","549","2522","3071"
"2014-09-06","AuditorElector.java","6589","66988","73577"
"2014-06-02","AuditorElector.java","6022","57478","63500"
"2013-08-21","AuditorElector.java","3188","43073","46261"
"2013-03-05","AuditorElector.java","1978","34172","36150"
"2014-04-24","AuditorElector.java","5811","55129","60940"
"2012-12-18","AuditorElector.java","631","4693","5324"
"2013-01-04","AuditorElector.java","2096","8169","10265"
"2014-09-06","AuditorElector.java","7878","74350","82228"
"2014-06-02","AuditorElector.java","7333","64862","72195"
"2012-12-14","AuditorElector.java","371","3814","4185"
"2013-08-21","AuditorElector.java","4901","50859","55760"
"2013-03-05","AuditorElector.java","3892","42159","46051"
"2014-04-24","AuditorElector.java","7166","62557","69723"
"2015-07-10","TestLedgerManager.java","5783","37378","43161"
"2014-07-24","TestLedgerManager.java","4725","24052","28777"
"2014-12-10","TestEntryLog.java","2653","15036","17689"
"2014-07-24","TestEntryLog.java","834","3589","4423"
"2015-04-21","GarbageCollectorThread.java","5284","29108","34392"
"2014-01-15","GarbageCollectorThread.java","1618","5755","7373"
"2014-01-21","GarbageCollectorThread.java","2041","7723","9764"
"2013-10-30","GarbageCollectorThread.java","1513","4782","6295"
"2013-10-22","GarbageCollectorThread.java","1327","2623","3950"
"2015-07-10","TestReplicationWorker.java","3273","21299","24572"
"2014-07-24","TestReplicationWorker.java","1183","6941","8124"
"2014-09-06","AuditorElector.java","1542","10485","12027"
"2014-02-05","Cookie.java","20024","129749","149773"
"2012-09-07","Cookie.java","13103","50610","63713"
"2013-02-08","Cookie.java","17954","113657","131611"
"2014-05-09","Cookie.java","20124","134003","154127"
"2014-12-06","Cookie.java","20624","145570","166194"
"2014-09-23","Cookie.java","20598","144625","165223"
"2014-09-18","Cookie.java","20581","144552","165133"
"2012-12-08","Cookie.java","16620","74089","90709"
"2012-12-18","AuditorElector.java","3572","22226","25798"
"2013-01-04","AuditorElector.java","4920","25585","30505"
"2014-09-06","AuditorElector.java","10140","91204","101344"
"2012-12-08","AuditorElector.java","3006","17598","20604"
"2014-06-02","AuditorElector.java","9632","81753","91385"
"2012-12-14","AuditorElector.java","3315","21350","24665"
"2013-08-21","AuditorElector.java","7447","67997","75444"
"2013-03-05","AuditorElector.java","6581","59440","66021"
"2014-04-24","AuditorElector.java","9473","79456","88929"
"2012-07-23","GarbageCollectorThread.java","5770","21909","27679"
"2012-12-24","GarbageCollectorThread.java","11211","71213","82424"
"2015-04-21","GarbageCollectorThread.java","15663","141093","156756"
"2012-05-17","GarbageCollectorThread.java","1737","6298","8035"
"2014-01-15","GarbageCollectorThread.java","14441","120184","134625"
"2014-01-21","GarbageCollectorThread.java","14529","121817","136346"
"2013-10-30","GarbageCollectorThread.java","14424","119299","133723"
"2013-10-22","GarbageCollectorThread.java","14312","117214","131526"
"2013-10-02","GarbageCollectorThread.java","13602","115208","128810"
"2012-05-08","GarbageCollectorThread.java","1011","3810","4821"
"2013-05-04","GarbageCollectorThread.java","13320","108615","121935"
"2013-09-11","GarbageCollectorThread.java","13602","115197","128799"
"2014-02-05","TestReplicationWorker.java","10911","89562","100473"
"2012-09-12","TestReplicationWorker.java","873","8025","8898"
"2015-07-10","TestReplicationWorker.java","12077","108754","120831"
"2014-07-24","TestReplicationWorker.java","11401","95810","107211"
"2012-08-31","TestReplicationWorker.java","399","3915","4314"
"2012-08-28","TestReplicationWorker.java","349","3718","4067"
"2012-10-05","TestReplicationWorker.java","3549","15585","19134"
"2013-01-14","TestReplicationWorker.java","7335","41251","48586"
"2013-05-31","TestReplicationWorker.java","8987","75564","84551"
"2012-12-18","TestReplicationWorker.java","5596","36053","41649"
"2013-06-15","TestReplicationWorker.java","9053","79730","88783"
"2014-02-05","TestReplicationWorker.java","11016","82515","93531"
"2015-07-10","TestReplicationWorker.java","12342","101867","114209"
"2014-07-24","TestReplicationWorker.java","11574","88831","100405"
"2012-10-05","TestReplicationWorker.java","3002","7886","10888"
"2013-01-14","TestReplicationWorker.java","7291","34055","41346"
"2013-05-31","TestReplicationWorker.java","8982","68407","77389"
"2012-12-18","TestReplicationWorker.java","5425","28730","34155"
"2013-06-15","TestReplicationWorker.java","9057","72582","81639"
"2012-07-23","GarbageCollectorThread.java","5114","18454","23568"
"2012-12-24","GarbageCollectorThread.java","10949","68152","79101"
"2015-04-21","GarbageCollectorThread.java","15854","138485","154339"
"2012-05-17","GarbageCollectorThread.java","787","2549","3336"
"2014-01-15","GarbageCollectorThread.java","14547","117491","132038"
"2014-01-21","GarbageCollectorThread.java","14640","119129","133769"
"2013-10-30","GarbageCollectorThread.java","14528","116604","131132"
"2013-10-22","GarbageCollectorThread.java","14413","114516","128929"
"2013-10-02","GarbageCollectorThread.java","13605","112412","126017"
"2013-05-04","GarbageCollectorThread.java","13317","105813","119130"
"2013-09-11","GarbageCollectorThread.java","13605","112401","126006"
"2015-04-21","GarbageCollectorThread.java","5302","35437","40739"
"2014-01-15","GarbageCollectorThread.java","2351","12799","15150"
"2014-01-21","GarbageCollectorThread.java","2775","14768","17543"
"2013-10-30","GarbageCollectorThread.java","2256","11836","14092"
"2013-10-22","GarbageCollectorThread.java","2071","9678","11749"
"2013-10-02","GarbageCollectorThread.java","805","7116","7921"
"2013-09-11","GarbageCollectorThread.java","797","7097","7894"
"2015-07-10","TestReplicationWorker.java","2416","14684","17100"
"2014-05-09","Cookie.java","510","4664","5174"
"2014-12-06","Cookie.java","2510","17731","20241"
"2014-09-23","Cookie.java","2426","16728","19154"
"2014-09-18","Cookie.java","2408","16654","19062"
"2014-02-05","Cookie.java","11186","83404","94590"
"2013-02-08","Cookie.java","7684","65880","73564"
"2014-05-09","Cookie.java","11353","87725","99078"
"2014-12-06","Cookie.java","12069","99508","111577"
"2014-09-23","Cookie.java","12034","98554","110588"
"2014-09-18","Cookie.java","12016","98480","110496"
"2012-12-08","Cookie.java","5137","25099","30236"
"2014-02-05","TestReplicationWorker.java","11294","86429","97723"
"2012-09-12","TestReplicationWorker.java","644","4280","4924"
"2015-07-10","TestReplicationWorker.java","12511","105672","118183"
"2014-07-24","TestReplicationWorker.java","11830","92723","104553"
"2012-10-05","TestReplicationWorker.java","3529","12049","15578"
"2013-01-14","TestReplicationWorker.java","7632","38032","45664"
"2013-05-31","TestReplicationWorker.java","9311","72372","81683"
"2012-12-18","TestReplicationWorker.java","5830","32771","38601"
"2013-06-15","TestReplicationWorker.java","9384","76545","85929"
"2014-02-05","TestReplicationWorker.java","11245","86527","97772"
"2012-09-12","TestReplicationWorker.java","739","4522","5261"
"2015-07-10","TestReplicationWorker.java","12462","105770","118232"
"2014-07-24","TestReplicationWorker.java","11781","92821","104602"
"2012-08-31","TestReplicationWorker.java","96","243","339"
"2012-10-05","TestReplicationWorker.java","3482","12149","15631"
"2013-01-14","TestReplicationWorker.java","7584","38131","45715"
"2013-05-31","TestReplicationWorker.java","9263","72471","81734"
"2012-12-18","TestReplicationWorker.java","5782","32870","38652"
"2013-06-15","TestReplicationWorker.java","9336","76644","85980"
"2014-02-05","Cookie.java","4847","18869","23716"
"2014-05-09","Cookie.java","5206","23382","28588"
"2014-12-06","Cookie.java","6089","35332","41421"
"2014-09-23","Cookie.java","6023","34347","40370"
"2014-09-18","Cookie.java","6005","34273","40278"
"2014-02-05","AuditorPeriodicCheckTest.java","5551","51734","57285"
"2014-04-24","AuditorPeriodicCheckTest.java","5815","55135","60950"
"2013-10-11","AuditorPeriodicCheckTest.java","4131","44504","48635"
"2015-03-12","AuditorPeriodicCheckTest.java","7016","70430","77446"
"2013-05-31","AuditorPeriodicCheckTest.java","2855","36964","39819"
"2014-07-25","AuditorPeriodicCheckTest.java","6516","64279","70795"
"2013-01-10","AuditorPeriodicCheckTest.java","635","1457","2092"
"2013-03-18","AuditorPeriodicCheckTest.java","2120","34424","36544"
"2015-04-21","GarbageCollectorThread.java","5285","29120","34405"
"2014-01-15","GarbageCollectorThread.java","1625","5773","7398"
"2014-01-21","GarbageCollectorThread.java","2048","7741","9789"
"2013-10-30","GarbageCollectorThread.java","1520","4800","6320"
"2013-10-22","GarbageCollectorThread.java","1334","2641","3975"
"2013-10-02","GarbageCollectorThread.java","8","19","27"
"2014-12-06","Cookie.java","2253","13320","15573"
"2014-09-23","Cookie.java","2169","12317","14486"
"2014-09-18","Cookie.java","2151","12243","14394"
"2015-07-10","TestLedgerManager.java","10386","83378","93764"
"2014-07-24","TestLedgerManager.java","9529","70253","79782"
"2012-12-10","TestLedgerManager.java","2171","4874","7045"
"2013-03-25","TestLedgerManager.java","6126","47523","53649"
"2014-12-06","Cookie.java","94","1013","1107"
"2014-02-05","TestReplicationWorker.java","9255","75870","85125"
"2015-07-10","TestReplicationWorker.java","10599","95240","105839"
"2014-07-24","TestReplicationWorker.java","9824","82197","92021"
"2013-01-14","TestReplicationWorker.java","5396","27276","32672"
"2013-05-31","TestReplicationWorker.java","7143","61684","68827"
"2012-12-18","TestReplicationWorker.java","3468","21889","25357"
"2013-06-15","TestReplicationWorker.java","7221","65862","73083"
"2012-12-18","AuditorElector.java","265","884","1149"
"2013-01-04","AuditorElector.java","1915","4545","6460"
"2014-09-06","AuditorElector.java","7916","70945","78861"
"2014-06-02","AuditorElector.java","7362","61448","68810"
"2013-08-21","AuditorElector.java","4775","47290","52065"
"2013-03-05","AuditorElector.java","3733","38557","42290"
"2014-04-24","AuditorElector.java","7188","59136","66324"
"2014-07-24","ReadOnlyBookieTest.java","9404","68267","77671"
"2014-01-22","ReadOnlyBookieTest.java","8297","61268","69565"
"2014-01-21","ReadOnlyBookieTest.java","8184","60779","68963"
"2014-12-10","ReadOnlyBookieTest.java","10025","78516","88541"
"2012-12-03","ReadOnlyBookieTest.java","622","1426","2048"
"2013-03-25","ReadOnlyBookieTest.java","5995","45566","51561"
"2014-02-05","BookieWatcher.java","3504","11905","15409"
"2012-10-04","ZkLedgerUnderreplicationManager.java","3879","20117","23996"
"2012-12-08","ZkLedgerUnderreplicationManager.java","5487","37270","42757"
"2012-12-08","ZkLedgerUnderreplicationManager.java","5487","37270","42757"
"2012-10-10","ZkLedgerUnderreplicationManager.java","3890","21732","25622"
"2013-06-15","ZkLedgerUnderreplicationManager.java","9228","85293","94521"
"2012-12-14","ZkLedgerUnderreplicationManager.java","5787","41013","46800"
"2012-12-18","ZkLedgerUnderreplicationManager.java","5830","41675","47505"
"2013-08-22","ZkLedgerUnderreplicationManager.java","9320","87075","96395"
"2014-06-02","ZkLedgerUnderreplicationManager.java","11198","100510","111708"
"2012-10-16","ZkLedgerUnderreplicationManager.java","3892","21901","25793"
"2014-06-03","ZkLedgerUnderreplicationManager.java","11203","100983","112186"
"2013-01-04","ZkLedgerUnderreplicationManager.java","7030","44886","51916"
"2012-12-14","ZkLedgerUnderreplicationManager.java","5790","41128","46918"
"2014-04-24","AuditorPeriodicCheckTest.java","430","3567","3997"
"2015-03-12","AuditorPeriodicCheckTest.java","2883","20114","22997"
"2014-07-25","AuditorPeriodicCheckTest.java","1736","13316","15052"
"2014-12-06","BookKeeperCloseTest.java","148","1051","1199"
"2014-12-06","Cookie.java","135","1110","1245"
"2014-09-23","Cookie.java","43","99","142"
"2014-12-10","IOUtils.java","15840","136228","152068"
"2014-04-29","IOUtils.java","15150","123665","138815"
"2012-09-07","IOUtils.java","6524","39308","45832"
"2012-12-08","ZkLedgerUnderreplicationManager.java","2907","18452","21359"
"2012-12-08","ZkLedgerUnderreplicationManager.java","2907","18452","21359"
"2012-10-10","ZkLedgerUnderreplicationManager.java","202","1806","2008"
"2013-06-15","ZkLedgerUnderreplicationManager.java","7172","66999","74171"
"2012-12-14","ZkLedgerUnderreplicationManager.java","3216","22204","25420"
"2012-12-18","ZkLedgerUnderreplicationManager.java","3466","23073","26539"
"2013-08-22","ZkLedgerUnderreplicationManager.java","7316","68833","76149"
"2014-06-02","ZkLedgerUnderreplicationManager.java","9460","82534","91994"
"2012-10-16","ZkLedgerUnderreplicationManager.java","207","1978","2185"
"2014-06-03","ZkLedgerUnderreplicationManager.java","9474","83016","92490"
"2013-01-04","ZkLedgerUnderreplicationManager.java","4805","26423","31228"
"2012-12-14","ZkLedgerUnderreplicationManager.java","3225","22325","25550"
"2012-07-23","BookKeeper.java","13991","48214","62205"
"2012-03-01","BookKeeper.java","4807","17736","22543"
"2014-02-21","BookKeeper.java","19192","146237","165429"
"2013-05-06","BookKeeper.java","18733","132212","150945"
"2015-09-15","BookKeeper.java","19467","163677","183144"
"2013-06-12","BookKeeper.java","18830","136311","155141"
"2013-10-02","BookKeeper.java","18886","138660","157546"
"2014-01-21","BookKeeper.java","19001","144080","163081"
"2011-11-28","BookKeeper.java","3825","10198","14023"
"2014-02-06","BookKeeper.java","19159","145045","164204"
"2011-11-18","BookKeeper.java","3592","7221","10813"
"2015-07-10","BookKeeper.java","19450","163358","182808"
"2012-06-05","BookKeeper.java","12575","35834","48409"
"2011-10-27","BookKeeper.java","1168","1646","2814"
"2012-09-12","BookKeeper.java","14547","68736","83283"
"2011-11-29","BookKeeper.java","4157","10575","14732"
"2013-09-10","BookKeeper.java","18866","138506","157372"
"2015-10-22","BookKeeper.java","19474","165064","184538"
"2011-11-16","BookKeeper.java","2735","4433","7168"
"2013-01-10","BookKeeper.java","17744","98265","116009"
"2012-06-19","BookKeeper.java","12679","37919","50598"
"2013-06-15","ZkLedgerUnderreplicationManager.java","4735","49017","53752"
"2012-12-14","ZkLedgerUnderreplicationManager.java","371","3814","4185"
"2012-12-18","ZkLedgerUnderreplicationManager.java","631","4693","5324"
"2013-08-22","ZkLedgerUnderreplicationManager.java","4947","50919","55866"
"2014-06-02","ZkLedgerUnderreplicationManager.java","7333","64862","72195"
"2014-06-03","ZkLedgerUnderreplicationManager.java","7347","65344","72691"
"2013-01-04","ZkLedgerUnderreplicationManager.java","2096","8169","10265"
"2012-12-14","ZkLedgerUnderreplicationManager.java","381","3936","4317"
"2014-01-15","CompactionTest.java","19608","129579","149187"
"2013-10-22","CompactionTest.java","19501","126631","146132"
"2014-01-17","CompactionTest.java","19634","129961","149595"
"2012-03-15","CompactionTest.java","7119","10755","17874"
"2015-01-16","CompactionTest.java","20640","149857","170497"
"2014-01-22","CompactionTest.java","19789","131681","151470"
"2012-11-26","CompactionTest.java","16550","73584","90134"
"2013-05-04","CompactionTest.java","19039","118562","137601"
"2014-06-06","CompactionTest.java","20159","137935","158094"
"2013-10-30","CompactionTest.java","19589","128692","148281"
"2014-12-10","CompactionTest.java","20639","148051","168690"
"2015-04-21","CompactionTest.java","20659","150317","170976"
"2012-12-18","LedgerCache.java","10585","67683","78268"
"2014-01-21","BookieRequestHandler.java","3224","16224","19448"
"2013-09-11","BookieRequestHandler.java","1522","9468","10990"
"2012-04-17","HandleFactoryImpl.java","646","2700","3346"
"2013-10-22","HandleFactoryImpl.java","14515","117809","132324"
"2014-02-21","BookKeeper.java","11270","104092","115362"
"2013-05-06","BookKeeper.java","9260","88516","97776"
"2015-09-15","BookKeeper.java","12460","122447","134907"
"2013-06-12","BookKeeper.java","9435","92693","102128"
"2013-10-02","BookKeeper.java","9601","95152","104753"
"2014-01-21","BookKeeper.java","10715","101571","112286"
"2014-02-06","BookKeeper.java","11180","102843","114023"
"2015-07-10","BookKeeper.java","12240","121925","134165"
"2012-09-12","BookKeeper.java","1820","21786","23606"
"2013-09-10","BookKeeper.java","9561","94978","104539"
"2015-10-22","BookKeeper.java","12472","123839","136311"
"2013-01-10","BookKeeper.java","7705","54003","61708"
"2014-02-05","TestReplicationWorker.java","5084","49819","54903"
"2015-07-10","TestReplicationWorker.java","6861","69622","76483"
"2014-07-24","TestReplicationWorker.java","5910","56403","62313"
"2013-05-31","TestReplicationWorker.java","2225","34886","37111"
"2013-06-15","TestReplicationWorker.java","2361","39122","41483"
"2012-07-23","BookKeeper.java","12199","33493","45692"
"2014-02-21","BookKeeper.java","19926","134042","153968"
"2013-05-06","BookKeeper.java","18961","119511","138472"
"2015-09-15","BookKeeper.java","20699","151980","172679"
"2013-06-12","BookKeeper.java","19127","123679","142806"
"2013-10-02","BookKeeper.java","19249","126094","145343"
"2014-01-21","BookKeeper.java","19566","131716","151282"
"2014-02-06","BookKeeper.java","19872","132829","152701"
"2015-07-10","BookKeeper.java","20544","151523","172067"
"2012-06-05","BookKeeper.java","9723","20053","29776"
"2012-09-12","BookKeeper.java","13364","54624","67988"
"2013-09-10","BookKeeper.java","19219","125930","145149"
"2015-10-22","BookKeeper.java","20714","153375","174089"
"2013-01-10","BookKeeper.java","17765","85357","103122"
"2012-06-19","BookKeeper.java","10436","22747","33183"
"2014-09-06","AuditorElector.java","4876","25390","30266"
"2014-06-02","AuditorElector.java","3800","15371","19171"
"2014-04-24","AuditorElector.java","3560","12993","16553"
"2015-09-15","BookKeeper.java","3675","20840","24515"
"2015-07-10","BookKeeper.java","3233","20096","23329"
"2015-10-22","BookKeeper.java","3755","22300","26055"
"2012-05-07","LedgerCache.java","1259","4187","5446"
"2012-12-18","LedgerCache.java","11232","71258","82490"
"2014-02-21","BookKeeper.java","3771","17337","21108"
"2015-09-15","BookKeeper.java","5957","36688","42645"
"2013-06-12","BookKeeper.java","354","4356","4710"
"2013-10-02","BookKeeper.java","841","7136","7977"
"2014-01-21","BookKeeper.java","2690","14290","16980"
"2014-02-06","BookKeeper.java","3601","16008","19609"
"2015-07-10","BookKeeper.java","5548","35977","41525"
"2013-09-10","BookKeeper.java","776","6937","7713"
"2015-10-22","BookKeeper.java","5991","38102","44093"
"2012-05-07","LedgerCache.java","12010","32890","44900"
"2012-12-18","LedgerCache.java","17339","95317","112656"
"2012-03-20","LedgerCache.java","11724","29676","41400"
"2015-10-22","BookKeeper.java","88","1468","1556"
"2014-12-10","IOUtils.java","2558","14431","16989"
"2014-02-21","BookKeeper.java","3674","13238","16912"
"2015-09-15","BookKeeper.java","5889","32618","38507"
"2013-10-02","BookKeeper.java","580","2873","3453"
"2014-01-21","BookKeeper.java","2448","10046","12494"
"2014-02-06","BookKeeper.java","3504","11909","15413"
"2015-07-10","BookKeeper.java","5479","31906","37385"
"2013-09-10","BookKeeper.java","515","2674","3189"
"2015-10-22","BookKeeper.java","5923","34032","39955"
"2014-01-17","CompactionTest.java","37","393","430"
"2015-01-16","CompactionTest.java","3908","23154","27062"
"2014-01-22","CompactionTest.java","619","2540","3159"
"2014-06-06","CompactionTest.java","2296","10101","12397"
"2014-12-10","CompactionTest.java","3896","21337","25233"
"2015-04-21","CompactionTest.java","4012","23699","27711"
"2014-01-15","CompactionTest.java","699","3540","4239"
"2014-01-17","CompactionTest.java","718","3915","4633"
"2015-01-16","CompactionTest.java","4427","26514","30941"
"2014-01-22","CompactionTest.java","1271","6033","7304"
"2014-06-06","CompactionTest.java","2863","13509","16372"
"2013-10-30","CompactionTest.java","549","2522","3071"
"2014-12-10","CompactionTest.java","4414","24696","29110"
"2015-04-21","CompactionTest.java","4502","27030","31532"
"2014-07-24","ReadOnlyBookieTest.java","8857","66916","75773"
"2014-01-22","ReadOnlyBookieTest.java","7713","59880","67593"
"2014-01-21","ReadOnlyBookieTest.java","7600","59391","66991"
"2014-12-10","ReadOnlyBookieTest.java","9483","77170","86653"
"2013-03-25","ReadOnlyBookieTest.java","5386","44153","49539"
"2014-02-21","BookKeeper.java","3225","10496","13721"
"2015-09-15","BookKeeper.java","5941","30377","36318"
"2014-01-21","BookKeeper.java","1925","7230","9155"
"2014-02-06","BookKeeper.java","3045","9157","12202"
"2015-07-10","BookKeeper.java","5520","29654","35174"
"2015-10-22","BookKeeper.java","6010","31826","37836"
"2013-10-11","LedgerCacheImpl.java","14374","116494","130868"
"2012-12-24","LedgerCacheImpl.java","11441","71575","83016"
"2012-10-26","LedgerCacheImpl.java","10373","56379","66752"
"2012-03-29","LedgerCacheImpl.java","499","1348","1847"
"2012-12-18","LedgerCacheImpl.java","11232","71258","82490"
"2012-05-07","LedgerCacheImpl.java","1259","4187","5446"
"2015-01-16","CompactionTest.java","3883","22773","26656"
"2014-01-22","CompactionTest.java","582","2147","2729"
"2014-06-06","CompactionTest.java","2270","9719","11989"
"2014-12-10","CompactionTest.java","3871","20956","24827"
"2015-04-21","CompactionTest.java","3987","23318","27305"
"2014-02-21","BookKeeper.java","1382","3348","4730"
"2015-09-15","BookKeeper.java","4797","23928","28725"
"2014-02-06","BookKeeper.java","1191","1998","3189"
"2015-07-10","BookKeeper.java","4375","23204","27579"
"2015-10-22","BookKeeper.java","4870","25381","30251"
"2013-10-12","Bookie.java","18908","139521","158429"
"2012-03-13","Bookie.java","4997","21154","26151"
"2012-10-18","Bookie.java","16852","79284","96136"
"2011-11-18","Bookie.java","3592","7221","10813"
"2014-08-18","Bookie.java","19397","158957","178354"
"2014-09-23","Bookie.java","19403","159587","178990"
"2012-09-07","Bookie.java","14480","68144","82624"
"2012-12-03","Bookie.java","17094","90675","107769"
"2013-12-06","Bookie.java","18984","142619","161603"
"2012-03-08","Bookie.java","4913","18813","23726"
"2012-12-24","Bookie.java","17351","95437","112788"
"2014-01-21","Bookie.java","18998","144370","163368"
"2012-03-20","Bookie.java","11821","29907","41728"
"2013-10-22","Bookie.java","18973","140353","159326"
"2012-03-29","Bookie.java","11830","30631","42461"
"2012-12-24","Bookie.java","17395","95703","113098"
"2012-04-17","Bookie.java","11975","32338","44313"
"2012-09-14","Bookie.java","14716","69041","83757"
"2012-03-08","Bookie.java","4874","18730","23604"
"2012-12-08","Bookie.java","17151","90777","107928"
"2012-05-10","Bookie.java","12253","33843","46096"
"2013-12-02","Bookie.java","18981","142464","161445"
"2012-10-26","Bookie.java","16974","81492","98466"
"2014-02-05","Bookie.java","19159","145041","164200"
"2013-06-15","Bookie.java","18831","136739","155570"
"2014-05-09","Bookie.java","19197","149233","168430"
"2011-11-28","Bookie.java","3825","10198","14023"
"2013-10-02","Bookie.java","18886","138766","157652"
"2013-05-04","Bookie.java","18739","132118","150857"
"2012-02-15","Bookie.java","4626","16644","21270"
"2011-11-11","Bookie.java","2245","2938","5183"
"2012-02-17","Bookie.java","4632","16891","21523"
"2014-04-29","Bookie.java","19197","148592","167789"
"2012-12-18","Bookie.java","17339","95317","112656"
"2012-02-09","Bookie.java","4513","16272","20785"
"2012-04-17","Bookie.java","11840","31980","43820"
"2012-07-05","Bookie.java","12832","44141","56973"
"2012-10-25","Bookie.java","16940","80509","97449"
"2013-09-11","Bookie.java","18868","138547","157415"
"2012-02-01","Bookie.java","4431","14239","18670"
"2011-11-16","Bookie.java","2735","4771","7506"
"2013-06-21","Bookie.java","18828","136863","155691"
"2014-02-06","Bookie.java","19159","145049","164208"
"2012-07-04","Bookie.java","12827","43654","56481"
"2012-06-19","Bookie.java","12679","37919","50598"
"2012-04-16","Bookie.java","11817","31768","43585"
"2011-11-16","Bookie.java","2735","4433","7168"
"2015-03-18","Bookie.java","19430","162671","182101"
"2015-04-21","Bookie.java","19430","162773","182203"
"2012-04-02","Bookie.java","11814","31591","43405"
"2013-07-24","Bookie.java","18845","137938","156783"
"2013-10-22","HandleFactoryImpl.java","14587","115827","130414"
"2014-07-24","ReadOnlyBookieTest.java","4722","24014","28736"
"2014-01-22","ReadOnlyBookieTest.java","3213","16613","19826"
"2014-01-21","ReadOnlyBookieTest.java","3085","16109","19194"
"2014-12-10","ReadOnlyBookieTest.java","5494","34414","39908"
"2012-07-23","BookKeeper.java","12738","40588","53326"
"2012-03-01","BookKeeper.java","1442","7998","9440"
"2014-02-21","BookKeeper.java","19558","140230","159788"
"2013-05-06","BookKeeper.java","18714","125820","144534"
"2015-09-15","BookKeeper.java","20183","158020","178203"
"2013-06-12","BookKeeper.java","18901","130009","148910"
"2013-10-02","BookKeeper.java","18997","132398","151395"
"2014-01-21","BookKeeper.java","19229","137935","157164"
"2014-02-06","BookKeeper.java","19520","139033","158553"
"2015-07-10","BookKeeper.java","20034","157569","177603"
"2012-06-05","BookKeeper.java","10339","27225","37564"
"2012-09-12","BookKeeper.java","13619","61435","75054"
"2011-11-29","BookKeeper.java","438","483","921"
"2013-09-10","BookKeeper.java","18969","132236","151205"
"2015-10-22","BookKeeper.java","20196","159413","179609"
"2013-01-10","BookKeeper.java","17594","91742","109336"
"2012-06-19","BookKeeper.java","10996","29863","40859"
"2014-12-10","IOUtils.java","12282","99886","112168"
"2014-04-29","IOUtils.java","11339","87070","98409"
"2013-06-15","ZkLedgerUnderreplicationManager.java","4731","49013","53744"
"2012-12-14","ZkLedgerUnderreplicationManager.java","367","3810","4177"
"2012-12-18","ZkLedgerUnderreplicationManager.java","627","4689","5316"
"2013-08-22","ZkLedgerUnderreplicationManager.java","4943","50915","55858"
"2014-06-02","ZkLedgerUnderreplicationManager.java","7329","64858","72187"
"2014-06-03","ZkLedgerUnderreplicationManager.java","7343","65340","72683"
"2013-01-04","ZkLedgerUnderreplicationManager.java","2092","8165","10257"
"2012-12-14","ZkLedgerUnderreplicationManager.java","377","3932","4309"
"2014-01-15","CompactionTest.java","14550","120885","135435"
"2013-10-22","CompactionTest.java","14444","117938","132382"
"2014-01-17","CompactionTest.java","14576","121267","135843"
"2015-01-16","CompactionTest.java","15742","141323","157065"
"2014-01-22","CompactionTest.java","14731","122987","137718"
"2012-11-26","CompactionTest.java","11326","64724","76050"
"2013-05-04","CompactionTest.java","13938","109825","123763"
"2014-06-06","CompactionTest.java","15140","129280","144420"
"2013-10-30","CompactionTest.java","14532","119999","134531"
"2014-12-10","CompactionTest.java","15740","139516","155256"
"2015-04-21","CompactionTest.java","15761","141783","157544"
"2015-04-21","CompactionTest.java","191","632","823"
"2014-02-05","TestReplicationWorker.java","3429","15503","18932"
"2015-07-10","TestReplicationWorker.java","5389","35489","40878"
"2014-07-24","TestReplicationWorker.java","4302","22134","26436"
"2013-06-15","TestReplicationWorker.java","154","4254","4408"
"2012-12-08","ZkLedgerUnderreplicationManager.java","2791","16732","19523"
"2012-12-08","ZkLedgerUnderreplicationManager.java","2791","16732","19523"
"2013-06-15","ZkLedgerUnderreplicationManager.java","7117","65340","72457"
"2012-12-14","ZkLedgerUnderreplicationManager.java","3106","20490","23596"
"2012-12-18","ZkLedgerUnderreplicationManager.java","3363","21366","24729"
"2013-08-22","ZkLedgerUnderreplicationManager.java","7282","67195","74477"
"2014-06-02","ZkLedgerUnderreplicationManager.java","9443","80913","90356"
"2012-10-16","ZkLedgerUnderreplicationManager.java","5","172","177"
"2014-06-03","ZkLedgerUnderreplicationManager.java","9457","81395","90852"
"2013-01-04","ZkLedgerUnderreplicationManager.java","4711","24725","29436"
"2012-12-14","ZkLedgerUnderreplicationManager.java","3115","20611","23726"
"2014-01-21","BookieRequestHandler.java","1887","6941","8828"
"2014-08-18","Bookie.java","4072","23019","27091"
"2014-09-23","Bookie.java","4205","23776","27981"
"2013-12-06","Bookie.java","796","3818","4614"
"2014-01-21","Bookie.java","1306","6065","7371"
"2013-10-22","Bookie.java","695","1462","2157"
"2013-12-02","Bookie.java","761","3631","4392"
"2014-02-05","Bookie.java","2368","7637","10005"
"2014-05-09","Bookie.java","2849","12272","15121"
"2014-04-29","Bookie.java","2831","11613","14444"
"2014-02-06","Bookie.java","2373","7650","10023"
"2015-03-18","Bookie.java","4629","27257","31886"
"2015-04-21","Bookie.java","4631","27361","31992"
"2013-08-22","ZkLedgerUnderreplicationManager.java","398","2088","2486"
"2014-06-02","ZkLedgerUnderreplicationManager.java","3994","17241","21235"
"2014-06-03","ZkLedgerUnderreplicationManager.java","4014","17729","21743"
"2013-10-12","Bookie.java","19402","123858","143260"
"2012-10-18","Bookie.java","15989","62264","78253"
"2014-08-18","Bookie.java","20548","143951","164499"
"2014-09-23","Bookie.java","20598","144625","165223"
"2012-09-07","Bookie.java","13103","50610","63713"
"2012-12-03","Bookie.java","16486","73910","90396"
"2013-12-06","Bookie.java","19574","127052","146626"
"2012-12-24","Bookie.java","17104","79033","96137"
"2014-01-21","Bookie.java","19675","128890","148565"
"2012-03-20","Bookie.java","7553","9482","17035"
"2013-10-22","Bookie.java","19549","124772","144321"
"2012-03-29","Bookie.java","7834","10478","18312"
"2012-12-24","Bookie.java","17153","79304","96457"
"2012-04-17","Bookie.java","8476","12682","21158"
"2012-09-14","Bookie.java","13463","51631","65094"
"2012-12-08","Bookie.java","16620","74089","90709"
"2012-05-10","Bookie.java","8924","14357","23281"
"2013-12-02","Bookie.java","19569","126895","146464"
"2012-10-26","Bookie.java","16217","64578","80795"
"2014-02-05","Bookie.java","20024","129749","149773"
"2013-06-15","Bookie.java","19155","120906","140061"
"2014-05-09","Bookie.java","20124","134003","154127"
"2013-10-02","Bookie.java","19279","123002","142281"
"2013-05-04","Bookie.java","18981","116203","135184"
"2014-04-29","Bookie.java","20122","133360","153482"
"2012-12-18","Bookie.java","16899","78720","95619"
"2012-04-17","Bookie.java","8096","12079","20175"
"2012-07-05","Bookie.java","10404","25556","35960"
"2012-10-25","Bookie.java","16086","63498","79584"
"2013-09-11","Bookie.java","19254","122776","142030"
"2013-06-21","Bookie.java","19160","121038","140198"
"2014-02-06","Bookie.java","20026","129759","149785"
"2012-07-04","Bookie.java","10388","25058","35446"
"2012-06-19","Bookie.java","10184","19267","29451"
"2012-04-16","Bookie.java","8025","11819","19844"
"2015-03-18","Bookie.java","20783","147867","168650"
"2015-04-21","Bookie.java","20782","147968","168750"
"2012-04-02","Bookie.java","7994","11614","19608"
"2013-07-24","Bookie.java","19199","122135","141334"
"2013-10-22","IndexInMemPageMgr.java","878","2186","3064"
"2014-02-21","BookKeeper.java","194","1353","1547"
"2015-09-15","BookKeeper.java","3694","22018","25712"
"2015-07-10","BookKeeper.java","3266","21288","24554"
"2015-10-22","BookKeeper.java","3767","23471","27238"
"2013-10-12","Bookie.java","7324","65505","72829"
"2014-08-18","Bookie.java","9212","86340","95552"
"2014-09-23","Bookie.java","9331","87083","96414"
"2012-12-03","Bookie.java","1184","12333","13517"
"2013-12-06","Bookie.java","7595","68798","76393"
"2012-12-24","Bookie.java","3115","18769","21884"
"2014-01-21","Bookie.java","7840","70780","78620"
"2013-10-22","Bookie.java","7532","66480","74012"
"2012-12-24","Bookie.java","3180","19056","22236"
"2012-12-08","Bookie.java","1886","13080","14966"
"2013-12-02","Bookie.java","7581","68632","76213"
"2012-10-26","Bookie.java","596","2682","3278"
"2014-02-05","Bookie.java","8443","71893","80336"
"2013-06-15","Bookie.java","6299","61775","68074"
"2014-05-09","Bookie.java","8629","76233","84862"
"2013-10-02","Bookie.java","6555","64003","70558"
"2013-05-04","Bookie.java","6070","57017","63087"
"2014-04-29","Bookie.java","8615","75578","84193"
"2012-12-18","Bookie.java","2494","18040","20534"
"2012-10-25","Bookie.java","313","1450","1763"
"2013-09-11","Bookie.java","6524","63771","70295"
"2013-06-21","Bookie.java","6316","61919","68235"
"2014-02-06","Bookie.java","8445","71903","80348"
"2015-03-18","Bookie.java","9648","90457","100105"
"2015-04-21","Bookie.java","9649","90560","100209"
"2013-07-24","Bookie.java","6392","63053","69445"
"2013-10-12","Bookie.java","18238","135222","153460"
"2012-03-13","Bookie.java","2379","14907","17286"
"2012-10-18","Bookie.java","15802","74605","90407"
"2014-08-18","Bookie.java","19095","155026","174121"
"2014-09-23","Bookie.java","19106","155661","174767"
"2012-09-07","Bookie.java","13106","63141","76247"
"2012-12-03","Bookie.java","16057","86009","102066"
"2013-12-06","Bookie.java","18354","138360","156714"
"2012-03-08","Bookie.java","1949","12220","14169"
"2012-12-24","Bookie.java","16384","90841","107225"
"2014-01-21","Bookie.java","18415","140158","158573"
"2012-03-20","Bookie.java","9351","23808","33159"
"2013-10-22","Bookie.java","18334","136085","154419"
"2012-03-29","Bookie.java","9491","24663","34154"
"2012-12-24","Bookie.java","16428","91107","107535"
"2012-04-17","Bookie.java","9891","26625","36516"
"2012-09-14","Bookie.java","13392","64088","77480"
"2012-03-08","Bookie.java","1901","12128","14029"
"2012-12-08","Bookie.java","16147","86144","102291"
"2012-05-10","Bookie.java","10188","28149","38337"
"2013-12-02","Bookie.java","18351","138205","156556"
"2012-10-26","Bookie.java","15925","76814","92739"
"2014-02-05","Bookie.java","18694","140947","159641"
"2013-06-15","Bookie.java","18124","132403","150527"
"2014-05-09","Bookie.java","18737","145144","163881"
"2011-11-28","Bookie.java","482","3226","3708"
"2013-10-02","Bookie.java","18201","134452","152653"
"2013-05-04","Bookie.java","17936","127686","145622"
"2012-02-15","Bookie.java","1618","10007","11625"
"2012-02-17","Bookie.java","1622","10252","11874"
"2014-04-29","Bookie.java","18737","144503","163240"
"2012-12-18","Bookie.java","16368","90717","107085"
"2012-02-09","Bookie.java","1473","9603","11076"
"2012-04-17","Bookie.java","9586","26097","35683"
"2012-07-05","Bookie.java","10940","38620","49560"
"2012-10-25","Bookie.java","15890","75830","91720"
"2013-09-11","Bookie.java","18181","134231","152412"
"2012-02-01","Bookie.java","1243","7422","8665"
"2013-06-21","Bookie.java","18121","132527","150648"
"2014-02-06","Bookie.java","18694","140955","159649"
"2012-07-04","Bookie.java","10934","38132","49066"
"2012-06-19","Bookie.java","10733","32344","43077"
"2012-04-16","Bookie.java","9560","25882","35442"
"2015-03-18","Bookie.java","19135","158747","177882"
"2015-04-21","Bookie.java","19135","158849","177984"
"2012-04-02","Bookie.java","9557","25705","35262"
"2013-07-24","Bookie.java","18145","133609","151754"
"2012-08-28","AbstractZkLedgerManager.java","13486","57713","71199"
"2014-01-17","AbstractZkLedgerManager.java","19187","136997","156184"
"2013-07-29","AbstractZkLedgerManager.java","18930","131694","150624"
"2012-06-19","AbstractZkLedgerManager.java","10996","29863","40859"
"2012-12-24","AbstractZkLedgerManager.java","17146","88859","106005"
"2015-09-15","AbstractZkLedgerManager.java","20183","158020","178203"
"2014-05-12","AbstractZkLedgerManager.java","19566","143547","163113"
"2013-03-25","AbstractZkLedgerManager.java","18652","124592","143244"
"2012-03-31","AbstractZkLedgerManager.java","9292","22117","31409"
"2014-07-25","BookieRequestProcessor.java","2903","15632","18535"
"2014-09-23","Bookie.java","405","1029","1434"
"2015-03-18","Bookie.java","929","4610","5539"
"2015-04-21","Bookie.java","1007","4790","5797"
"2014-09-06","AuditorElector.java","5281","33486","38767"
"2014-06-02","AuditorElector.java","4690","23952","28642"
"2013-08-21","AuditorElector.java","1408","9099","10507"
"2014-04-24","AuditorElector.java","4468","21592","26060"
"2012-12-13","BookieReadWriteTest.java","16953","81689","98642"
"2014-07-24","BookieReadWriteTest.java","20055","139769","159824"
"2012-06-19","BookieReadWriteTest.java","10527","23841","34368"
"2012-05-25","BookieReadWriteTest.java","9784","20702","30486"
"2014-01-21","BookieReadWriteTest.java","19367","132174","151541"
"2013-05-31","BookieReadWriteTest.java","18953","120835","139788"
"2015-03-18","Bookie.java","530","3587","4117"
"2015-04-21","Bookie.java","610","3769","4379"
"2013-10-12","Bookie.java","10205","77154","87359"
"2012-10-18","Bookie.java","4027","12795","16822"
"2014-08-18","Bookie.java","11926","97822","109748"
"2014-09-23","Bookie.java","12034","98554","110588"
"2012-12-03","Bookie.java","4967","24884","29851"
"2013-12-06","Bookie.java","10456","80427","90883"
"2012-12-24","Bookie.java","6295","30717","37012"
"2014-01-21","Bookie.java","10613","82321","92934"
"2013-10-22","Bookie.java","10406","78122","88528"
"2012-12-24","Bookie.java","6359","31003","37362"
"2012-09-14","Bookie.java","623","1284","1907"
"2012-12-08","Bookie.java","5137","25099","30236"
"2013-12-02","Bookie.java","10446","80265","90711"
"2012-10-26","Bookie.java","4463","15317","19780"
"2014-02-05","Bookie.java","11186","83404","94590"
"2013-06-15","Bookie.java","9258","73502","82760"
"2014-05-09","Bookie.java","11353","87725","99078"
"2013-10-02","Bookie.java","9442","75658","85100"
"2013-05-04","Bookie.java","9042","68757","77799"
"2014-04-29","Bookie.java","11339","87070","98409"
"2012-12-18","Bookie.java","5693","30007","35700"
"2012-10-25","Bookie.java","4206","14111","18317"
"2013-09-11","Bookie.java","9413","75428","84841"
"2013-06-21","Bookie.java","9262","73633","82895"
"2014-02-06","Bookie.java","11188","83414","94602"
"2015-03-18","Bookie.java","12307","101884","114191"
"2015-04-21","Bookie.java","12308","101987","114295"
"2013-07-24","Bookie.java","9317","74746","84063"
"2013-10-12","Bookie.java","7114","54146","61260"
"2014-08-18","Bookie.java","9065","75044","84109"
"2014-09-23","Bookie.java","9185","75788","84973"
"2013-12-06","Bookie.java","7353","57407","64760"
"2012-12-24","Bookie.java","2638","7143","9781"
"2014-01-21","Bookie.java","7600","59391","66991"
"2013-10-22","Bookie.java","7289","55088","62377"
"2012-12-24","Bookie.java","2712","7439","10151"
"2012-12-08","Bookie.java","1367","1412","2779"
"2013-12-02","Bookie.java","7339","57241","64580"
"2014-02-05","Bookie.java","8255","60556","68811"
"2013-06-15","Bookie.java","5974","50301","56275"
"2014-05-09","Bookie.java","8444","64899","73343"
"2013-10-02","Bookie.java","6258","52557","58815"
"2013-05-04","Bookie.java","5727","45525","51252"
"2014-04-29","Bookie.java","8430","64244","72674"
"2012-12-18","Bookie.java","2009","6406","8415"
"2013-09-11","Bookie.java","6225","52323","58548"
"2013-06-21","Bookie.java","5991","50445","56436"
"2014-02-06","Bookie.java","8257","60566","68823"
"2015-03-18","Bookie.java","9513","79173","88686"
"2015-04-21","Bookie.java","9514","79276","88790"
"2013-07-24","Bookie.java","6086","51598","57684"
"2013-10-11","LedgerCacheImpl.java","4820","46806","51626"
"2014-08-18","Bookie.java","3420","19345","22765"
"2014-09-23","Bookie.java","3555","20104","23659"
"2014-01-21","Bookie.java","533","2270","2803"
"2014-02-05","Bookie.java","1608","3855","5463"
"2014-05-09","Bookie.java","2097","8498","10595"
"2014-04-29","Bookie.java","2079","7839","9918"
"2014-02-06","Bookie.java","1613","3868","5481"
"2015-03-18","Bookie.java","4014","23620","27634"
"2015-04-21","Bookie.java","4036","23744","27780"
"2013-10-12","Bookie.java","19368","126081","145449"
"2012-03-13","Bookie.java","518","2775","3293"
"2012-10-18","Bookie.java","16107","64639","80746"
"2014-08-18","Bookie.java","20460","146120","166580"
"2014-09-23","Bookie.java","20471","146755","167226"
"2012-09-07","Bookie.java","13227","52991","66218"
"2012-12-03","Bookie.java","16512","76193","92705"
"2013-12-06","Bookie.java","19534","129269","148803"
"2012-12-24","Bookie.java","17116","81302","98418"
"2014-01-21","Bookie.java","19635","131107","150742"
"2012-03-20","Bookie.java","7873","12059","19932"
"2013-10-22","Bookie.java","19510","126990","146500"
"2012-03-29","Bookie.java","8153","13054","21207"
"2012-12-24","Bookie.java","17165","81573","98738"
"2012-04-17","Bookie.java","8765","15228","23993"
"2012-09-14","Bookie.java","13584","54009","67593"
"2012-12-08","Bookie.java","16634","76360","92994"
"2012-05-10","Bookie.java","9118","16808","25926"
"2013-12-02","Bookie.java","19529","129112","148641"
"2012-10-26","Bookie.java","16333","66951","83284"
"2014-02-05","Bookie.java","19957","131939","151896"
"2013-06-15","Bookie.java","19155","123163","142318"
"2014-05-09","Bookie.java","20049","136185","156234"
"2013-10-02","Bookie.java","19280","125260","144540"
"2013-05-04","Bookie.java","18973","118452","137425"
"2014-04-29","Bookie.java","20049","135544","155593"
"2012-12-18","Bookie.java","16912","80990","97902"
"2012-04-17","Bookie.java","8385","14625","23010"
"2012-07-05","Bookie.java","10586","27995","38581"
"2012-10-25","Bookie.java","16203","65872","82075"
"2013-09-11","Bookie.java","19256","125035","144291"
"2013-06-21","Bookie.java","19160","123295","142455"
"2014-02-06","Bookie.java","19959","131949","151908"
"2012-07-04","Bookie.java","10570","27497","38067"
"2012-06-19","Bookie.java","10366","21706","32072"
"2012-04-16","Bookie.java","8321","14372","22693"
"2015-03-18","Bookie.java","20593","149934","170527"
"2015-04-21","Bookie.java","20592","150035","170627"
"2012-04-02","Bookie.java","8313","14190","22503"
"2013-07-24","Bookie.java","19201","124394","143595"
"2013-06-15","ZkLedgerUnderreplicationManager.java","4607","45446","50053"
"2012-12-18","ZkLedgerUnderreplicationManager.java","265","884","1149"
"2013-08-22","ZkLedgerUnderreplicationManager.java","4822","47351","52173"
"2014-06-02","ZkLedgerUnderreplicationManager.java","7362","61448","68810"
"2014-06-03","ZkLedgerUnderreplicationManager.java","7377","61931","69308"
"2013-01-04","ZkLedgerUnderreplicationManager.java","1915","4545","6460"
"2015-01-16","CompactionTest.java","3711","21036","24747"
"2014-06-06","CompactionTest.java","1737","7621","9358"
"2014-12-10","CompactionTest.java","3698","19218","22916"
"2015-04-21","CompactionTest.java","3842","21608","25450"
"2014-02-05","Cookie.java","7029","59285","66314"
"2013-02-08","Cookie.java","3007","41241","44248"
"2014-05-09","Cookie.java","7219","63629","70848"
"2014-12-06","Cookie.java","8011","75488","83499"
"2014-09-23","Cookie.java","7960","74518","82478"
"2014-09-18","Cookie.java","7942","74444","82386"
"2013-10-12","Bookie.java","4958","47485","52443"
"2014-08-18","Bookie.java","7140","68614","75754"
"2014-09-23","Bookie.java","7262","69360","76622"
"2013-12-06","Bookie.java","5206","50755","55961"
"2014-01-21","Bookie.java","5464","52750","58214"
"2013-10-22","Bookie.java","5137","48431","53568"
"2013-12-02","Bookie.java","5192","50589","55781"
"2014-02-05","Bookie.java","6180","53976","60156"
"2013-06-15","Bookie.java","3696","43518","47214"
"2014-05-09","Bookie.java","6469","58419","64888"
"2013-10-02","Bookie.java","4040","45834","49874"
"2013-05-04","Bookie.java","3430","38723","42153"
"2014-04-29","Bookie.java","6452","57761","64213"
"2013-09-11","Bookie.java","4001","45594","49595"
"2013-06-21","Bookie.java","3713","43662","47375"
"2014-02-06","Bookie.java","6182","53986","60168"
"2015-03-18","Bookie.java","7601","72756","80357"
"2015-04-21","Bookie.java","7603","72860","80463"
"2013-07-24","Bookie.java","3816","44823","48639"
"2014-08-18","Bookie.java","3187","17375","20562"
"2014-09-23","Bookie.java","3444","18256","21700"
"2014-02-05","Bookie.java","1083","1593","2676"
"2014-05-09","Bookie.java","1589","6253","7842"
"2014-04-29","Bookie.java","1571","5594","7165"
"2014-02-06","Bookie.java","1095","1613","2708"
"2015-03-18","Bookie.java","3917","21786","25703"
"2015-04-21","Bookie.java","3959","21930","25889"
"2014-01-17","AbstractZkLedgerManager.java","10571","84154","94725"
"2013-07-29","AbstractZkLedgerManager.java","9407","77944","87351"
"2012-12-24","AbstractZkLedgerManager.java","6402","33888","40290"
"2015-09-15","AbstractZkLedgerManager.java","12696","106306","119002"
"2014-05-12","AbstractZkLedgerManager.java","11412","91166","102578"
"2013-03-25","AbstractZkLedgerManager.java","8845","70558","79403"
"2014-06-02","TestCallbacks.java","345","1891","2236"
"2014-12-09","TestCallbacks.java","2232","13817","16049"
"2013-10-12","Bookie.java","14343","116870","131213"
"2012-10-18","Bookie.java","10128","54474","64602"
"2014-08-18","Bookie.java","15525","136999","152524"
"2014-09-23","Bookie.java","15575","137673","153248"
"2012-09-07","Bookie.java","7201","42779","49980"
"2012-12-03","Bookie.java","10692","66187","76879"
"2013-12-06","Bookie.java","14539","120088","134627"
"2012-12-24","Bookie.java","11323","71323","82646"
"2014-01-21","Bookie.java","14640","121926","136566"
"2013-10-22","Bookie.java","14515","117809","132324"
"2012-03-29","Bookie.java","300","1015","1315"
"2012-12-24","Bookie.java","11372","71594","82966"
"2012-04-17","Bookie.java","1027","3304","4331"
"2012-09-14","Bookie.java","7577","43816","51393"
"2012-12-08","Bookie.java","10826","66366","77192"
"2012-05-10","Bookie.java","1483","4987","6470"
"2013-12-02","Bookie.java","14535","119932","134467"
"2012-10-26","Bookie.java","10415","56847","67262"
"2014-02-05","Bookie.java","14992","122788","137780"
"2013-06-15","Bookie.java","13607","113429","127036"
"2014-05-09","Bookie.java","15094","127044","142138"
"2013-10-02","Bookie.java","13738","115532","129270"
"2013-05-04","Bookie.java","13432","108725","122157"
"2014-04-29","Bookie.java","15091","126400","141491"
"2012-12-18","Bookie.java","11114","71006","82120"
"2012-04-17","Bookie.java","646","2700","3346"
"2012-07-05","Bookie.java","4249","17472","21721"
"2012-10-25","Bookie.java","10225","55708","65933"
"2013-09-11","Bookie.java","13713","115306","129019"
"2013-06-21","Bookie.java","13611","113560","127171"
"2014-02-06","Bookie.java","14994","122798","137792"
"2012-07-04","Bookie.java","4232","16973","21205"
"2012-06-19","Bookie.java","2776","9930","12706"
"2012-04-16","Bookie.java","519","2384","2903"
"2015-03-18","Bookie.java","15766","140921","156687"
"2015-04-21","Bookie.java","15765","141022","156787"
"2012-04-02","Bookie.java","488","2179","2667"
"2013-07-24","Bookie.java","13653","114660","128313"
"2015-09-15","AbstractZkLedgerManager.java","4673","24700","29373"
"2014-05-12","AbstractZkLedgerManager.java","2009","8180","10189"
"2014-01-17","AbstractZkLedgerManager.java","1851","6897","8748"
"2015-09-15","AbstractZkLedgerManager.java","6071","31144","37215"
"2014-05-12","AbstractZkLedgerManager.java","3691","14908","18599"
"2015-03-12","AuditorPeriodicCheckTest.java","2653","16747","19400"
"2014-07-25","AuditorPeriodicCheckTest.java","1347","9790","11137"
"2014-08-18","Bookie.java","3459","21639","25098"
"2014-09-23","Bookie.java","3592","22396","25988"
"2013-12-06","Bookie.java","171","2426","2597"
"2014-01-21","Bookie.java","671","4663","5334"
"2013-12-02","Bookie.java","136","2239","2375"
"2014-02-05","Bookie.java","1739","6241","7980"
"2014-05-09","Bookie.java","2220","10876","13096"
"2014-04-29","Bookie.java","2202","10217","12419"
"2014-02-06","Bookie.java","1744","6254","7998"
"2015-03-18","Bookie.java","4034","25895","29929"
"2015-04-21","Bookie.java","4036","25999","30035"
"2012-07-23","BookKeeper.java","12315","42909","55224"
"2012-03-01","BookKeeper.java","1827","11127","12954"
"2014-02-21","BookKeeper.java","18731","142147","160878"
"2013-05-06","BookKeeper.java","17936","127786","145722"
"2015-09-15","BookKeeper.java","19212","159793","179005"
"2013-06-12","BookKeeper.java","18119","131971","150090"
"2013-10-02","BookKeeper.java","18201","134346","152547"
"2014-01-21","BookKeeper.java","18410","139860","158270"
"2011-11-28","BookKeeper.java","482","3226","3708"
"2014-02-06","BookKeeper.java","18694","140951","159645"
"2015-07-10","BookKeeper.java","19160","159439","178599"
"2012-06-05","BookKeeper.java","10532","30162","40694"
"2012-09-12","BookKeeper.java","13182","63742","76924"
"2011-11-29","BookKeeper.java","872","3661","4533"
"2013-09-10","BookKeeper.java","18175","134186","152361"
"2015-10-22","BookKeeper.java","19225","161186","180411"
"2013-01-10","BookKeeper.java","16822","93714","110536"
"2012-06-19","BookKeeper.java","10733","32344","43077"
"2012-08-28","AbstractZkLedgerManager.java","4701","30061","34762"
"2014-01-17","AbstractZkLedgerManager.java","13555","112498","126053"
"2013-07-29","AbstractZkLedgerManager.java","12462","106359","118821"
"2012-12-24","AbstractZkLedgerManager.java","9710","62556","72266"
"2015-09-15","AbstractZkLedgerManager.java","15234","134204","149438"
"2014-05-12","AbstractZkLedgerManager.java","14183","119297","133480"
"2013-03-25","AbstractZkLedgerManager.java","11968","99041","111009"
"2013-10-12","Bookie.java","14164","115976","130140"
"2012-10-18","Bookie.java","9876","53507","63383"
"2014-08-18","Bookie.java","15348","136107","151455"
"2014-09-23","Bookie.java","15398","136781","152179"
"2012-09-07","Bookie.java","6948","41811","48759"
"2012-12-03","Bookie.java","10453","65233","75686"
"2013-12-06","Bookie.java","14361","119195","133556"
"2012-12-24","Bookie.java","11090","70375","81465"
"2014-01-21","Bookie.java","14462","121033","135495"
"2013-10-22","Bookie.java","14337","116916","131253"
"2012-12-24","Bookie.java","11141","70648","81789"
"2012-04-17","Bookie.java","728","2290","3018"
"2012-09-14","Bookie.java","7324","42848","50172"
"2012-12-08","Bookie.java","10591","65416","76007"
"2012-05-10","Bookie.java","1204","3993","5197"
"2013-12-02","Bookie.java","14357","119039","133396"
"2012-10-26","Bookie.java","10176","55893","66069"
"2014-02-05","Bookie.java","14813","121894","136707"
"2013-06-15","Bookie.java","13381","112488","125869"
"2014-05-09","Bookie.java","14915","126150","141065"
"2013-10-02","Bookie.java","13517","114596","128113"
"2013-05-04","Bookie.java","13206","107784","120990"
"2014-04-29","Bookie.java","14912","125506","140418"
"2012-12-18","Bookie.java","10879","70056","80935"
"2012-04-17","Bookie.java","347","1686","2033"
"2012-07-05","Bookie.java","3986","16494","20480"
"2012-10-25","Bookie.java","9984","54752","64736"
"2013-09-11","Bookie.java","13492","114370","127862"
"2013-06-21","Bookie.java","13385","112619","126004"
"2014-02-06","Bookie.java","14815","121904","136719"
"2012-07-04","Bookie.java","3969","15995","19964"
"2012-06-19","Bookie.java","2508","8947","11455"
"2012-04-16","Bookie.java","220","1370","1590"
"2015-03-18","Bookie.java","15595","140035","155630"
"2015-04-21","Bookie.java","15594","140136","155730"
"2012-04-02","Bookie.java","188","1164","1352"
"2013-07-24","Bookie.java","13431","113723","127154"
"2014-01-17","AbstractZkLedgerManager.java","5306","51403","56709"
"2013-07-29","AbstractZkLedgerManager.java","3832","44883","48715"
"2015-09-15","AbstractZkLedgerManager.java","8247","74371","82618"
"2014-05-12","AbstractZkLedgerManager.java","6474","58742","65216"
"2013-03-25","AbstractZkLedgerManager.java","2995","37222","40217"
"2011-11-28","AbstractConfiguration.java","482","3226","3708"
"2012-06-19","AbstractConfiguration.java","10733","32344","43077"
"2013-06-12","AbstractConfiguration.java","18119","131971","150090"
"2012-12-12","AbstractConfiguration.java","16209","87359","103568"
"2012-06-13","AbstractConfiguration.java","10563","31408","41971"
"2012-11-30","AbstractConfiguration.java","16039","85454","101493"
"2012-05-24","AbstractConfiguration.java","10483","29518","40001"
"2012-10-05","AbstractConfiguration.java","15235","70873","86108"
"2013-10-12","Bookie.java","4886","47191","52077"
"2014-08-18","Bookie.java","7076","68328","75404"
"2014-09-23","Bookie.java","7199","69075","76274"
"2013-12-06","Bookie.java","5134","50461","55595"
"2014-01-21","Bookie.java","5392","52456","57848"
"2013-10-22","Bookie.java","5065","48137","53202"
"2013-12-02","Bookie.java","5120","50295","55415"
"2014-02-05","Bookie.java","6113","53687","59800"
"2013-06-15","Bookie.java","3622","43222","46844"
"2014-05-09","Bookie.java","6403","58131","64534"
"2013-10-02","Bookie.java","3966","45538","49504"
"2013-05-04","Bookie.java","3356","38427","41783"
"2014-04-29","Bookie.java","6386","57473","63859"
"2013-09-11","Bookie.java","3927","45298","49225"
"2013-06-21","Bookie.java","3639","43366","47005"
"2014-02-06","Bookie.java","6115","53697","59812"
"2015-03-18","Bookie.java","7544","72477","80021"
"2015-04-21","Bookie.java","7546","72581","80127"
"2013-07-24","Bookie.java","3742","44527","48269"
"2014-12-09","TestCallbacks.java","1997","12036","14033"
"2014-07-24","TestLedgerChecker.java","9083","76964","86047"
"2014-02-05","TestLedgerChecker.java","8505","70628","79133"
"2015-04-21","TestLedgerChecker.java","9752","89555","99307"
"2013-04-26","LedgerHandle.java","18736","131755","150491"
"2014-05-30","LedgerHandle.java","19220","150238","169458"
"2012-09-12","LedgerHandle.java","14547","68736","83283"
"2014-01-21","LedgerHandle.java","19001","144080","163081"
"2011-11-17","LedgerHandle.java","2969","5310","8279"
"2015-04-21","LedgerHandle.java","19431","162794","182225"
"2012-12-28","LedgerHandle.java","17530","95638","113168"
"2012-05-25","LedgerHandle.java","12570","35414","47984"
"2015-10-22","LedgerHandle.java","19474","165064","184538"
"2014-05-30","LedgerHandle.java","19218","150197","169415"
"2012-06-27","LedgerHandle.java","12821","43266","56087"
"2011-11-29","LedgerHandle.java","4157","10575","14732"
"2012-05-10","LedgerHandle.java","12253","33843","46096"
"2011-10-27","LedgerHandle.java","1168","1646","2814"
"2014-09-18","LedgerHandle.java","19403","159504","178907"
"2011-10-18","LedgerHandle.java","45","275","320"
"2011-11-16","LedgerHandle.java","2735","4433","7168"
"2014-02-21","LedgerHandle.java","19192","146237","165429"
"2014-12-05","LedgerHandle.java","19405","160150","179555"
"2014-12-09","LedgerHandle.java","19410","160604","180014"
"2012-03-31","LedgerHandle.java","11840","31479","43319"
"2012-02-01","LedgerHandle.java","4463","13280","17743"
"2012-09-14","LedgerHandle.java","14606","69030","83636"
"2015-10-06","LedgerHandle.java","19469","164003","183472"
"2012-06-29","LedgerHandle.java","12818","43593","56411"
"2012-02-13","LedgerHandle.java","4520","16446","20966"
"2014-01-17","LedgerHandle.java","18986","143169","162155"
"2012-02-13","LedgerHandle.java","4625","16631","21256"
"2012-01-17","LedgerHandle.java","4405","12129","16534"
"2013-10-14","LedgerHandle.java","18919","139625","158544"
"2015-10-06","LedgerHandle.java","19470","164244","183714"
"2012-08-28","LedgerHandle.java","14454","65059","79513"
"2011-11-28","LedgerHandle.java","3825","10198","14023"
"2012-06-19","LedgerHandle.java","12679","37919","50598"
"2013-10-11","LedgerCacheImpl.java","7349","63463","70812"
"2012-12-24","LedgerCacheImpl.java","3110","17238","20348"
"2012-12-18","LedgerCacheImpl.java","2483","16503","18986"
"2015-09-15","BookKeeper.java","492","794","1286"
"2015-10-22","BookKeeper.java","579","2261","2840"
"2012-07-23","BookKeeper.java","4184","15148","19332"
"2014-02-21","BookKeeper.java","14545","118331","132876"
"2013-05-06","BookKeeper.java","12713","102933","115646"
"2015-09-15","BookKeeper.java","15581","136532","152113"
"2013-06-12","BookKeeper.java","12884","107106","119990"
"2013-10-02","BookKeeper.java","13035","109550","122585"
"2014-01-21","BookKeeper.java","14064","115884","129948"
"2014-02-06","BookKeeper.java","14458","117085","131543"
"2015-07-10","BookKeeper.java","15412","136061","151473"
"2012-09-12","BookKeeper.java","5735","36665","42400"
"2013-09-10","BookKeeper.java","12998","109379","122377"
"2015-10-22","BookKeeper.java","15593","137924","153517"
"2013-01-10","BookKeeper.java","11210","68472","79682"
"2012-06-19","BookKeeper.java","857","2838","3695"
"2013-10-11","UpgradeTest.java","19067","126584","145651"
"2012-03-13","UpgradeTest.java","1005","4607","5612"
"2012-05-25","UpgradeTest.java","9680","19969","29649"
"2014-12-10","UpgradeTest.java","20263","148976","169239"
"2012-03-29","UpgradeTest.java","8388","14634","23022"
"2012-11-23","UpgradeTest.java","16443","74804","91247"
"2012-09-07","UpgradeTest.java","13250","54394","67644"
"2014-05-30","LedgerHandle.java","4155","22154","26309"
"2014-01-21","LedgerHandle.java","2801","14861","17662"
"2015-04-21","LedgerHandle.java","5371","35715","41086"
"2015-10-22","LedgerHandle.java","6053","38624","44677"
"2014-05-30","LedgerHandle.java","4137","22097","26234"
"2014-09-18","LedgerHandle.java","4931","32013","36944"
"2014-02-21","LedgerHandle.java","3869","17895","21764"
"2014-12-05","LedgerHandle.java","5021","32747","37768"
"2014-12-09","LedgerHandle.java","5062","33237","38299"
"2015-10-06","LedgerHandle.java","6023","37538","43561"
"2014-01-17","LedgerHandle.java","2497","13661","16158"
"2013-10-14","LedgerHandle.java","2134","9821","11955"
"2015-10-06","LedgerHandle.java","6026","37781","43807"
"2013-10-12","Bookie.java","14185","114435","128620"
"2012-10-18","Bookie.java","9399","51468","60867"
"2014-08-18","Bookie.java","15435","134632","150067"
"2014-09-23","Bookie.java","15485","135306","150791"
"2012-09-07","Bookie.java","6428","39729","46157"
"2012-12-03","Bookie.java","9979","63197","73176"
"2013-12-06","Bookie.java","14388","117660","132048"
"2012-12-24","Bookie.java","10814","68537","79351"
"2014-01-21","Bookie.java","14495","119504","133999"
"2013-10-22","Bookie.java","14363","115380","129743"
"2012-12-24","Bookie.java","10866","68811","79677"
"2012-09-14","Bookie.java","6821","40783","47604"
"2012-12-08","Bookie.java","10118","63381","73499"
"2012-05-10","Bookie.java","511","1738","2249"
"2013-12-02","Bookie.java","14383","117503","131886"
"2012-10-26","Bookie.java","9699","53854","63553"
"2014-02-05","Bookie.java","14867","120386","135253"
"2013-06-15","Bookie.java","13350","110895","124245"
"2014-05-09","Bookie.java","14989","124662","139651"
"2013-10-02","Bookie.java","13488","113005","126493"
"2013-05-04","Bookie.java","13177","106193","119370"
"2014-04-29","Bookie.java","14981","124013","138994"
"2012-12-18","Bookie.java","10429","68044","78473"
"2012-07-05","Bookie.java","3401","14347","17748"
"2012-10-25","Bookie.java","9507","52713","62220"
"2013-09-11","Bookie.java","13463","112779","126242"
"2013-06-21","Bookie.java","13353","111025","124378"
"2014-02-06","Bookie.java","14869","120396","135265"
"2012-07-04","Bookie.java","3384","13848","17232"
"2012-06-19","Bookie.java","1907","6784","8691"
"2015-03-18","Bookie.java","15686","138564","154250"
"2015-04-21","Bookie.java","15686","138666","154352"
"2013-07-24","Bookie.java","13402","112132","125534"
"2014-02-05","AuditorPeriodicCheckTest.java","2518","8328","10846"
"2014-04-24","AuditorPeriodicCheckTest.java","2906","11853","14759"
"2015-03-12","AuditorPeriodicCheckTest.java","4732","27773","32505"
"2014-07-25","AuditorPeriodicCheckTest.java","3788","21178","24966"
"2013-10-12","Bookie.java","9780","76068","85848"
"2012-10-18","Bookie.java","3502","11609","15111"
"2014-08-18","Bookie.java","11548","96783","108331"
"2014-09-23","Bookie.java","11666","97525","109191"
"2012-12-03","Bookie.java","4449","23705","28154"
"2013-12-06","Bookie.java","10036","79346","89382"
"2012-12-24","Bookie.java","5797","29558","35355"
"2014-01-21","Bookie.java","10203","81250","91453"
"2013-10-22","Bookie.java","9986","77041","87027"
"2012-12-24","Bookie.java","5861","29844","35705"
"2012-12-08","Bookie.java","4619","23920","28539"
"2013-12-02","Bookie.java","10026","79184","89210"
"2012-10-26","Bookie.java","3938","14131","18069"
"2014-02-05","Bookie.java","10794","82351","93145"
"2013-06-15","Bookie.java","8826","72409","81235"
"2014-05-09","Bookie.java","10973","86684","97657"
"2013-10-02","Bookie.java","9012","74567","83579"
"2013-05-04","Bookie.java","8610","67664","76274"
"2014-04-29","Bookie.java","10959","86029","96988"
"2012-12-18","Bookie.java","5180","28833","34013"
"2012-10-25","Bookie.java","3681","12925","16606"
"2013-09-11","Bookie.java","8983","74337","83320"
"2013-06-21","Bookie.java","8830","72540","81370"
"2014-02-06","Bookie.java","10796","82361","93157"
"2015-03-18","Bookie.java","11964","100880","112844"
"2015-04-21","Bookie.java","11965","100983","112948"
"2013-07-24","Bookie.java","8885","73653","82538"
"2015-04-21","LedgerHandle.java","2561","14906","17467"
"2015-10-22","LedgerHandle.java","3444","18016","21460"
"2014-09-18","LedgerHandle.java","1794","10877","12671"
"2014-12-05","LedgerHandle.java","2024","11751","13775"
"2014-12-09","LedgerHandle.java","2081","12257","14338"
"2015-10-06","LedgerHandle.java","3410","16926","20336"
"2015-10-06","LedgerHandle.java","3416","17172","20588"
"2012-06-19","AbstractConfiguration.java","10996","29863","40859"
"2013-06-12","AbstractConfiguration.java","18901","130009","148910"
"2012-12-12","AbstractConfiguration.java","16796","85202","101998"
"2012-06-13","AbstractConfiguration.java","10370","28471","38841"
"2012-11-30","AbstractConfiguration.java","16599","83270","99869"
"2012-05-24","AbstractConfiguration.java","10295","26586","36881"
"2012-10-05","AbstractConfiguration.java","15762","68656","84418"
"2013-10-12","Bookie.java","19426","126183","145609"
"2012-03-13","Bookie.java","610","2911","3521"
"2012-10-18","Bookie.java","16175","64751","80926"
"2014-08-18","Bookie.java","20517","146221","166738"
"2014-09-23","Bookie.java","20528","146856","167384"
"2012-09-07","Bookie.java","13293","53101","66394"
"2012-12-03","Bookie.java","16580","76305","92885"
"2013-12-06","Bookie.java","19595","129374","148969"
"2012-12-24","Bookie.java","17184","81414","98598"
"2014-01-21","Bookie.java","19696","131212","150908"
"2012-03-20","Bookie.java","7962","12192","20154"
"2013-10-22","Bookie.java","19569","127093","146662"
"2012-03-29","Bookie.java","8239","13184","21423"
"2012-12-24","Bookie.java","17233","81685","98918"
"2012-04-17","Bookie.java","8830","15337","24167"
"2012-09-14","Bookie.java","13650","54119","67769"
"2012-12-08","Bookie.java","16702","76472","93174"
"2012-05-10","Bookie.java","9183","16917","26100"
"2013-12-02","Bookie.java","19590","129217","148807"
"2012-10-26","Bookie.java","16401","67063","83464"
"2014-02-05","Bookie.java","20018","132044","152062"
"2013-06-15","Bookie.java","19221","123273","142494"
"2014-05-09","Bookie.java","20108","136288","156396"
"2013-10-02","Bookie.java","19338","125362","144700"
"2013-05-04","Bookie.java","19039","118562","137601"
"2014-04-29","Bookie.java","20108","135647","155755"
"2012-12-18","Bookie.java","16980","81102","98082"
"2012-04-17","Bookie.java","8465","14749","23214"
"2012-07-05","Bookie.java","10652","28105","38757"
"2012-10-25","Bookie.java","16271","65984","82255"
"2013-09-11","Bookie.java","19314","125137","144451"
"2013-06-21","Bookie.java","19218","123397","142615"
"2014-02-06","Bookie.java","20018","132052","152070"
"2012-07-04","Bookie.java","10636","27607","38243"
"2012-06-19","Bookie.java","10432","21816","32248"
"2012-04-16","Bookie.java","8406","14501","22907"
"2015-03-18","Bookie.java","20650","150035","170685"
"2015-04-21","Bookie.java","20649","150136","170785"
"2012-04-02","Bookie.java","8399","14320","22719"
"2013-07-24","Bookie.java","19259","124496","143755"
"2013-06-15","ZkLedgerUnderreplicationManager.java","4352","44572","48924"
"2013-08-22","ZkLedgerUnderreplicationManager.java","4593","46503","51096"
"2014-06-02","ZkLedgerUnderreplicationManager.java","7219","60686","67905"
"2014-06-03","ZkLedgerUnderreplicationManager.java","7239","61174","68413"
"2013-01-04","ZkLedgerUnderreplicationManager.java","1657","3668","5325"
"2013-04-26","LedgerHandle.java","8778","67608","76386"
"2014-05-30","LedgerHandle.java","11337","88166","99503"
"2014-01-21","LedgerHandle.java","10484","81374","91858"
"2015-04-21","LedgerHandle.java","12259","101433","113692"
"2012-12-28","LedgerHandle.java","6523","30442","36965"
"2015-10-22","LedgerHandle.java","12688","104089","116777"
"2014-05-30","LedgerHandle.java","11317","88107","99424"
"2014-09-18","LedgerHandle.java","11899","97811","109710"
"2014-02-21","LedgerHandle.java","11210","84066","95276"
"2014-12-05","LedgerHandle.java","11974","98530","110504"
"2014-12-09","LedgerHandle.java","12016","99021","111037"
"2012-09-14","LedgerHandle.java","227","462","689"
"2015-10-06","LedgerHandle.java","12662","103007","115669"
"2014-01-17","LedgerHandle.java","10417","80411","90828"
"2013-10-14","LedgerHandle.java","10193","76710","86903"
"2015-10-06","LedgerHandle.java","12665","103250","115915"
"2014-09-06","AuditorElector.java","1846","12927","14773"
"2014-06-02","AuditorElector.java","410","2548","2958"
"2013-06-12","AbstractConfiguration.java","12389","104630","117019"
"2012-12-12","AbstractConfiguration.java","8861","58400","67261"
"2012-11-30","AbstractConfiguration.java","8604","56408","65012"
"2012-10-05","AbstractConfiguration.java","7341","41368","48709"
"2013-10-12","Bookie.java","5881","52868","58749"
"2014-08-18","Bookie.java","7840","73774","81614"
"2014-09-23","Bookie.java","7960","74518","82478"
"2013-12-06","Bookie.java","6120","56129","62249"
"2012-12-24","Bookie.java","1287","5747","7034"
"2014-01-21","Bookie.java","6371","58117","64488"
"2013-10-22","Bookie.java","6056","53810","59866"
"2012-12-24","Bookie.java","1361","6043","7404"
"2013-12-02","Bookie.java","6106","55963","62069"
"2014-02-05","Bookie.java","7029","59285","66314"
"2013-06-15","Bookie.java","4735","49017","53752"
"2014-05-09","Bookie.java","7219","63629","70848"
"2013-10-02","Bookie.java","5025","51279","56304"
"2013-05-04","Bookie.java","4488","44241","48729"
"2014-04-29","Bookie.java","7205","62974","70179"
"2012-12-18","Bookie.java","647","4999","5646"
"2013-09-11","Bookie.java","4992","51045","56037"
"2013-06-21","Bookie.java","4752","49161","53913"
"2014-02-06","Bookie.java","7031","59295","66326"
"2015-03-18","Bookie.java","8287","77902","86189"
"2015-04-21","Bookie.java","8288","78005","86293"
"2013-07-24","Bookie.java","4852","50319","55171"
"2014-06-02","ZkLedgerUnderreplicationManager.java","3751","15308","19059"
"2014-06-03","ZkLedgerUnderreplicationManager.java","3771","15796","19567"
"2014-05-30","LedgerHandle.java","1890","7829","9719"
"2015-04-21","LedgerHandle.java","4063","22347","26410"
"2015-10-22","LedgerHandle.java","4870","25381","30251"
"2014-05-30","LedgerHandle.java","1870","7770","9640"
"2014-09-18","LedgerHandle.java","3476","18498","21974"
"2014-02-21","LedgerHandle.java","1382","3348","4730"
"2014-12-05","LedgerHandle.java","3574","19240","22814"
"2014-12-09","LedgerHandle.java","3627","19742","23369"
"2015-10-06","LedgerHandle.java","4836","24291","29127"
"2015-10-06","LedgerHandle.java","4842","24537","29379"
"2013-04-26","LedgerHandle.java","18019","128697","146716"
"2014-05-30","LedgerHandle.java","18845","147522","166367"
"2012-09-12","LedgerHandle.java","13601","65449","79050"
"2014-01-21","LedgerHandle.java","18492","141230","159722"
"2015-04-21","LedgerHandle.java","19209","160231","179440"
"2012-12-28","LedgerHandle.java","16688","92455","109143"
"2012-05-25","LedgerHandle.java","10978","31481","42459"
"2015-10-22","LedgerHandle.java","19296","162545","181841"
"2014-05-30","LedgerHandle.java","18844","147482","166326"
"2012-06-27","LedgerHandle.java","11364","39468","50832"
"2011-11-29","LedgerHandle.java","1526","5603","7129"
"2012-05-10","LedgerHandle.java","10664","29913","40577"
"2014-09-18","LedgerHandle.java","19181","156941","176122"
"2014-02-21","LedgerHandle.java","18808","143512","162320"
"2014-12-05","LedgerHandle.java","19183","157587","176770"
"2014-12-09","LedgerHandle.java","19188","158041","177229"
"2012-03-31","LedgerHandle.java","10025","27323","37348"
"2012-02-01","LedgerHandle.java","1915","8391","10306"
"2012-09-14","LedgerHandle.java","13661","65744","79405"
"2015-10-06","LedgerHandle.java","19285","161478","180763"
"2012-06-29","LedgerHandle.java","11375","39809","51184"
"2012-02-13","LedgerHandle.java","2111","11696","13807"
"2014-01-17","LedgerHandle.java","18452","140294","158746"
"2012-02-13","LedgerHandle.java","2237","11902","14139"
"2012-01-17","LedgerHandle.java","1850","7233","9083"
"2013-10-14","LedgerHandle.java","18368","136733","155101"
"2015-10-06","LedgerHandle.java","19287","161720","181007"
"2012-08-28","LedgerHandle.java","13486","61750","75236"
"2011-11-28","LedgerHandle.java","1137","5169","6306"
"2012-06-19","LedgerHandle.java","11183","34082","45265"
"2013-06-12","AbstractConfiguration.java","4756","47458","52214"
"2013-10-11","LedgerCacheImpl.java","14075","115346","129421"
"2012-12-24","LedgerCacheImpl.java","11090","70375","81465"
"2012-10-26","LedgerCacheImpl.java","10009","55166","65175"
"2012-12-18","LedgerCacheImpl.java","10879","70056","80935"
"2012-05-07","LedgerCacheImpl.java","824","2903","3727"
"2014-12-10","UpgradeTest.java","4693","25889","30582"
"2015-10-22","LedgerHandle.java","1081","3308","4389"
"2015-10-06","LedgerHandle.java","1042","2213","3255"
"2015-10-06","LedgerHandle.java","1049","2460","3509"
"2014-06-03","ZkLedgerUnderreplicationManager.java","42","510","552"
"2013-10-11","UpgradeTest.java","19320","123235","142555"
"2012-05-25","UpgradeTest.java","9368","16055","25423"
"2014-12-10","UpgradeTest.java","20772","145883","166655"
"2012-03-29","UpgradeTest.java","7834","10478","18312"
"2012-11-23","UpgradeTest.java","16413","71172","87585"
"2012-09-07","UpgradeTest.java","13104","50646","63750"
"2013-01-10","BookKeeperTest.java","11210","68472","79682"
"2012-12-03","BookKeeperTest.java","9354","59338","68692"
"2012-07-18","BookKeeperTest.java","4124","15020","19144"
"2015-10-16","BookKeeperTest.java","15584","137111","152695"
"2013-05-06","BookKeeperTest.java","12713","102933","115646"
"2014-02-05","AuditorPeriodicCheckTest.java","3429","15503","18932"
"2014-04-24","AuditorPeriodicCheckTest.java","3762","18973","22735"
"2013-10-11","AuditorPeriodicCheckTest.java","1488","7752","9240"
"2015-03-12","AuditorPeriodicCheckTest.java","5119","34424","39543"
"2014-07-25","AuditorPeriodicCheckTest.java","4588","28242","32830"
"2012-06-05","ZooKeeperUtil.java","9460","16562","26022"
"2015-07-10","ZooKeeperUtil.java","20861","148612","169473"
"2014-08-18","ZooKeeperUtil.java","20548","143959","164507"
"2013-03-25","ZooKeeperUtil.java","18903","115059","133962"
"2012-04-28","ZooKeeperUtil.java","8531","13171","21702"
"2015-09-15","AbstractZkLedgerManager.java","3534","17390","20924"
"2015-10-16","BookKeeperTest.java","7393","71658","79051"
"2013-05-06","BookKeeperTest.java","2147","35105","37252"
"2013-04-26","LedgerHandle.java","2823","37734","40557"
"2014-05-30","LedgerHandle.java","6187","59097","65284"
"2014-01-21","LedgerHandle.java","4996","51967","56963"
"2015-04-21","LedgerHandle.java","7259","72514","79773"
"2015-10-22","LedgerHandle.java","7928","75410","83338"
"2014-05-30","LedgerHandle.java","6167","59038","65205"
"2014-09-18","LedgerHandle.java","6842","68835","75677"
"2014-02-21","LedgerHandle.java","5936","54873","60809"
"2014-12-05","LedgerHandle.java","6919","69556","76475"
"2014-12-09","LedgerHandle.java","6960","70046","77006"
"2015-10-06","LedgerHandle.java","7902","74328","82230"
"2014-01-17","LedgerHandle.java","4923","50998","55921"
"2013-10-14","LedgerHandle.java","4666","47264","51930"
"2015-10-06","LedgerHandle.java","7905","74571","82476"
"2013-01-10","BookKeeperTest.java","4445","11723","16168"
"2015-10-16","BookKeeperTest.java","10554","82097","92651"
"2013-05-06","BookKeeperTest.java","6280","46516","52796"
"2013-10-12","Bookie.java","14086","113109","127195"
"2012-10-18","Bookie.java","9185","50027","59212"
"2014-08-18","Bookie.java","15357","133327","148684"
"2014-09-23","Bookie.java","15407","134001","149408"
"2012-09-07","Bookie.java","6130","38204","44334"
"2012-12-03","Bookie.java","9767","61758","71525"
"2013-12-06","Bookie.java","14289","116334","130623"
"2012-12-24","Bookie.java","10620","67116","77736"
"2014-01-21","Bookie.java","14396","118178","132574"
"2013-10-22","Bookie.java","14264","114054","128318"
"2012-12-24","Bookie.java","10673","67391","78064"
"2012-09-14","Bookie.java","6557","39292","45849"
"2012-12-08","Bookie.java","9906","61942","71848"
"2013-12-02","Bookie.java","14284","116177","130461"
"2012-10-26","Bookie.java","9485","52413","61898"
"2014-02-05","Bookie.java","14782","119074","133856"
"2013-06-15","Bookie.java","13240","109558","122798"
"2014-05-09","Bookie.java","14905","123351","138256"
"2013-10-02","Bookie.java","13382","111672","125054"
"2013-05-04","Bookie.java","13066","104855","117921"
"2014-04-29","Bookie.java","14897","122702","137599"
"2012-12-18","Bookie.java","10227","66615","76842"
"2012-07-05","Bookie.java","2948","12667","15615"
"2012-10-25","Bookie.java","9293","51272","60565"
"2013-09-11","Bookie.java","13355","111444","124799"
"2013-06-21","Bookie.java","13243","109688","122931"
"2014-02-06","Bookie.java","14784","119084","133868"
"2012-07-04","Bookie.java","2931","12168","15099"
"2012-06-19","Bookie.java","1445","5095","6540"
"2015-03-18","Bookie.java","15615","137266","152881"
"2015-04-21","Bookie.java","15615","137368","152983"
"2013-07-24","Bookie.java","13292","110795","124087"
"2013-04-26","LedgerHandle.java","12599","102774","115373"
"2014-05-30","LedgerHandle.java","14655","122829","137484"
"2012-09-12","LedgerHandle.java","5809","37154","42963"
"2014-01-21","LedgerHandle.java","14086","116321","130407"
"2015-04-21","LedgerHandle.java","15328","135847","151175"
"2012-12-28","LedgerHandle.java","10631","65895","76526"
"2015-10-22","LedgerHandle.java","15595","138341","153936"
"2014-05-30","LedgerHandle.java","14637","122772","137409"
"2012-06-27","LedgerHandle.java","2403","10004","12407"
"2014-09-18","LedgerHandle.java","15072","132329","147401"
"2014-02-21","LedgerHandle.java","14544","118745","133289"
"2014-12-05","LedgerHandle.java","15122","133023","148145"
"2014-12-09","LedgerHandle.java","15139","133489","148628"
"2012-09-14","LedgerHandle.java","5894","37474","43368"
"2015-10-06","LedgerHandle.java","15584","137274","152858"
"2012-06-29","LedgerHandle.java","2417","10348","12765"
"2014-01-17","LedgerHandle.java","14025","115364","129389"
"2013-10-14","LedgerHandle.java","13842","111704","125546"
"2015-10-06","LedgerHandle.java","15585","137515","153100"
"2012-08-28","LedgerHandle.java","5582","33343","38925"
"2012-06-19","LedgerHandle.java","952","3348","4300"
"2013-10-11","LedgerCacheImpl.java","5517","47611","53128"
"2012-12-24","LedgerCacheImpl.java","796","904","1700"
"2015-03-12","AuditorPeriodicCheckTest.java","1442","7093","8535"
"2014-01-15","CompactionTest.java","8090","61027","69117"
"2013-10-22","CompactionTest.java","7894","57990","65884"
"2014-01-17","CompactionTest.java","8120","61413","69533"
"2015-01-16","CompactionTest.java","10115","82298","92413"
"2014-01-22","CompactionTest.java","8383","63241","71624"
"2013-05-04","CompactionTest.java","6424","48913","55337"
"2014-06-06","CompactionTest.java","9208","69950","79158"
"2013-10-30","CompactionTest.java","8000","60069","68069"
"2014-12-10","CompactionTest.java","10109","80487","90596"
"2015-04-21","CompactionTest.java","10159","82783","92942"
"2015-04-21","LedgerHandle.java","2581","14965","17546"
"2015-10-22","LedgerHandle.java","3464","18075","21539"
"2014-09-18","LedgerHandle.java","1817","10939","12756"
"2014-12-05","LedgerHandle.java","2047","11813","13860"
"2014-12-09","LedgerHandle.java","2101","12316","14417"
"2015-10-06","LedgerHandle.java","3430","16985","20415"
"2015-10-06","LedgerHandle.java","3436","17231","20667"
"2013-10-11","UpgradeTest.java","13672","110900","124572"
"2014-12-10","UpgradeTest.java","15304","133728","149032"
"2012-11-23","UpgradeTest.java","9363","57435","66798"
"2012-09-07","UpgradeTest.java","5696","36551","42247"
"2013-01-10","BookKeeperTest.java","7761","54127","61888"
"2012-12-03","BookKeeperTest.java","5669","44757","50426"
"2015-10-16","BookKeeperTest.java","12505","123136","135641"
"2013-05-06","BookKeeperTest.java","9310","88634","97944"
"2012-06-19","AbstractConfiguration.java","789","1555","2344"
"2013-06-12","AbstractConfiguration.java","12852","105859","118711"
"2012-12-12","AbstractConfiguration.java","9550","59855","69405"
"2012-11-30","AbstractConfiguration.java","9303","57873","67176"
"2012-10-05","AbstractConfiguration.java","8053","42846","50899"
"2013-04-26","LedgerHandle.java","10629","93203","103832"
"2014-05-30","LedgerHandle.java","12850","113423","126273"
"2012-09-12","LedgerHandle.java","3525","27269","30794"
"2014-01-21","LedgerHandle.java","12216","106850","119066"
"2015-04-21","LedgerHandle.java","13533","126451","139984"
"2012-12-28","LedgerHandle.java","8637","56300","64937"
"2015-10-22","LedgerHandle.java","13868","129013","142881"
"2014-05-30","LedgerHandle.java","12830","113364","126194"
"2014-09-18","LedgerHandle.java","13262","122918","136180"
"2014-02-21","LedgerHandle.java","12730","109330","122060"
"2014-12-05","LedgerHandle.java","13312","123612","136924"
"2014-12-09","LedgerHandle.java","13330","124079","137409"
"2012-09-14","LedgerHandle.java","3618","27597","31215"
"2015-10-06","LedgerHandle.java","13859","127948","141807"
"2012-06-29","LedgerHandle.java","17","347","364"
"2014-01-17","LedgerHandle.java","12151","105889","118040"
"2013-10-14","LedgerHandle.java","11944","102205","114149"
"2015-10-06","LedgerHandle.java","13860","128189","142049"
"2012-08-28","LedgerHandle.java","3242","23402","26644"
"2014-08-18","Bookie.java","3445","19522","22967"
"2014-09-23","Bookie.java","3580","20281","23861"
"2013-12-06","Bookie.java","35","187","222"
"2014-01-21","Bookie.java","568","2457","3025"
"2014-02-05","Bookie.java","1643","4042","5685"
"2014-05-09","Bookie.java","2132","8685","10817"
"2014-04-29","Bookie.java","2114","8026","10140"
"2014-02-06","Bookie.java","1648","4055","5703"
"2015-03-18","Bookie.java","4039","23797","27836"
"2015-04-21","Bookie.java","4061","23921","27982"
"2012-12-08","ZkLedgerUnderreplicationManager.java","2787","16561","19348"
"2012-12-08","ZkLedgerUnderreplicationManager.java","2787","16561","19348"
"2013-06-15","ZkLedgerUnderreplicationManager.java","7128","65184","72312"
"2012-12-14","ZkLedgerUnderreplicationManager.java","3102","20319","23421"
"2012-12-18","ZkLedgerUnderreplicationManager.java","3359","21195","24554"
"2013-08-22","ZkLedgerUnderreplicationManager.java","7293","67039","74332"
"2014-06-02","ZkLedgerUnderreplicationManager.java","9455","80758","90213"
"2014-06-03","ZkLedgerUnderreplicationManager.java","9469","81240","90709"
"2013-01-04","ZkLedgerUnderreplicationManager.java","4708","24555","29263"
"2012-12-14","ZkLedgerUnderreplicationManager.java","3111","20440","23551"
"2014-12-10","LocalBookKeeper.java","12070","119115","131185"
"2013-01-14","LocalBookKeeper.java","7766","54690","62456"
"2015-07-10","LocalBookKeeper.java","12240","121925","134165"
"2013-02-08","LocalBookKeeper.java","7932","85569","93501"
"2013-06-12","AbstractConfiguration.java","6499","50936","57435"
"2012-12-12","AbstractConfiguration.java","2056","3791","5847"
"2015-07-10","ZooKeeperUtil.java","15412","136061","151473"
"2014-08-18","ZooKeeperUtil.java","15045","131354","146399"
"2013-03-25","ZooKeeperUtil.java","12475","101529","114004"
"2013-10-11","LedgerCacheImpl.java","14246","113438","127684"
"2012-12-24","LedgerCacheImpl.java","10970","68176","79146"
"2012-10-26","LedgerCacheImpl.java","9679","52757","62436"
"2012-12-18","LedgerCacheImpl.java","10585","67683","78268"
"2015-07-10","LocalBookKeeper.java","681","3321","4002"
"2012-07-23","LocalBookKeeper.java","12315","42909","55224"
"2014-12-10","LocalBookKeeper.java","19127","156766","175893"
"2013-01-14","LocalBookKeeper.java","16862","94380","111242"
"2015-07-10","LocalBookKeeper.java","19160","159439","178599"
"2012-05-10","LocalBookKeeper.java","10188","28149","38337"
"2013-02-08","LocalBookKeeper.java","16980","125211","142191"
"2013-10-12","Bookie.java","7258","63353","70611"
"2014-08-18","Bookie.java","9142","84184","93326"
"2014-09-23","Bookie.java","9262","84928","94190"
"2012-12-03","Bookie.java","921","9984","10905"
"2013-12-06","Bookie.java","7496","66613","74109"
"2012-12-24","Bookie.java","2883","16451","19334"
"2014-01-21","Bookie.java","7740","68594","76334"
"2013-10-22","Bookie.java","7432","64294","71726"
"2012-12-24","Bookie.java","2948","16738","19686"
"2012-12-08","Bookie.java","1632","10740","12372"
"2013-12-02","Bookie.java","7482","66447","73929"
"2014-02-05","Bookie.java","8364","69728","78092"
"2013-06-15","Bookie.java","6138","59528","65666"
"2014-05-09","Bookie.java","8550","74068","82618"
"2013-10-02","Bookie.java","6404","61766","68170"
"2013-05-04","Bookie.java","5906","54767","60673"
"2014-04-29","Bookie.java","8536","73413","81949"
"2012-12-18","Bookie.java","2254","15714","17968"
"2013-09-11","Bookie.java","6373","61534","67907"
"2013-06-21","Bookie.java","6155","59672","65827"
"2014-02-06","Bookie.java","8366","69738","78104"
"2015-03-18","Bookie.java","9590","88313","97903"
"2015-04-21","Bookie.java","9591","88416","98007"
"2013-07-24","Bookie.java","6234","60809","67043"
"2013-04-26","LedgerHandle.java","18402","125003","143405"
"2014-05-30","LedgerHandle.java","19320","143920","163240"
"2012-09-12","LedgerHandle.java","13308","61079","74387"
"2014-01-21","LedgerHandle.java","18947","137608","156555"
"2015-04-21","LedgerHandle.java","19735","156680","176415"
"2012-12-28","LedgerHandle.java","17034","88724","105758"
"2012-05-25","LedgerHandle.java","10001","26427","36428"
"2015-10-22","LedgerHandle.java","19932","159104","179036"
"2014-05-30","LedgerHandle.java","19318","143879","163197"
"2012-06-27","LedgerHandle.java","10857","34884","45741"
"2012-05-10","LedgerHandle.java","9643","24815","34458"
"2014-09-18","LedgerHandle.java","19697","153380","173077"
"2014-02-21","LedgerHandle.java","19277","139904","159181"
"2014-12-05","LedgerHandle.java","19699","154026","173725"
"2014-12-09","LedgerHandle.java","19704","154480","174184"
"2012-03-31","LedgerHandle.java","8983","22204","31187"
"2012-02-01","LedgerHandle.java","452","2851","3303"
"2012-09-14","LedgerHandle.java","13386","61392","74778"
"2015-10-06","LedgerHandle.java","19921","158037","177958"
"2012-06-29","LedgerHandle.java","10866","35223","46089"
"2012-02-13","LedgerHandle.java","668","6176","6844"
"2014-01-17","LedgerHandle.java","18905","136670","155575"
"2012-02-13","LedgerHandle.java","795","6383","7178"
"2012-01-17","LedgerHandle.java","375","1681","2056"
"2013-10-14","LedgerHandle.java","18794","133082","151876"
"2015-10-06","LedgerHandle.java","19923","158279","178202"
"2012-08-28","LedgerHandle.java","13166","57353","70519"
"2012-06-19","LedgerHandle.java","10674","29496","40170"
"2014-12-10","LocalBookKeeper.java","6580","66701","73281"
"2015-07-10","LocalBookKeeper.java","6861","69622","76483"
"2013-02-08","LocalBookKeeper.java","269","30982","31251"
"2014-08-18","Bookie.java","2163","15841","18004"
"2014-09-23","Bookie.java","2426","16728","19154"
"2014-05-09","Bookie.java","510","4664","5174"
"2014-04-29","Bookie.java","491","4004","4495"
"2014-02-06","Bookie.java","12","20","32"
"2015-03-18","Bookie.java","2903","20262","23165"
"2015-04-21","Bookie.java","2945","20406","23351"
"2013-10-12","Bookie.java","1526","4231","5757"
"2014-08-18","Bookie.java","5006","26658","31664"
"2014-09-23","Bookie.java","5134","27410","32544"
"2013-12-06","Bookie.java","1970","7697","9667"
"2014-01-21","Bookie.java","2460","9924","12384"
"2013-10-22","Bookie.java","1895","5367","7262"
"2013-12-02","Bookie.java","1956","7531","9487"
"2014-02-05","Bookie.java","3442","11416","14858"
"2014-05-09","Bookie.java","3837","15965","19802"
"2013-10-02","Bookie.java","514","2486","3000"
"2014-04-29","Bookie.java","3819","15306","19125"
"2013-09-11","Bookie.java","461","2232","2693"
"2013-06-21","Bookie.java","17","144","161"
"2014-02-06","Bookie.java","3444","11426","14870"
"2015-03-18","Bookie.java","5505","30838","36343"
"2015-04-21","Bookie.java","5507","30942","36449"
"2013-07-24","Bookie.java","224","1409","1633"
"2013-10-11","UpgradeTest.java","14075","115346","129421"
"2012-05-25","UpgradeTest.java","1654","5697","7351"
"2014-12-10","UpgradeTest.java","15580","138047","153627"
"2012-11-23","UpgradeTest.java","10379","62494","72873"
"2012-09-07","UpgradeTest.java","6949","41847","48796"
"2012-07-23","LocalBookKeeper.java","12759","44641","57400"
"2014-12-10","LocalBookKeeper.java","19200","158127","177327"
"2011-11-18","LocalBookKeeper.java","717","2005","2722"
"2013-01-14","LocalBookKeeper.java","16980","95786","112766"
"2015-07-10","LocalBookKeeper.java","19231","160798","180029"
"2012-05-10","LocalBookKeeper.java","10664","29913","40577"
"2013-02-08","LocalBookKeeper.java","17094","126613","143707"
"2014-08-18","Bookie.java","1768","11292","13060"
"2014-09-23","Bookie.java","2169","12317","14486"
"2015-03-18","Bookie.java","2678","15883","18561"
"2015-04-21","Bookie.java","2721","16028","18749"
"2012-03-20","LedgerDescriptor.java","11821","29907","41728"
"2012-04-17","LedgerDescriptor.java","11840","31980","43820"
"2012-02-09","LedgerDescriptor.java","4513","16272","20785"
"2012-12-18","LedgerDescriptor.java","17339","95317","112656"
"2011-11-16","LedgerDescriptor.java","2735","4433","7168"
"2012-07-23","LocalBookKeeper.java","13991","48214","62205"
"2014-12-10","LocalBookKeeper.java","19422","160690","180112"
"2011-11-18","LocalBookKeeper.java","3592","7221","10813"
"2013-01-14","LocalBookKeeper.java","17784","98931","116715"
"2015-07-10","LocalBookKeeper.java","19450","163358","182808"
"2011-11-17","LocalBookKeeper.java","2969","5310","8279"
"2012-05-10","LocalBookKeeper.java","12253","33843","46096"
"2013-02-08","LocalBookKeeper.java","17898","129758","147656"
"2014-02-05","AuditorPeriodicCheckTest.java","5201","50562","55763"
"2014-04-24","AuditorPeriodicCheckTest.java","5496","53994","59490"
"2013-10-11","AuditorPeriodicCheckTest.java","3666","43217","46883"
"2015-03-12","AuditorPeriodicCheckTest.java","6716","69308","76024"
"2013-05-31","AuditorPeriodicCheckTest.java","2361","35648","38009"
"2014-07-25","AuditorPeriodicCheckTest.java","6210","63151","69361"
"2013-03-18","AuditorPeriodicCheckTest.java","1536","33018","34554"
"2013-04-26","LedgerHandle.java","12909","104338","117247"
"2014-05-30","LedgerHandle.java","14959","124387","139346"
"2012-09-12","LedgerHandle.java","6248","38847","45095"
"2014-01-21","LedgerHandle.java","14389","117878","132267"
"2015-04-21","LedgerHandle.java","15616","137389","153005"
"2012-12-28","LedgerHandle.java","10957","67475","78432"
"2012-05-25","LedgerHandle.java","498","1752","2250"
"2015-10-22","LedgerHandle.java","15883","139883","155766"
"2014-05-30","LedgerHandle.java","14942","124331","139273"
"2012-06-27","LedgerHandle.java","2895","11750","14645"
"2014-09-18","LedgerHandle.java","15368","133879","149247"
"2014-02-21","LedgerHandle.java","14849","120304","135153"
"2014-12-05","LedgerHandle.java","15416","134571","149987"
"2014-12-09","LedgerHandle.java","15433","135037","150470"
"2012-09-14","LedgerHandle.java","6331","39165","45496"
"2015-10-06","LedgerHandle.java","15872","138816","154688"
"2012-06-29","LedgerHandle.java","2909","12094","15003"
"2014-01-17","LedgerHandle.java","14328","116921","131249"
"2013-10-14","LedgerHandle.java","14150","113266","127416"
"2015-10-06","LedgerHandle.java","15873","139057","154930"
"2012-08-28","LedgerHandle.java","6022","35037","41059"
"2012-06-19","LedgerHandle.java","1445","5095","6540"
"2012-04-17","LedgerDescriptor.java","646","2700","3346"
"2012-12-18","LedgerDescriptor.java","11114","71006","82120"
"2012-07-23","BookieServer.java","13991","48214","62205"
"2011-11-15","BookieServer.java","2654","3617","6271"
"2013-12-06","BookieServer.java","18984","142619","161603"
"2013-01-14","BookieServer.java","17784","98931","116715"
"2011-11-17","BookieServer.java","2969","5310","8279"
"2013-02-12","BookieServer.java","18566","130299","148865"
"2012-03-08","BookieServer.java","4913","18813","23726"
"2014-01-21","BookieServer.java","18987","143720","162707"
"2011-11-18","BookieServer.java","3592","7221","10813"
"2012-05-09","BookieServer.java","12016","33265","45281"
"2013-07-24","BookieServer.java","18845","137938","156783"
"2012-02-15","BookieServer.java","4626","16644","21270"
"2013-06-15","BookieServer.java","18831","136739","155570"
"2012-10-18","BookieServer.java","16852","79284","96136"
"2013-01-09","BookieServer.java","17697","97780","115477"
"2013-07-03","BookieServer.java","18833","137058","155891"
"2012-07-09","BookieServer.java","12832","44146","56978"
"2013-04-02","BookieServer.java","18738","131474","150212"
"2015-07-10","ZooKeeperUtil.java","1878","6218","8096"
"2012-12-18","LedgerDescriptor.java","10762","68600","79362"
"2012-12-08","ZkLedgerLayoutTest.java","16734","83987","100721"
"2012-06-19","ZkLedgerLayoutTest.java","10996","29863","40859"
"2014-07-24","ZkLedgerLayoutTest.java","19806","145073","164879"
"2013-03-25","ZkLedgerLayoutTest.java","18652","124592","143244"
"2013-04-26","LedgerHandle.java","18302","130843","149145"
"2014-05-30","LedgerHandle.java","18906","149446","168352"
"2012-09-12","LedgerHandle.java","14056","67767","81823"
"2014-01-21","LedgerHandle.java","18635","143236","161871"
"2011-11-17","LedgerHandle.java","1903","3766","5669"
"2015-04-21","LedgerHandle.java","19223","162108","181331"
"2012-12-28","LedgerHandle.java","17053","94683","111736"
"2012-05-25","LedgerHandle.java","11812","34178","45990"
"2015-10-22","LedgerHandle.java","19267","164379","183646"
"2014-05-30","LedgerHandle.java","18904","149405","168309"
"2012-06-27","LedgerHandle.java","12121","42088","54209"
"2011-11-29","LedgerHandle.java","3227","9167","12394"
"2012-05-10","LedgerHandle.java","11494","32606","44100"
"2014-09-18","LedgerHandle.java","19195","158818","178013"
"2011-11-16","LedgerHandle.java","1661","2881","4542"
"2014-02-21","LedgerHandle.java","18870","145437","164307"
"2014-12-05","LedgerHandle.java","19197","159464","178661"
"2014-12-09","LedgerHandle.java","19202","159918","179120"
"2012-03-31","LedgerHandle.java","11072","30233","41305"
"2012-02-01","LedgerHandle.java","3556","11895","15451"
"2012-09-14","LedgerHandle.java","14115","68061","82176"
"2015-10-06","LedgerHandle.java","19261","163317","182578"
"2012-06-29","LedgerHandle.java","12128","42425","54553"
"2012-02-13","LedgerHandle.java","3613","15061","18674"
"2014-01-17","LedgerHandle.java","18612","142317","160929"
"2012-02-13","LedgerHandle.java","3724","15252","18976"
"2012-01-17","LedgerHandle.java","3493","10739","14232"
"2013-10-14","LedgerHandle.java","18545","138773","157318"
"2015-10-06","LedgerHandle.java","19262","163558","182820"
"2012-08-28","LedgerHandle.java","13949","64076","78025"
"2011-11-28","LedgerHandle.java","2895","8790","11685"
"2012-06-19","LedgerHandle.java","11948","36710","48658"
"2012-07-23","BookKeeper.java","13338","47083","60421"
"2012-03-01","BookKeeper.java","3908","16359","20267"
"2014-02-21","BookKeeper.java","18870","145437","164307"
"2013-05-06","BookKeeper.java","18305","131306","149611"
"2015-09-15","BookKeeper.java","19259","162991","182250"
"2013-06-12","BookKeeper.java","18445","135448","153893"
"2013-10-02","BookKeeper.java","18506","137802","156308"
"2014-01-21","BookKeeper.java","18635","143236","161871"
"2011-11-28","BookKeeper.java","2895","8790","11685"
"2014-02-06","BookKeeper.java","18838","144246","163084"
"2011-11-18","BookKeeper.java","2545","5696","8241"
"2015-07-10","BookKeeper.java","19242","162672","181914"
"2012-06-05","BookKeeper.java","11821","34602","46423"
"2012-09-12","BookKeeper.java","14056","67767","81823"
"2011-11-29","BookKeeper.java","3227","9167","12394"
"2013-09-10","BookKeeper.java","18484","137646","156130"
"2015-10-22","BookKeeper.java","19267","164379","183646"
"2011-11-16","BookKeeper.java","1661","2881","4542"
"2013-01-10","BookKeeper.java","17273","97316","114589"
"2012-06-19","BookKeeper.java","11948","36710","48658"
"2013-12-06","BookieServer.java","10603","100015","110618"
"2013-01-14","BookieServer.java","7766","54690","62456"
"2013-02-12","BookieServer.java","8788","86298","95086"
"2014-01-21","BookieServer.java","10649","101159","111808"
"2013-07-24","BookieServer.java","9500","94370","103870"
"2013-06-15","BookieServer.java","9444","93129","102573"
"2012-10-18","BookieServer.java","4951","33160","38111"
"2013-01-09","BookieServer.java","7628","53488","61116"
"2013-07-03","BookieServer.java","9468","93470","102938"
"2013-04-02","BookieServer.java","9063","87576","96639"
"2012-03-20","LedgerDescriptor.java","8360","14687","23047"
"2012-04-17","LedgerDescriptor.java","8684","17065","25749"
"2012-12-18","LedgerDescriptor.java","16954","83173","100127"
"2012-07-23","BookieServer.java","12552","45812","58364"
"2013-12-06","BookieServer.java","18054","140726","158780"
"2013-01-14","BookieServer.java","16676","96860","113536"
"2011-11-17","BookieServer.java","382","1760","2142"
"2013-02-12","BookieServer.java","17508","128278","145786"
"2012-03-08","BookieServer.java","2833","15770","18603"
"2014-01-21","BookieServer.java","18057","141827","159884"
"2011-11-18","BookieServer.java","1065","3731","4796"
"2012-05-09","BookieServer.java","10270","30556","40826"
"2013-07-24","BookieServer.java","17901","136031","153932"
"2012-02-15","BookieServer.java","2523","13578","16101"
"2013-06-15","BookieServer.java","17880","134825","152705"
"2012-10-18","BookieServer.java","15648","77117","92765"
"2013-01-09","BookieServer.java","16587","95707","112294"
"2013-07-03","BookieServer.java","17889","135151","153040"
"2012-07-09","BookieServer.java","11196","41547","52743"
"2013-04-02","BookieServer.java","17679","129452","147131"
"2013-12-06","AutoRecoveryMain.java","8587","73188","81775"
"2014-09-06","AutoRecoveryMain.java","10140","91204","101344"
"2013-01-14","AutoRecoveryMain.java","5500","27613","33113"
"2012-12-18","AutoRecoveryMain.java","3572","22226","25798"
"2013-10-02","AutoRecoveryMain.java","7529","68185","75714"
"2014-03-10","AutoRecoveryMain.java","9470","78205","87675"
"2014-04-24","AutoRecoveryMain.java","9473","79456","88929"
"2015-04-21","LedgerHandle.java","813","4075","4888"
"2015-10-22","LedgerHandle.java","1884","7373","9257"
"2014-12-05","LedgerHandle.java","236","880","1116"
"2014-12-09","LedgerHandle.java","295","1388","1683"
"2015-10-06","LedgerHandle.java","1849","6282","8131"
"2015-10-06","LedgerHandle.java","1855","6528","8383"
"2014-01-21","BookieServer.java","356","1454","1810"
"2013-12-06","BookieServer.java","4028","46516","50544"
"2013-02-12","BookieServer.java","1242","31828","33070"
"2014-01-21","BookieServer.java","4130","47716","51846"
"2013-07-24","BookieServer.java","2491","40437","42928"
"2013-06-15","BookieServer.java","2361","39122","41483"
"2013-07-03","BookieServer.java","2411","39489","41900"
"2013-04-02","BookieServer.java","1622","33211","34833"
"2013-10-12","Bookie.java","19036","133276","152312"
"2012-03-13","Bookie.java","2088","11872","13960"
"2012-10-18","Bookie.java","16355","72414","88769"
"2014-08-18","Bookie.java","19960","153147","173107"
"2014-09-23","Bookie.java","19971","153782","173753"
"2012-09-07","Bookie.java","13543","60834","74377"
"2012-12-03","Bookie.java","16618","83826","100444"
"2013-12-06","Bookie.java","19151","136413","155564"
"2012-03-08","Bookie.java","1646","9173","10819"
"2012-12-24","Bookie.java","17146","88859","106005"
"2014-01-21","Bookie.java","19236","138235","157471"
"2012-03-20","Bookie.java","9085","20798","29883"
"2013-10-22","Bookie.java","19133","134140","153273"
"2012-03-29","Bookie.java","9230","21658","30888"
"2012-12-24","Bookie.java","17190","89125","106315"
"2012-04-17","Bookie.java","9692","23682","33374"
"2012-09-14","Bookie.java","13866","61818","75684"
"2012-03-08","Bookie.java","1580","9063","10643"
"2012-12-08","Bookie.java","16734","83987","100721"
"2012-05-10","Bookie.java","9997","25214","35211"
"2013-12-02","Bookie.java","19148","136258","155406"
"2012-10-26","Bookie.java","16478","74623","91101"
"2014-02-05","Bookie.java","19520","139029","158549"
"2013-06-15","Bookie.java","18906","130441","149347"
"2014-05-09","Bookie.java","19566","143229","162795"
"2013-10-02","Bookie.java","18997","132504","151501"
"2013-05-04","Bookie.java","18714","125720","144434"
"2012-02-15","Bookie.java","1228","6873","8101"
"2012-02-17","Bookie.java","1232","7118","8350"
"2014-04-29","Bookie.java","19566","142588","162154"
"2012-12-18","Bookie.java","16955","88560","105515"
"2012-02-09","Bookie.java","1074","6460","7534"
"2012-04-17","Bookie.java","9385","23152","32537"
"2012-07-05","Bookie.java","11205","36141","47346"
"2012-10-25","Bookie.java","16443","73639","90082"
"2013-09-11","Bookie.java","18975","132281","151256"
"2012-02-01","Bookie.java","833","4268","5101"
"2013-06-21","Bookie.java","18903","130565","149468"
"2014-02-06","Bookie.java","19520","139037","158557"
"2012-07-04","Bookie.java","11197","35651","46848"
"2012-06-19","Bookie.java","10996","29863","40859"
"2012-04-16","Bookie.java","9359","22937","32296"
"2015-03-18","Bookie.java","20000","156868","176868"
"2015-04-21","Bookie.java","19999","156969","176968"
"2012-04-02","Bookie.java","9356","22760","32116"
"2013-07-24","Bookie.java","18927","131647","150574"
"2012-07-23","BookieServer.java","12759","44641","57400"
"2013-12-06","BookieServer.java","18438","139732","158170"
"2013-01-14","BookieServer.java","16980","95786","112766"
"2013-02-12","BookieServer.java","17834","127226","145060"
"2012-03-08","BookieServer.java","2557","14116","16673"
"2014-01-21","BookieServer.java","18453","140845","159298"
"2011-11-18","BookieServer.java","717","2005","2722"
"2012-05-09","BookieServer.java","10411","29319","39730"
"2013-07-24","BookieServer.java","18246","134998","153244"
"2012-02-15","BookieServer.java","2238","11915","14153"
"2013-06-15","BookieServer.java","18226","133793","152019"
"2012-10-18","BookieServer.java","15934","76025","91959"
"2013-01-09","BookieServer.java","16891","94633","111524"
"2013-07-03","BookieServer.java","18229","134113","152342"
"2012-07-09","BookieServer.java","11390","40363","51753"
"2013-04-02","BookieServer.java","18020","128415","146435"
"2014-02-05","AuditorPeriodicCheckTest.java","4022","17901","21923"
"2014-04-24","AuditorPeriodicCheckTest.java","4319","21335","25654"
"2013-10-11","AuditorPeriodicCheckTest.java","2224","10293","12517"
"2015-03-12","AuditorPeriodicCheckTest.java","5667","36777","42444"
"2013-05-31","AuditorPeriodicCheckTest.java","847","2652","3499"
"2014-07-25","AuditorPeriodicCheckTest.java","5141","30600","35741"
"2013-10-12","Bookie.java","1067","1800","2867"
"2014-08-18","Bookie.java","4711","24391","29102"
"2014-09-23","Bookie.java","4839","25143","29982"
"2013-12-06","Bookie.java","1503","5258","6761"
"2014-01-21","Bookie.java","2004","7496","9500"
"2013-10-22","Bookie.java","1419","2919","4338"
"2013-12-02","Bookie.java","1485","5088","6573"
"2014-02-05","Bookie.java","3050","9052","12102"
"2014-05-09","Bookie.java","3500","13656","17156"
"2014-04-29","Bookie.java","3482","12997","16479"
"2014-02-06","Bookie.java","3055","9065","12120"
"2015-03-18","Bookie.java","5254","28615","33869"
"2015-04-21","Bookie.java","5256","28719","33975"
"2013-10-12","Bookie.java","1843","9077","10920"
"2014-08-18","Bookie.java","4784","30965","35749"
"2014-09-23","Bookie.java","4912","31717","36629"
"2013-12-06","Bookie.java","2285","12541","14826"
"2014-01-21","Bookie.java","2775","14768","17543"
"2013-10-22","Bookie.java","2210","10211","12421"
"2013-12-02","Bookie.java","2271","12375","14646"
"2014-02-05","Bookie.java","3601","16104","19705"
"2013-06-15","Bookie.java","429","4958","5387"
"2014-05-09","Bookie.java","3988","20645","24633"
"2013-10-02","Bookie.java","850","7351","8201"
"2014-04-29","Bookie.java","3970","19986","23956"
"2013-09-11","Bookie.java","797","7097","7894"
"2013-06-21","Bookie.java","446","5102","5548"
"2014-02-06","Bookie.java","3603","16114","19717"
"2015-03-18","Bookie.java","5280","35142","40422"
"2015-04-21","Bookie.java","5282","35246","40528"
"2013-07-24","Bookie.java","564","6278","6842"
"2012-03-20","LedgerDescriptor.java","9728","26116","35844"
"2012-04-17","LedgerDescriptor.java","9951","28393","38344"
"2012-02-09","LedgerDescriptor.java","2286","12347","14633"
"2012-12-18","LedgerDescriptor.java","16282","92562","108844"
"2012-04-17","LedgerDescriptorImpl.java","646","2700","3346"
"2012-12-18","LedgerDescriptorImpl.java","11114","71006","82120"
"2013-10-12","Bookie.java","19095","127690","146785"
"2012-03-13","Bookie.java","1011","5150","6161"
"2012-10-18","Bookie.java","16104","66518","82622"
"2014-08-18","Bookie.java","20099","147641","167740"
"2014-09-23","Bookie.java","20110","148276","168386"
"2012-09-07","Bookie.java","13237","54883","68120"
"2012-12-03","Bookie.java","16469","78032","94501"
"2013-12-06","Bookie.java","19237","130854","150091"
"2012-03-08","Bookie.java","529","2411","2940"
"2012-12-24","Bookie.java","17054","83122","100176"
"2014-01-21","Bookie.java","19327","132681","152008"
"2012-03-20","Bookie.java","8227","14295","22522"
"2013-10-22","Bookie.java","19214","128576","147790"
"2012-03-29","Bookie.java","8379","15162","23541"
"2012-12-24","Bookie.java","17102","83392","100494"
"2012-04-17","Bookie.java","8902","17247","26149"
"2012-09-14","Bookie.java","13586","55893","69479"
"2012-03-08","Bookie.java","453","2291","2744"
"2012-12-08","Bookie.java","16586","78194","94780"
"2012-05-10","Bookie.java","9238","18810","28048"
"2013-12-02","Bookie.java","19234","130699","149933"
"2012-10-26","Bookie.java","16322","68822","85144"
"2014-02-05","Bookie.java","19626","133490","153116"
"2013-06-15","Bookie.java","18903","124793","143696"
"2014-05-09","Bookie.java","19702","137720","157422"
"2013-10-02","Bookie.java","19017","126879","145896"
"2013-05-04","Bookie.java","18727","120088","138815"
"2012-02-17","Bookie.java","36","277","313"
"2014-04-29","Bookie.java","19702","137079","156781"
"2012-12-18","Bookie.java","16863","82823","99686"
"2012-04-17","Bookie.java","8561","16683","25244"
"2012-07-05","Bookie.java","10631","29922","40553"
"2012-10-25","Bookie.java","16192","67743","83935"
"2013-09-11","Bookie.java","18995","126656","145651"
"2013-06-21","Bookie.java","18900","124917","143817"
"2014-02-06","Bookie.java","19626","133498","153124"
"2012-07-04","Bookie.java","10617","29426","40043"
"2012-06-19","Bookie.java","10413","23635","34048"
"2012-04-16","Bookie.java","8528","16461","24989"
"2015-03-18","Bookie.java","20208","151431","171639"
"2015-04-21","Bookie.java","20207","151532","171739"
"2012-04-02","Bookie.java","8521","16280","24801"
"2013-07-24","Bookie.java","18940","126015","144955"
"2013-10-12","Bookie.java","18222","138142","156364"
"2012-03-13","Bookie.java","3334","18798","22132"
"2012-10-18","Bookie.java","15939","77678","93617"
"2011-11-18","Bookie.java","1533","4469","6002"
"2014-08-18","Bookie.java","18882","157749","176631"
"2014-09-23","Bookie.java","18894","158385","177279"
"2012-09-07","Bookie.java","13557","66528","80085"
"2012-12-03","Bookie.java","16187","89075","105262"
"2013-12-06","Bookie.java","18305","141247","159552"
"2012-03-08","Bookie.java","3250","16457","19707"
"2012-12-24","Bookie.java","16472","93865","110337"
"2014-01-21","Bookie.java","18332","143011","161343"
"2012-03-20","Bookie.java","10178","27571","37749"
"2013-10-22","Bookie.java","18294","138981","157275"
"2012-03-29","Bookie.java","10307","28415","38722"
"2012-12-24","Bookie.java","16516","94131","110647"
"2012-04-17","Bookie.java","10626","30296","40922"
"2012-09-14","Bookie.java","13808","67440","81248"
"2012-03-08","Bookie.java","3204","16367","19571"
"2012-12-08","Bookie.java","16248","89181","105429"
"2012-05-10","Bookie.java","10914","31811","42725"
"2013-12-02","Bookie.java","18302","141092","159394"
"2012-10-26","Bookie.java","16061","79886","95947"
"2014-02-05","Bookie.java","18534","143723","162257"
"2013-06-15","Bookie.java","18131","135346","153477"
"2014-05-09","Bookie.java","18570","147913","166483"
"2011-11-28","Bookie.java","1918","7598","9516"
"2013-10-02","Bookie.java","18197","137384","155581"
"2013-05-04","Bookie.java","17946","130632","148578"
"2012-02-15","Bookie.java","2940","14265","17205"
"2012-02-17","Bookie.java","2944","14510","17454"
"2014-04-29","Bookie.java","18570","147272","165842"
"2012-12-18","Bookie.java","16460","93745","110205"
"2012-02-09","Bookie.java","2821","13887","16708"
"2012-04-17","Bookie.java","10327","29774","40101"
"2012-07-05","Bookie.java","11556","42172","53728"
"2012-10-25","Bookie.java","16027","78903","94930"
"2013-09-11","Bookie.java","18179","137165","155344"
"2012-02-01","Bookie.java","2609","11724","14333"
"2011-11-16","Bookie.java","606","1949","2555"
"2013-06-21","Bookie.java","18134","135476","153610"
"2014-02-06","Bookie.java","18534","143731","162265"
"2012-07-04","Bookie.java","11551","41685","53236"
"2012-06-19","Bookie.java","11362","35909","47271"
"2012-04-16","Bookie.java","10301","29559","39860"
"2011-11-16","Bookie.java","606","1611","2217"
"2015-03-18","Bookie.java","18921","161469","180390"
"2015-04-21","Bookie.java","18921","161571","180492"
"2012-04-02","Bookie.java","10298","29382","39680"
"2013-07-24","Bookie.java","18152","136552","154704"
"2014-07-24","TestLedgerFragmentReplication.java","11175","96476","107651"
"2014-02-05","TestLedgerFragmentReplication.java","10685","90228","100913"
"2012-10-05","TestLedgerFragmentReplication.java","3417","16345","19762"
"2012-09-04","TestLedgerFragmentReplication.java","459","6421","6880"
"2012-09-03","TestLedgerFragmentReplication.java","426","6285","6711"
"2013-12-06","BookieServer.java","2896","14798","17694"
"2014-01-21","BookieServer.java","3224","16224","19448"
"2013-07-24","BookieServer.java","1312","8672","9984"
"2013-06-15","BookieServer.java","1180","7355","8535"
"2013-07-03","BookieServer.java","1230","7722","8952"
"2013-04-02","BookieServer.java","424","1427","1851"
"2013-10-12","Bookie.java","19088","127442","146530"
"2012-03-13","Bookie.java","980","4878","5858"
"2012-10-18","Bookie.java","16088","66261","82349"
"2014-08-18","Bookie.java","20098","147399","167497"
"2014-09-23","Bookie.java","20109","148034","168143"
"2012-09-07","Bookie.java","13221","54626","67847"
"2012-12-03","Bookie.java","16453","77775","94228"
"2013-12-06","Bookie.java","19230","130606","149836"
"2012-03-08","Bookie.java","493","2134","2627"
"2012-12-24","Bookie.java","17038","82865","99903"
"2014-01-21","Bookie.java","19320","132433","151753"
"2012-03-20","Bookie.java","8209","14036","22245"
"2013-10-22","Bookie.java","19207","128328","147535"
"2012-03-29","Bookie.java","8362","14904","23266"
"2012-12-24","Bookie.java","17086","83135","100221"
"2012-04-17","Bookie.java","8883","16987","25870"
"2012-09-14","Bookie.java","13570","55636","69206"
"2012-03-08","Bookie.java","417","2014","2431"
"2012-12-08","Bookie.java","16570","77937","94507"
"2012-05-10","Bookie.java","9219","18550","27769"
"2013-12-02","Bookie.java","19227","130451","149678"
"2012-10-26","Bookie.java","16306","68565","84871"
"2014-02-05","Bookie.java","19619","133242","152861"
"2013-06-15","Bookie.java","18892","124541","143433"
"2014-05-09","Bookie.java","19696","137473","157169"
"2013-10-02","Bookie.java","19006","126627","145633"
"2013-05-04","Bookie.java","18716","119836","138552"
"2014-04-29","Bookie.java","19696","136832","156528"
"2012-12-18","Bookie.java","16847","82566","99413"
"2012-04-17","Bookie.java","8544","16425","24969"
"2012-07-05","Bookie.java","10615","29665","40280"
"2012-10-25","Bookie.java","16176","67486","83662"
"2013-09-11","Bookie.java","18984","126404","145388"
"2013-06-21","Bookie.java","18889","124665","143554"
"2014-02-06","Bookie.java","19619","133250","152869"
"2012-07-04","Bookie.java","10599","29167","39766"
"2012-06-19","Bookie.java","10395","23376","33771"
"2012-04-16","Bookie.java","8511","16203","24714"
"2015-03-18","Bookie.java","20219","151201","171420"
"2015-04-21","Bookie.java","20218","151302","171520"
"2012-04-02","Bookie.java","8504","16022","24526"
"2013-07-24","Bookie.java","18929","125763","144692"
"2012-07-23","BookieServer.java","12141","32464","44605"
"2013-12-06","BookieServer.java","19534","129269","148803"
"2013-01-14","BookieServer.java","17818","85065","102883"
"2013-02-12","BookieServer.java","18735","116568","135303"
"2014-01-21","BookieServer.java","19574","130407","149981"
"2012-05-09","BookieServer.java","8846","16195","25041"
"2013-07-24","BookieServer.java","19201","124394","143595"
"2013-06-15","BookieServer.java","19155","123163","142318"
"2012-10-18","BookieServer.java","16107","64639","80746"
"2013-01-09","BookieServer.java","17718","83901","101619"
"2013-07-03","BookieServer.java","19180","123505","142685"
"2012-07-09","BookieServer.java","10586","28000","38586"
"2013-04-02","BookieServer.java","18951","117787","136738"
"2014-08-18","Bookie.java","1732","11897","13629"
"2014-09-23","Bookie.java","2133","12922","15055"
"2014-05-09","Bookie.java","19","660","679"
"2015-03-18","Bookie.java","2623","16469","19092"
"2015-04-21","Bookie.java","2666","16614","19280"
"2014-07-24","TestLedgerFragmentReplication.java","1183","6941","8124"
"2015-07-10","ZooKeeperUtil.java","5783","37378","43161"
"2014-08-18","ZooKeeperUtil.java","5044","32299","37343"
"2014-07-24","TestLedgerFragmentReplication.java","9824","82197","92021"
"2014-02-05","TestLedgerFragmentReplication.java","9255","75870","85125"
"2014-07-24","ZkLedgerLayoutTest.java","7632","65646","73278"
"2013-03-25","ZkLedgerLayoutTest.java","4145","42832","46977"
"2012-06-19","AbstractConfiguration.java","1012","3588","4600"
"2013-06-12","AbstractConfiguration.java","12933","107750","120683"
"2012-12-12","AbstractConfiguration.java","9666","61781","71447"
"2012-06-13","AbstractConfiguration.java","229","2039","2268"
"2012-11-30","AbstractConfiguration.java","9426","59806","69232"
"2012-10-05","AbstractConfiguration.java","8187","44790","52977"
"2013-10-12","Bookie.java","5654","48289","53943"
"2014-08-18","Bookie.java","7828","69410","77238"
"2014-09-23","Bookie.java","7950","70156","78106"
"2013-12-06","Bookie.java","5899","51556","57455"
"2012-12-24","Bookie.java","796","904","1700"
"2014-01-21","Bookie.java","6154","53548","59702"
"2013-10-22","Bookie.java","5833","49235","55068"
"2012-12-24","Bookie.java","870","1200","2070"
"2013-12-02","Bookie.java","5885","51390","57275"
"2014-02-05","Bookie.java","6869","54773","61642"
"2013-06-15","Bookie.java","4404","44334","48738"
"2014-05-09","Bookie.java","7158","59216","66374"
"2013-10-02","Bookie.java","4744","46646","51390"
"2013-05-04","Bookie.java","4140","39541","43681"
"2014-04-29","Bookie.java","7141","58558","65699"
"2013-09-11","Bookie.java","4705","46406","51111"
"2013-06-21","Bookie.java","4421","44478","48899"
"2014-02-06","Bookie.java","6871","54783","61654"
"2015-03-18","Bookie.java","8289","73552","81841"
"2015-04-21","Bookie.java","8290","73655","81945"
"2013-07-24","Bookie.java","4524","45639","50163"
"2014-02-21","BookKeeper.java","11210","84066","95276"
"2013-05-06","BookKeeper.java","8943","68233","77176"
"2015-09-15","BookKeeper.java","12661","102682","115343"
"2013-06-12","BookKeeper.java","9141","72433","81574"
"2013-10-02","BookKeeper.java","9344","74929","84273"
"2014-01-21","BookKeeper.java","10484","81374","91858"
"2014-02-06","BookKeeper.java","11112","82809","93921"
"2015-07-10","BookKeeper.java","12423","102142","114565"
"2013-09-10","BookKeeper.java","9303","74754","84057"
"2015-10-22","BookKeeper.java","12688","104089","116777"
"2013-01-10","BookKeeper.java","7305","33637","40942"
"2012-12-08","ZkLedgerLayoutTest.java","8777","57163","65940"
"2014-07-24","ZkLedgerLayoutTest.java","14466","120866","135332"
"2013-03-25","ZkLedgerLayoutTest.java","11968","99041","111009"
"2013-06-12","AbstractConfiguration.java","7201","65415","72616"
"2012-12-12","AbstractConfiguration.java","2991","18503","21494"
"2012-11-30","AbstractConfiguration.java","2161","15938","18099"
"2012-07-23","BookieServer.java","12315","42909","55224"
"2013-12-06","BookieServer.java","18354","138360","156714"
"2013-01-14","BookieServer.java","16862","94380","111242"
"2013-02-12","BookieServer.java","17732","125836","143568"
"2012-03-08","BookieServer.java","1949","12220","14169"
"2014-01-21","BookieServer.java","18369","139473","157842"
"2012-05-09","BookieServer.java","9935","27555","37490"
"2013-07-24","BookieServer.java","18145","133609","151754"
"2012-02-15","BookieServer.java","1618","10007","11625"
"2013-06-15","BookieServer.java","18124","132403","150527"
"2012-10-18","BookieServer.java","15802","74605","90407"
"2013-01-09","BookieServer.java","16773","93227","110000"
"2013-07-03","BookieServer.java","18128","132724","150852"
"2012-07-09","BookieServer.java","10940","38625","49565"
"2013-04-02","BookieServer.java","17918","127025","144943"
"2014-09-06","AutoRecoveryMain.java","3460","19923","23383"
"2014-03-10","AutoRecoveryMain.java","1933","6067","8000"
"2014-04-24","AutoRecoveryMain.java","2010","7392","9402"
"2013-04-26","LedgerHandle.java","18800","131589","150389"
"2014-05-30","LedgerHandle.java","19301","150089","169390"
"2012-09-12","LedgerHandle.java","14602","68561","83163"
"2014-01-21","LedgerHandle.java","19076","143925","163001"
"2011-11-17","LedgerHandle.java","2939","5050","7989"
"2015-04-21","LedgerHandle.java","19520","162653","182173"
"2012-12-28","LedgerHandle.java","17588","95466","113054"
"2012-05-25","LedgerHandle.java","12568","35182","47750"
"2015-10-22","LedgerHandle.java","19563","164923","184486"
"2014-05-30","LedgerHandle.java","19299","150048","169347"
"2012-06-27","LedgerHandle.java","12842","43057","55899"
"2011-11-29","LedgerHandle.java","4141","10329","14470"
"2012-05-10","LedgerHandle.java","12253","33613","45866"
"2011-10-27","LedgerHandle.java","1132","1380","2512"
"2014-09-18","LedgerHandle.java","19492","159363","178855"
"2011-11-16","LedgerHandle.java","2702","4170","6872"
"2014-02-21","LedgerHandle.java","19272","146087","165359"
"2014-12-05","LedgerHandle.java","19494","160009","179503"
"2014-12-09","LedgerHandle.java","19499","160463","179962"
"2012-03-31","LedgerHandle.java","11836","31245","43081"
"2012-02-01","LedgerHandle.java","4456","13043","17499"
"2012-09-14","LedgerHandle.java","14661","68855","83516"
"2015-10-06","LedgerHandle.java","19558","163862","183420"
"2012-06-29","LedgerHandle.java","12839","43384","56223"
"2012-02-13","LedgerHandle.java","4513","16209","20722"
"2014-01-17","LedgerHandle.java","19060","143013","162073"
"2012-02-13","LedgerHandle.java","4621","16397","21018"
"2012-01-17","LedgerHandle.java","4396","11890","16286"
"2013-10-14","LedgerHandle.java","18992","139468","158460"
"2015-10-06","LedgerHandle.java","19559","164103","183662"
"2012-08-28","LedgerHandle.java","14509","64884","79393"
"2011-11-28","LedgerHandle.java","3809","9952","13761"
"2012-06-19","LedgerHandle.java","12697","37707","50404"
"2012-07-23","BookieServer.java","5105","18079","23184"
"2013-12-06","BookieServer.java","14560","116946","131506"
"2013-01-14","BookieServer.java","11947","71845","83792"
"2013-02-12","BookieServer.java","12933","103417","116350"
"2014-01-21","BookieServer.java","14600","118084","132684"
"2013-07-24","BookieServer.java","13567","111411","124978"
"2013-06-15","BookieServer.java","13515","110174","123689"
"2012-10-18","BookieServer.java","9516","50699","60215"
"2013-01-09","BookieServer.java","11824","70658","82482"
"2013-07-03","BookieServer.java","13538","110514","124052"
"2012-07-09","BookieServer.java","3302","13367","16669"
"2013-04-02","BookieServer.java","13190","104677","117867"
"2013-12-06","BookieServer.java","1776","6318","8094"
"2014-01-21","BookieServer.java","2113","7753","9866"
"2013-04-26","LedgerHandle.java","17799","129120","146919"
"2014-05-30","LedgerHandle.java","18569","147889","166458"
"2012-09-12","LedgerHandle.java","13408","65899","79307"
"2014-01-21","LedgerHandle.java","18235","141616","159851"
"2011-11-17","LedgerHandle.java","254","897","1151"
"2015-04-21","LedgerHandle.java","18924","160589","179513"
"2012-12-28","LedgerHandle.java","16474","92884","109358"
"2012-05-25","LedgerHandle.java","10849","31995","42844"
"2015-10-22","LedgerHandle.java","18973","162865","181838"
"2014-05-30","LedgerHandle.java","18568","147849","166417"
"2012-06-27","LedgerHandle.java","11226","39973","51199"
"2011-11-29","LedgerHandle.java","1725","6445","8170"
"2012-05-10","LedgerHandle.java","10538","30430","40968"
"2014-09-18","LedgerHandle.java","18896","157299","176195"
"2014-02-21","LedgerHandle.java","18534","143881","162415"
"2014-12-05","LedgerHandle.java","18898","157945","176843"
"2014-12-09","LedgerHandle.java","18903","158399","177302"
"2012-03-31","LedgerHandle.java","9907","27848","37755"
"2012-02-01","LedgerHandle.java","2105","9224","11329"
"2012-09-14","LedgerHandle.java","13468","66194","79662"
"2015-10-06","LedgerHandle.java","18962","161798","180760"
"2012-06-29","LedgerHandle.java","11237","40314","51551"
"2012-02-13","LedgerHandle.java","2295","12523","14818"
"2014-01-17","LedgerHandle.java","18195","140680","158875"
"2012-02-13","LedgerHandle.java","2421","12729","15150"
"2012-01-17","LedgerHandle.java","2040","8066","10106"
"2013-10-14","LedgerHandle.java","18113","137121","155234"
"2015-10-06","LedgerHandle.java","18964","162040","181004"
"2012-08-28","LedgerHandle.java","13295","62202","75497"
"2011-11-28","LedgerHandle.java","1347","6022","7369"
"2012-06-19","LedgerHandle.java","11045","34587","45632"
"2012-07-23","LocalBookKeeper.java","4751","17384","22135"
"2014-12-10","LocalBookKeeper.java","15598","135276","150874"
"2013-01-14","LocalBookKeeper.java","11634","71191","82825"
"2015-07-10","LocalBookKeeper.java","15701","138019","153720"
"2013-02-08","LocalBookKeeper.java","11785","102055","113840"
"2014-07-24","ZkLedgerLayoutTest.java","4725","24052","28777"
"2013-10-12","Bookie.java","19186","128040","147226"
"2012-03-13","Bookie.java","1158","5556","6714"
"2012-10-18","Bookie.java","16198","66871","83069"
"2014-08-18","Bookie.java","20173","147974","168147"
"2014-09-23","Bookie.java","20184","148609","168793"
"2012-09-07","Bookie.java","13327","55232","68559"
"2012-12-03","Bookie.java","16562","78384","94946"
"2013-12-06","Bookie.java","19329","131205","150534"
"2012-03-08","Bookie.java","685","2826","3511"
"2012-12-24","Bookie.java","17145","83472","100617"
"2014-01-21","Bookie.java","19409","133022","152431"
"2012-03-20","Bookie.java","8360","14687","23047"
"2013-10-22","Bookie.java","19306","128927","148233"
"2012-03-29","Bookie.java","8511","15553","24064"
"2012-12-24","Bookie.java","17193","83742","100935"
"2012-04-17","Bookie.java","9023","17627","26650"
"2012-09-14","Bookie.java","13678","56244","69922"
"2012-03-08","Bookie.java","615","2712","3327"
"2012-12-08","Bookie.java","16678","78545","95223"
"2012-05-10","Bookie.java","9354","19185","28539"
"2013-12-02","Bookie.java","19326","131050","150376"
"2012-10-26","Bookie.java","16415","69174","85589"
"2014-02-05","Bookie.java","19708","133831","153539"
"2013-06-15","Bookie.java","18996","125145","144141"
"2014-05-09","Bookie.java","19781","138058","157839"
"2013-10-02","Bookie.java","19109","127230","146339"
"2013-05-04","Bookie.java","18804","120424","139228"
"2012-02-15","Bookie.java","169","428","597"
"2012-02-17","Bookie.java","204","704","908"
"2014-04-29","Bookie.java","19781","137417","157198"
"2012-12-18","Bookie.java","16954","83173","100127"
"2012-04-17","Bookie.java","8684","17065","25749"
"2012-07-05","Bookie.java","10720","30270","40990"
"2012-10-25","Bookie.java","16286","68096","84382"
"2013-09-11","Bookie.java","19087","127007","146094"
"2013-06-21","Bookie.java","18993","125269","144262"
"2014-02-06","Bookie.java","19708","133839","153547"
"2012-07-04","Bookie.java","10710","29778","40488"
"2012-06-19","Bookie.java","10506","23987","34493"
"2012-04-16","Bookie.java","8651","16843","25494"
"2015-03-18","Bookie.java","20270","151752","172022"
"2015-04-21","Bookie.java","20269","151853","172122"
"2012-04-02","Bookie.java","8644","16662","25306"
"2013-07-24","Bookie.java","19032","126366","145398"
"2012-07-23","BookieServer.java","12171","34376","46547"
"2013-12-06","BookieServer.java","19237","130854","150091"
"2013-01-14","BookieServer.java","17572","86701","104273"
"2013-02-12","BookieServer.java","18486","118201","136687"
"2012-03-08","BookieServer.java","529","2411","2940"
"2014-01-21","BookieServer.java","19267","131982","151249"
"2012-05-09","BookieServer.java","8970","18201","27171"
"2013-07-24","BookieServer.java","18940","126015","144955"
"2013-06-15","BookieServer.java","18903","124793","143696"
"2012-10-18","BookieServer.java","16104","66518","82622"
"2013-01-09","BookieServer.java","17475","85540","103015"
"2013-07-03","BookieServer.java","18919","125126","144045"
"2012-07-09","BookieServer.java","10631","29927","40558"
"2013-04-02","BookieServer.java","18710","119428","138138"
"2013-10-11","UpgradeTest.java","7700","56856","64556"
"2014-12-10","UpgradeTest.java","10150","80502","90652"
"2013-10-12","Bookie.java","14412","114885","129297"
"2012-10-18","Bookie.java","9733","52025","61758"
"2014-08-18","Bookie.java","15650","135070","150720"
"2014-09-23","Bookie.java","15700","135744","151444"
"2012-09-07","Bookie.java","6793","40317","47110"
"2012-12-03","Bookie.java","10313","63754","74067"
"2013-12-06","Bookie.java","14611","118106","132717"
"2012-12-24","Bookie.java","11147","69093","80240"
"2014-01-21","Bookie.java","14718","119950","134668"
"2013-10-22","Bookie.java","14587","115827","130414"
"2012-12-24","Bookie.java","11199","69367","80566"
"2012-09-14","Bookie.java","7175","41360","48535"
"2012-12-08","Bookie.java","10452","63938","74390"
"2012-05-10","Bookie.java","879","2329","3208"
"2013-12-02","Bookie.java","14607","117950","132557"
"2012-10-26","Bookie.java","10033","54411","64444"
"2014-02-05","Bookie.java","15089","120831","135920"
"2013-06-15","Bookie.java","13596","111364","124960"
"2014-05-09","Bookie.java","15205","125101","140306"
"2013-10-02","Bookie.java","13728","113468","127196"
"2013-05-04","Bookie.java","13424","106663","120087"
"2014-04-29","Bookie.java","15197","124452","139649"
"2012-12-18","Bookie.java","10762","68600","79362"
"2012-07-05","Bookie.java","3768","14937","18705"
"2012-10-25","Bookie.java","9841","53270","63111"
"2013-09-11","Bookie.java","13703","113242","126945"
"2013-06-21","Bookie.java","13596","111491","125087"
"2014-02-06","Bookie.java","15092","120842","135934"
"2012-07-04","Bookie.java","3751","14438","18189"
"2012-06-19","Bookie.java","2275","7375","9650"
"2015-03-18","Bookie.java","15901","139002","154903"
"2015-04-21","Bookie.java","15900","139103","155003"
"2013-07-24","Bookie.java","13642","112595","126237"
"2011-09-05","BookieServer.java","4889","10408","15297"
"2012-07-23","BookieServer.java","11567","51309","62876"
"2011-11-15","BookieServer.java","6990","13472","20462"
"2013-12-06","BookieServer.java","16163","145317","161480"
"2013-01-14","BookieServer.java","15009","101675","116684"
"2011-11-17","BookieServer.java","7264","15124","22388"
"2013-02-12","BookieServer.java","15774","133026","148800"
"2012-03-08","BookieServer.java","8982","28401","37383"
"2014-01-21","BookieServer.java","16166","146418","162584"
"2011-11-18","BookieServer.java","7819","16967","24786"
"2012-05-09","BookieServer.java","9856","36624","46480"
"2013-07-24","BookieServer.java","16042","140654","156696"
"2012-02-15","BookieServer.java","8734","26271","35005"
"2013-06-15","BookieServer.java","16026","139453","155479"
"2012-10-18","BookieServer.java","14203","82154","96357"
"2013-01-09","BookieServer.java","14932","100534","115466"
"2013-07-03","BookieServer.java","16030","139774","155804"
"2012-07-09","BookieServer.java","10469","47302","57771"
"2013-04-02","BookieServer.java","15928","134183","150111"
"2014-12-09","AuditorRollingRestartTest.java","1997","12036","14033"
"2012-12-18","LedgerDescriptorImpl.java","10762","68600","79362"
"2013-12-06","BookieServer.java","1970","7697","9667"
"2014-01-21","BookieServer.java","2302","9127","11429"
"2013-07-24","BookieServer.java","224","1409","1633"
"2013-07-03","BookieServer.java","57","374","431"
"2012-06-05","ZooKeeperUtil.java","1014","3476","4490"
"2015-07-10","ZooKeeperUtil.java","15948","139059","155007"
"2014-08-18","ZooKeeperUtil.java","15614","134385","149999"
"2013-03-25","ZooKeeperUtil.java","13144","104660","117804"
"2013-12-06","BookieServer.java","7595","68798","76393"
"2013-01-14","BookieServer.java","4435","23150","27585"
"2013-02-12","BookieServer.java","5528","54829","60357"
"2014-01-21","BookieServer.java","7691","69992","77683"
"2013-07-24","BookieServer.java","6392","63053","69445"
"2013-06-15","BookieServer.java","6299","61775","68074"
"2013-01-09","BookieServer.java","4235","21886","26121"
"2013-07-03","BookieServer.java","6337","62130","68467"
"2013-04-02","BookieServer.java","5837","56141","61978"
"2014-05-30","LedgerHandle.java","544","4517","5061"
"2015-04-21","LedgerHandle.java","2914","19232","22146"
"2015-10-22","LedgerHandle.java","3755","22300","26055"
"2014-05-30","LedgerHandle.java","521","4455","4976"
"2014-09-18","LedgerHandle.java","2190","15246","17436"
"2014-12-05","LedgerHandle.java","2420","16120","18540"
"2014-12-09","LedgerHandle.java","2474","16623","19097"
"2015-10-06","LedgerHandle.java","3721","21210","24931"
"2015-10-06","LedgerHandle.java","3727","21456","25183"
"2015-04-21","LedgerHandle.java","592","3210","3802"
"2015-10-22","LedgerHandle.java","1667","6512","8179"
"2014-12-09","LedgerHandle.java","64","513","577"
"2015-10-06","LedgerHandle.java","1630","5419","7049"
"2015-10-06","LedgerHandle.java","1636","5665","7301"
"2015-04-21","LedgerHandle.java","532","2701","3233"
"2015-10-22","LedgerHandle.java","1608","6004","7612"
"2015-10-06","LedgerHandle.java","1571","4911","6482"
"2015-10-06","LedgerHandle.java","1577","5157","6734"
"2013-12-06","BookieServer.java","4148","47700","51848"
"2013-01-14","BookieServer.java","263","1327","1590"
"2013-02-12","BookieServer.java","1497","33147","34644"
"2014-01-21","BookieServer.java","4250","48900","53150"
"2013-07-24","BookieServer.java","2711","41721","44432"
"2013-06-15","BookieServer.java","2586","40411","42997"
"2013-07-03","BookieServer.java","2633","40775","43408"
"2013-04-02","BookieServer.java","1866","34519","36385"
"2013-12-06","AutoRecoveryMain.java","4028","46516","50544"
"2014-09-06","AutoRecoveryMain.java","6169","65120","71289"
"2013-10-02","AutoRecoveryMain.java","2692","41235","43927"
"2014-03-10","AutoRecoveryMain.java","5309","51931","57240"
"2014-04-24","AutoRecoveryMain.java","5372","53242","58614"
"2013-10-12","Bookie.java","11899","101203","113102"
"2012-10-18","Bookie.java","6575","37698","44273"
"2014-08-18","Bookie.java","13307","121558","134865"
"2014-09-23","Bookie.java","13366","122241","135607"
"2012-09-07","Bookie.java","3375","25730","29105"
"2012-12-03","Bookie.java","7213","49485","56698"
"2013-12-06","Bookie.java","12137","104463","116600"
"2012-12-24","Bookie.java","8296","55073","63369"
"2014-01-21","Bookie.java","12287","106350","118637"
"2013-10-22","Bookie.java","12090","102161","114251"
"2012-12-24","Bookie.java","8355","55354","63709"
"2012-09-14","Bookie.java","3829","26845","30674"
"2012-12-08","Bookie.java","7355","49672","57027"
"2013-12-02","Bookie.java","12127","104301","116428"
"2012-10-26","Bookie.java","6903","40112","47015"
"2014-02-05","Bookie.java","12704","107277","119981"
"2013-06-15","Bookie.java","10986","97585","108571"
"2014-05-09","Bookie.java","12854","111581","124435"
"2013-10-02","Bookie.java","11139","99710","110849"
"2013-05-04","Bookie.java","10802","92872","103674"
"2014-04-29","Bookie.java","12843","110929","123772"
"2012-12-18","Bookie.java","7703","54372","62075"
"2012-10-25","Bookie.java","6697","38957","45654"
"2013-09-11","Bookie.java","11111","99481","110592"
"2013-06-21","Bookie.java","10989","97715","108704"
"2014-02-06","Bookie.java","12706","107287","119993"
"2015-03-18","Bookie.java","13621","125553","139174"
"2015-04-21","Bookie.java","13622","125656","139278"
"2013-07-24","Bookie.java","11039","98823","109862"
"2013-10-12","Bookie.java","7384","64428","71812"
"2014-08-18","Bookie.java","9272","85263","94535"
"2014-09-23","Bookie.java","9391","86006","95397"
"2012-12-03","Bookie.java","1202","11214","12416"
"2013-12-06","Bookie.java","7655","67721","75376"
"2012-12-24","Bookie.java","3145","17662","20807"
"2014-01-21","Bookie.java","7897","69700","77597"
"2013-10-22","Bookie.java","7592","65403","72995"
"2012-12-24","Bookie.java","3210","17949","21159"
"2012-12-08","Bookie.java","1913","11970","13883"
"2013-12-02","Bookie.java","7641","67555","75196"
"2012-10-26","Bookie.java","310","1259","1569"
"2014-02-05","Bookie.java","8500","70813","79313"
"2013-06-15","Bookie.java","6351","60690","67041"
"2014-05-09","Bookie.java","8686","75153","83839"
"2013-10-02","Bookie.java","6614","62925","69539"
"2013-05-04","Bookie.java","6122","55932","62054"
"2014-04-29","Bookie.java","8672","74498","83170"
"2012-12-18","Bookie.java","2521","16930","19451"
"2013-09-11","Bookie.java","6583","62693","69276"
"2013-06-21","Bookie.java","6368","60834","67202"
"2014-02-06","Bookie.java","8502","70823","79325"
"2015-03-18","Bookie.java","9715","89387","99102"
"2015-04-21","Bookie.java","9716","89490","99206"
"2013-07-24","Bookie.java","6444","61968","68412"
"2013-10-12","Bookie.java","1121","2055","3176"
"2014-08-18","Bookie.java","4736","24617","29353"
"2014-09-23","Bookie.java","4864","25369","30233"
"2013-12-06","Bookie.java","1554","5510","7064"
"2014-01-21","Bookie.java","2048","7741","9789"
"2013-10-22","Bookie.java","1473","3174","4647"
"2013-12-02","Bookie.java","1536","5340","6876"
"2014-02-05","Bookie.java","3076","9279","12355"
"2014-05-09","Bookie.java","3523","13880","17403"
"2013-10-02","Bookie.java","55","256","311"
"2014-04-29","Bookie.java","3505","13221","16726"
"2014-02-06","Bookie.java","3081","9292","12373"
"2015-03-18","Bookie.java","5263","28825","34088"
"2015-04-21","Bookie.java","5265","28929","34194"
"2014-12-10","LocalBookKeeper.java","6351","35759","42110"
"2015-07-10","LocalBookKeeper.java","6633","38681","45314"
"2013-12-06","AutoRecoveryMain.java","5817","51764","57581"
"2014-09-06","AutoRecoveryMain.java","7782","70192","77974"
"2013-01-14","AutoRecoveryMain.java","2346","5805","8151"
"2013-10-02","AutoRecoveryMain.java","4644","46646","51290"
"2014-03-10","AutoRecoveryMain.java","6964","57045","64009"
"2014-04-24","AutoRecoveryMain.java","7017","58346","65363"
"2013-04-26","LedgerHandle.java","13454","106834","120288"
"2014-05-30","LedgerHandle.java","15278","126657","141935"
"2012-09-12","LedgerHandle.java","7052","41602","48654"
"2014-01-21","LedgerHandle.java","14755","120195","134950"
"2015-04-21","LedgerHandle.java","15906","139630","155536"
"2012-12-28","LedgerHandle.java","11629","70098","81727"
"2012-05-25","LedgerHandle.java","1521","4726","6247"
"2015-10-22","LedgerHandle.java","16166","142117","158283"
"2014-05-30","LedgerHandle.java","15263","126603","141866"
"2012-06-27","LedgerHandle.java","3902","14708","18610"
"2012-05-10","LedgerHandle.java","1071","3022","4093"
"2014-09-18","LedgerHandle.java","15670","136132","151802"
"2014-02-21","LedgerHandle.java","15181","122587","137768"
"2014-12-05","LedgerHandle.java","15718","136824","152542"
"2014-12-09","LedgerHandle.java","15735","137290","153025"
"2012-09-14","LedgerHandle.java","7133","41918","49051"
"2015-10-06","LedgerHandle.java","16154","141049","157203"
"2012-06-29","LedgerHandle.java","3911","15047","18958"
"2014-01-17","LedgerHandle.java","14700","119244","133944"
"2013-10-14","LedgerHandle.java","14525","115592","130117"
"2015-10-06","LedgerHandle.java","16156","141291","157447"
"2012-08-28","LedgerHandle.java","6857","37823","44680"
"2012-06-19","LedgerHandle.java","2455","8056","10511"
"2013-04-26","LedgerHandle.java","18425","122627","141052"
"2014-05-30","LedgerHandle.java","19384","141585","160969"
"2012-09-12","LedgerHandle.java","13168","58540","71708"
"2014-01-21","LedgerHandle.java","18988","135250","154238"
"2015-04-21","LedgerHandle.java","19793","154339","174132"
"2012-12-28","LedgerHandle.java","16997","86288","103285"
"2012-05-25","LedgerHandle.java","9780","23807","33587"
"2015-10-22","LedgerHandle.java","19993","156766","176759"
"2014-05-30","LedgerHandle.java","19375","141537","160912"
"2012-06-27","LedgerHandle.java","10692","32320","43012"
"2012-05-10","LedgerHandle.java","9382","22155","31537"
"2014-09-18","LedgerHandle.java","19749","151033","170782"
"2014-02-21","LedgerHandle.java","19334","137562","156896"
"2014-12-05","LedgerHandle.java","19756","151684","171440"
"2014-12-09","LedgerHandle.java","19761","152138","171899"
"2012-03-31","LedgerHandle.java","8685","19507","28192"
"2012-09-14","LedgerHandle.java","13246","58853","72099"
"2015-10-06","LedgerHandle.java","19982","155699","175681"
"2012-06-29","LedgerHandle.java","10701","32659","43360"
"2012-02-13","LedgerHandle.java","221","3330","3551"
"2014-01-17","LedgerHandle.java","18943","134309","153252"
"2012-02-13","LedgerHandle.java","351","3540","3891"
"2013-10-14","LedgerHandle.java","18827","130716","149543"
"2015-10-06","LedgerHandle.java","19984","155941","175925"
"2012-08-28","LedgerHandle.java","13024","54812","67836"
"2012-06-19","LedgerHandle.java","10506","26929","37435"
"2011-09-05","Bookie.java","4889","10408","15297"
"2013-10-12","Bookie.java","16090","142222","158312"
"2012-03-13","Bookie.java","9045","30721","39766"
"2012-10-18","Bookie.java","14203","82154","96357"
"2011-11-18","Bookie.java","7819","16967","24786"
"2014-08-18","Bookie.java","16563","161642","178205"
"2014-09-23","Bookie.java","16568","162271","178839"
"2012-09-07","Bookie.java","11963","71146","83109"
"2012-12-03","Bookie.java","14393","93493","107886"
"2013-12-06","Bookie.java","16163","145317","161480"
"2012-03-08","Bookie.java","8982","28401","37383"
"2012-12-24","Bookie.java","14612","98217","112829"
"2014-01-21","Bookie.java","16184","147075","163259"
"2012-03-20","Bookie.java","9693","33298","42991"
"2013-10-22","Bookie.java","16153","143052","159205"
"2012-03-29","Bookie.java","9702","34022","43724"
"2012-12-24","Bookie.java","14655","98482","113137"
"2012-04-17","Bookie.java","9826","35708","45534"
"2012-09-14","Bookie.java","12164","72008","84172"
"2012-03-08","Bookie.java","8949","28324","37273"
"2012-12-08","Bookie.java","14447","93592","108039"
"2012-05-10","Bookie.java","10034","37143","47177"
"2013-12-02","Bookie.java","16161","145163","161324"
"2012-10-26","Bookie.java","14292","84329","98621"
"2014-02-05","Bookie.java","16331","147732","164063"
"2013-06-15","Bookie.java","16026","139453","155479"
"2014-05-09","Bookie.java","16366","151921","168287"
"2011-11-28","Bookie.java","8040","19932","27972"
"2013-10-02","Bookie.java","16068","141467","157535"
"2013-05-04","Bookie.java","15935","134833","150768"
"2012-02-15","Bookie.java","8734","26271","35005"
"2011-11-11","Bookie.java","6609","12821","19430"
"2012-02-17","Bookie.java","8740","26518","35258"
"2014-04-29","Bookie.java","16366","151280","167646"
"2012-12-18","Bookie.java","14603","98100","112703"
"2012-02-09","Bookie.java","8635","25913","34548"
"2012-04-17","Bookie.java","9700","35359","45059"
"2012-07-05","Bookie.java","10469","47297","57766"
"2012-10-25","Bookie.java","14270","83358","97628"
"2013-09-11","Bookie.java","16052","141250","157302"
"2012-02-01","Bookie.java","8582","23909","32491"
"2011-11-16","Bookie.java","7051","14606","21657"
"2013-06-21","Bookie.java","16026","139580","155606"
"2014-02-06","Bookie.java","16330","147739","164069"
"2012-07-04","Bookie.java","10465","46811","57276"
"2012-06-19","Bookie.java","10423","41182","51605"
"2012-04-16","Bookie.java","9677","35147","44824"
"2011-11-16","Bookie.java","7051","14268","21319"
"2015-03-18","Bookie.java","16568","165328","181896"
"2015-04-21","Bookie.java","16568","165430","181998"
"2012-04-02","Bookie.java","9677","34973","44650"
"2013-07-24","Bookie.java","16042","140654","156696"
"2013-04-26","LedgerHandle.java","8631","67226","75857"
"2014-05-30","LedgerHandle.java","11210","87804","99014"
"2014-01-21","LedgerHandle.java","10340","80995","91335"
"2015-04-21","LedgerHandle.java","12143","101082","113225"
"2012-12-28","LedgerHandle.java","6370","30054","36424"
"2015-10-22","LedgerHandle.java","12574","103740","116314"
"2014-05-30","LedgerHandle.java","11190","87745","98935"
"2014-09-18","LedgerHandle.java","11783","97460","109243"
"2014-02-21","LedgerHandle.java","11079","83700","94779"
"2014-12-05","LedgerHandle.java","11858","98179","110037"
"2014-12-09","LedgerHandle.java","11900","98670","110570"
"2015-10-06","LedgerHandle.java","12548","102658","115206"
"2014-01-17","LedgerHandle.java","10272","80031","90303"
"2013-10-14","LedgerHandle.java","10048","76330","86378"
"2015-10-06","LedgerHandle.java","12551","102901","115452"
"2014-01-15","CompactionTest.java","2351","12799","15150"
"2013-10-22","CompactionTest.java","2071","9678","11749"
"2014-01-17","CompactionTest.java","2386","13190","15576"
"2015-01-16","CompactionTest.java","5247","34941","40188"
"2014-01-22","CompactionTest.java","2909","15278","18187"
"2014-06-06","CompactionTest.java","4166","22419","26585"
"2013-10-30","CompactionTest.java","2256","11836","14092"
"2014-12-10","CompactionTest.java","5240","33129","38369"
"2015-04-21","CompactionTest.java","5302","35437","40739"
"2015-10-22","LedgerHandle.java","40","1096","1136"
"2013-10-29","ClientConfiguration.java","18349","136236","154585"
"2013-06-12","ClientConfiguration.java","18119","131971","150090"
"2014-05-27","ClientConfiguration.java","18770","145738","164508"
"2015-10-06","ClientConfiguration.java","19214","160119","179333"
"2013-02-08","ClientConfiguration.java","16980","125211","142191"
"2014-12-06","ClientConfiguration.java","19113","156503","175616"
"2012-02-01","ClientConfiguration.java","1240","5631","6871"
"2012-09-12","ClientConfiguration.java","13182","63742","76924"
"2012-04-20","ClientConfiguration.java","9893","26913","36806"
"2015-10-06","ClientConfiguration.java","19216","160347","179563"
"2014-09-18","ClientConfiguration.java","19106","155578","174684"
"2012-12-03","ClientConfiguration.java","16044","86143","102187"
"2012-12-13","ClientConfiguration.java","16333","88254","104587"
"2013-06-15","ZkLedgerUnderreplicationManager.java","2979","41188","44167"
"2013-08-22","ZkLedgerUnderreplicationManager.java","3236","43135","46371"
"2014-06-02","ZkLedgerUnderreplicationManager.java","6022","57478","63500"
"2014-06-03","ZkLedgerUnderreplicationManager.java","6042","57966","64008"
"2012-04-17","LedgerDescriptorReadOnlyImpl.java","646","2700","3346"
"2012-12-18","LedgerDescriptorReadOnlyImpl.java","11114","71006","82120"
"2013-10-11","UpgradeTest.java","10092","76465","86557"
"2014-12-10","UpgradeTest.java","12298","99867","112165"
"2012-11-23","UpgradeTest.java","4733","21950","26683"
"2013-12-06","AutoRecoveryMain.java","1547","5492","7039"
"2014-09-06","AutoRecoveryMain.java","4775","25183","29958"
"2014-03-10","AutoRecoveryMain.java","3379","11458","14837"
"2014-04-24","AutoRecoveryMain.java","3452","12779","16231"
"2015-10-16","BookKeeperTest.java","5980","37287","43267"
"2014-09-06","AutoRecoveryMain.java","1893","14222","16115"
"2014-04-24","AutoRecoveryMain.java","77","1325","1402"
"2013-10-14","NativeIO.java","1547","3717","5264"
"2014-03-07","NativeIO.java","3642","12248","15890"
"2013-12-06","BookieServer.java","1930","7340","9270"
"2014-01-21","BookieServer.java","2267","8775","11042"
"2013-07-24","BookieServer.java","169","1037","1206"
"2012-07-23","BookKeeper.java","12416","40221","52637"
"2012-03-01","BookKeeper.java","1036","7547","8583"
"2014-02-21","BookKeeper.java","19277","139904","159181"
"2013-05-06","BookKeeper.java","18417","125478","143895"
"2015-09-15","BookKeeper.java","19919","157711","177630"
"2013-06-12","BookKeeper.java","18604","129667","148271"
"2013-10-02","BookKeeper.java","18703","132059","150762"
"2014-01-21","BookKeeper.java","18947","137608","156555"
"2014-02-06","BookKeeper.java","19238","138706","157944"
"2015-07-10","BookKeeper.java","19770","157260","177030"
"2012-06-05","BookKeeper.java","10017","26858","36875"
"2012-09-12","BookKeeper.java","13308","61079","74387"
"2013-09-10","BookKeeper.java","18675","131897","150572"
"2015-10-22","BookKeeper.java","19932","159104","179036"
"2013-01-10","BookKeeper.java","17295","91398","108693"
"2012-06-19","BookKeeper.java","10674","29496","40170"
"2012-07-23","BookieServer.java","1858","4767","6625"
"2013-12-06","BookieServer.java","12137","104458","116595"
"2013-01-14","BookieServer.java","9321","59154","68475"
"2013-02-12","BookieServer.java","10336","90755","101091"
"2014-01-21","BookieServer.java","12180","105599","117779"
"2013-07-24","BookieServer.java","11039","98818","109857"
"2013-06-15","BookieServer.java","10986","97580","108566"
"2012-10-18","BookieServer.java","6575","37693","44268"
"2013-01-09","BookieServer.java","9184","57953","67137"
"2013-07-03","BookieServer.java","11010","97921","108931"
"2013-04-02","BookieServer.java","10605","92027","102632"
"2014-05-27","ClientConfiguration.java","2318","11399","13717"
"2015-10-06","ClientConfiguration.java","4815","27833","32648"
"2014-12-06","ClientConfiguration.java","3677","23180","26857"
"2015-10-06","ClientConfiguration.java","4818","28062","32880"
"2014-09-18","ClientConfiguration.java","3557","22142","25699"
"2015-01-16","CompactionTest.java","2308","13749","16057"
"2014-12-10","CompactionTest.java","2293","11929","14222"
"2015-04-21","CompactionTest.java","2447","14329","16776"
"2014-07-24","TestLedgerFragmentReplication.java","11788","91127","102915"
"2014-02-05","TestLedgerFragmentReplication.java","11251","84832","96083"
"2012-10-05","TestLedgerFragmentReplication.java","3399","10365","13764"
"2014-01-15","CompactionTest.java","132","1000","1132"
"2014-01-17","CompactionTest.java","170","1394","1564"
"2015-01-16","CompactionTest.java","3992","24106","28098"
"2014-01-22","CompactionTest.java","739","3528","4267"
"2014-06-06","CompactionTest.java","2405","11078","13483"
"2014-12-10","CompactionTest.java","3979","22288","26267"
"2015-04-21","CompactionTest.java","4082","24637","28719"
"2013-08-21","AutoRecoveryMainTest.java","7447","67997","75444"
"2013-10-29","ClientConfiguration.java","2010","6045","8055"
"2014-05-27","ClientConfiguration.java","3959","17075","21034"
"2015-10-06","ClientConfiguration.java","5893","32946","38839"
"2014-12-06","ClientConfiguration.java","4898","28436","33334"
"2015-10-06","ClientConfiguration.java","5896","33175","39071"
"2014-09-18","ClientConfiguration.java","4773","27393","32166"
"2015-01-16","CompactionTest.java","24","1829","1853"
"2015-04-21","CompactionTest.java","204","2450","2654"
"2014-09-06","AutoRecoveryMain.java","1846","12927","14773"
"2011-11-18","BookKeeperTestClient.java","7801","17066","24867"
"2011-10-27","BookKeeperTestClient.java","5805","11919","17724"
"2013-12-06","BookieServer.java","2501","13400","15901"
"2014-01-21","BookieServer.java","2832","14829","17661"
"2013-07-24","BookieServer.java","897","7254","8151"
"2013-06-15","BookieServer.java","764","5936","6700"
"2013-07-03","BookieServer.java","815","6304","7119"
"2014-02-05","TestReplicationWorker.java","6786","54980","61766"
"2015-07-10","TestReplicationWorker.java","8421","74641","83062"
"2014-07-24","TestReplicationWorker.java","7530","61482","69012"
"2013-01-14","TestReplicationWorker.java","2346","5805","8151"
"2013-05-31","TestReplicationWorker.java","4249","40369","44618"
"2013-06-15","TestReplicationWorker.java","4352","44572","48924"
"2013-10-12","Bookie.java","19831","130636","150467"
"2012-03-13","Bookie.java","2354","8703","11057"
"2012-10-18","Bookie.java","17011","69635","86646"
"2014-08-18","Bookie.java","20780","150532","171312"
"2014-09-23","Bookie.java","20791","151167","171958"
"2012-09-07","Bookie.java","14148","58004","72152"
"2012-12-03","Bookie.java","17282","81055","98337"
"2013-12-06","Bookie.java","19965","133792","153757"
"2012-03-08","Bookie.java","1907","5999","7906"
"2012-12-24","Bookie.java","17861","86139","104000"
"2014-01-21","Bookie.java","20045","135609","155654"
"2012-03-20","Bookie.java","9479","17757","27236"
"2013-10-22","Bookie.java","19943","131515","151458"
"2012-03-29","Bookie.java","9629","18622","28251"
"2012-12-24","Bookie.java","17909","86409","104318"
"2012-04-17","Bookie.java","10113","20668","30781"
"2012-09-14","Bookie.java","14492","59009","73501"
"2012-03-08","Bookie.java","1841","5889","7730"
"2012-12-08","Bookie.java","17398","81216","98614"
"2012-05-10","Bookie.java","10442","22224","32666"
"2013-12-02","Bookie.java","19962","133637","153599"
"2012-10-26","Bookie.java","17134","71844","88978"
"2014-02-05","Bookie.java","20344","136418","156762"
"2013-06-15","Bookie.java","19686","127786","147472"
"2014-05-09","Bookie.java","20391","140619","161010"
"2013-10-02","Bookie.java","19784","129856","149640"
"2013-05-04","Bookie.java","19494","123065","142559"
"2012-02-15","Bookie.java","1430","3640","5070"
"2012-02-17","Bookie.java","1434","3885","5319"
"2014-04-29","Bookie.java","20391","139978","160369"
"2012-12-18","Bookie.java","17670","85840","103510"
"2012-02-09","Bookie.java","1273","3224","4497"
"2012-04-17","Bookie.java","9796","20128","29924"
"2012-07-05","Bookie.java","11778","33279","45057"
"2012-10-25","Bookie.java","17099","70860","87959"
"2013-09-11","Bookie.java","19762","129633","149395"
"2013-06-21","Bookie.java","19683","127910","147593"
"2014-02-06","Bookie.java","20344","136426","156770"
"2012-07-04","Bookie.java","11768","32787","44555"
"2012-06-19","Bookie.java","11565","26997","38562"
"2012-04-16","Bookie.java","9763","19906","29669"
"2015-03-18","Bookie.java","20835","154268","175103"
"2015-04-21","Bookie.java","20834","154369","175203"
"2012-04-02","Bookie.java","9760","19729","29489"
"2013-07-24","Bookie.java","19709","128994","148703"
"2012-12-18","LedgerDescriptorReadOnlyImpl.java","10762","68600","79362"
"2015-10-06","ClientConfiguration.java","3432","17369","20801"
"2014-12-06","ClientConfiguration.java","2090","12512","14602"
"2015-10-06","ClientConfiguration.java","3438","17601","21039"
"2014-09-18","ClientConfiguration.java","1819","11323","13142"
"2014-03-07","NativeIO.java","2552","8988","11540"
"2011-09-05","LedgerHandle.java","4941","10592","15533"
"2013-04-26","LedgerHandle.java","15947","134617","150564"
"2014-05-30","LedgerHandle.java","16378","153047","169425"
"2012-09-12","LedgerHandle.java","12038","71878","83916"
"2014-01-21","LedgerHandle.java","16202","146932","163134"
"2011-11-17","LedgerHandle.java","7312","15304","22616"
"2015-04-21","LedgerHandle.java","16556","165570","182126"
"2012-12-28","LedgerHandle.java","14795","98554","113349"
"2012-05-25","LedgerHandle.java","10350","38845","49195"
"2015-10-22","LedgerHandle.java","16597","167838","184435"
"2014-05-30","LedgerHandle.java","16378","153008","169386"
"2012-06-27","LedgerHandle.java","10469","46565","57034"
"2011-11-29","LedgerHandle.java","8374","20443","28817"
"2012-05-10","LedgerHandle.java","10056","37297","47353"
"2011-10-27","LedgerHandle.java","5871","12000","17871"
"2014-09-18","LedgerHandle.java","16556","162308","178864"
"2011-10-18","LedgerHandle.java","4965","10846","15811"
"2011-11-16","LedgerHandle.java","7101","14450","21551"
"2014-02-21","LedgerHandle.java","16349","149045","165394"
"2014-12-05","LedgerHandle.java","16558","162954","179512"
"2014-12-09","LedgerHandle.java","16543","163388","179931"
"2012-03-31","LedgerHandle.java","9727","35017","44744"
"2012-02-01","LedgerHandle.java","8628","23096","31724"
"2012-09-14","LedgerHandle.java","12085","72160","84245"
"2015-10-06","LedgerHandle.java","16593","166778","183371"
"2012-06-29","LedgerHandle.java","10468","46894","57362"
"2012-02-13","LedgerHandle.java","8669","26246","34915"
"2014-01-17","LedgerHandle.java","16183","146017","162200"
"2012-02-13","LedgerHandle.java","8767","26424","35191"
"2012-01-17","LedgerHandle.java","8590","21965","30555"
"2013-10-14","LedgerHandle.java","16118","142475","158593"
"2015-10-06","LedgerHandle.java","16596","167021","183617"
"2012-08-28","LedgerHandle.java","11954","68210","80164"
"2011-11-28","LedgerHandle.java","8079","20103","28182"
"2012-06-19","LedgerHandle.java","10435","41326","51761"
"2012-03-15","BookieZKExpireTest.java","8763","22626","31389"
"2012-12-15","BookieZKExpireTest.java","16367","89984","106351"
"2013-03-25","BookieZKExpireTest.java","17871","126555","144426"
"2014-01-17","AbstractZkLedgerManager.java","2699","14569","17268"
"2013-07-29","AbstractZkLedgerManager.java","1010","7834","8844"
"2015-09-15","AbstractZkLedgerManager.java","6192","38089","44281"
"2014-05-12","AbstractZkLedgerManager.java","4253","22294","26547"
"2012-12-15","BookieZKExpireTest.java","11756","71510","83266"
"2013-03-25","BookieZKExpireTest.java","13860","108681","122541"
"2013-10-12","Bookie.java","18429","137006","155435"
"2012-03-13","Bookie.java","3162","17283","20445"
"2012-10-18","Bookie.java","16062","76458","92520"
"2011-11-18","Bookie.java","968","2561","3529"
"2014-08-18","Bookie.java","19221","156745","175966"
"2014-09-23","Bookie.java","19233","157381","176614"
"2012-09-07","Bookie.java","13666","65294","78960"
"2012-12-03","Bookie.java","16312","87857","104169"
"2013-12-06","Bookie.java","18516","140115","158631"
"2012-03-08","Bookie.java","2776","14640","17416"
"2012-12-24","Bookie.java","16629","92679","109308"
"2014-01-21","Bookie.java","18575","141911","160486"
"2012-03-20","Bookie.java","10058","26108","36166"
"2013-10-22","Bookie.java","18504","137848","156352"
"2012-03-29","Bookie.java","10187","26952","37139"
"2012-12-24","Bookie.java","16673","92945","109618"
"2012-04-17","Bookie.java","10580","28907","39487"
"2012-09-14","Bookie.java","13925","66214","80139"
"2012-03-08","Bookie.java","2730","14550","17280"
"2012-12-08","Bookie.java","16402","87992","104394"
"2012-05-10","Bookie.java","10872","30426","41298"
"2013-12-02","Bookie.java","18513","139960","158473"
"2012-10-26","Bookie.java","16184","78666","94850"
"2014-02-05","Bookie.java","18833","142679","161512"
"2013-06-15","Bookie.java","18337","134209","152546"
"2014-05-09","Bookie.java","18873","146873","165746"
"2011-11-28","Bookie.java","1376","5713","7089"
"2013-10-02","Bookie.java","18405","136249","154654"
"2013-05-04","Bookie.java","18148","129491","147639"
"2012-02-15","Bookie.java","2459","12441","14900"
"2012-02-17","Bookie.java","2463","12686","15149"
"2014-04-29","Bookie.java","18873","146232","165105"
"2012-12-18","Bookie.java","16616","92558","109174"
"2012-02-09","Bookie.java","2323","12046","14369"
"2012-04-17","Bookie.java","10281","28385","38666"
"2012-07-05","Bookie.java","11585","40858","52443"
"2012-10-25","Bookie.java","16150","77683","93833"
"2013-09-11","Bookie.java","18387","136030","154417"
"2012-02-01","Bookie.java","2103","9875","11978"
"2013-06-21","Bookie.java","18334","134333","152667"
"2014-02-06","Bookie.java","18833","142687","161520"
"2012-07-04","Bookie.java","11580","40371","51951"
"2012-06-19","Bookie.java","11379","34583","45962"
"2012-04-16","Bookie.java","10255","28170","38425"
"2015-03-18","Bookie.java","19260","160465","179725"
"2015-04-21","Bookie.java","19260","160567","179827"
"2012-04-02","Bookie.java","10252","27993","38245"
"2013-07-24","Bookie.java","18352","135409","153761"
"2013-04-26","LedgerHandle.java","10630","92874","103504"
"2014-05-30","LedgerHandle.java","12851","113094","125945"
"2012-09-12","LedgerHandle.java","3511","26925","30436"
"2014-01-21","LedgerHandle.java","12217","106521","118738"
"2015-04-21","LedgerHandle.java","13536","126124","139660"
"2012-12-28","LedgerHandle.java","8637","55970","64607"
"2015-10-22","LedgerHandle.java","13872","128687","142559"
"2014-05-30","LedgerHandle.java","12831","113035","125866"
"2014-09-18","LedgerHandle.java","13265","122591","135856"
"2014-02-21","LedgerHandle.java","12731","109001","121732"
"2014-12-05","LedgerHandle.java","13315","123285","136600"
"2014-12-09","LedgerHandle.java","13333","123752","137085"
"2012-09-14","LedgerHandle.java","3604","27253","30857"
"2015-10-06","LedgerHandle.java","13863","127622","141485"
"2014-01-17","LedgerHandle.java","12152","105560","117712"
"2013-10-14","LedgerHandle.java","11945","101876","113821"
"2015-10-06","LedgerHandle.java","13864","127863","141727"
"2012-08-28","LedgerHandle.java","3228","23058","26286"
"2013-03-25","BookieZKExpireTest.java","3976","39043","43019"
"2011-11-28","BookkeeperInternalCallbacks.java","3825","10198","14023"
"2014-02-05","BookkeeperInternalCallbacks.java","19159","145041","164200"
"2014-01-17","BookkeeperInternalCallbacks.java","18986","143169","162155"
"2012-07-05","BookkeeperInternalCallbacks.java","12827","43656","56483"
"2014-12-10","TestDiskChecker.java","9619","88455","98074"
"2014-01-15","TestDiskChecker.java","7660","69055","76715"
"2011-11-18","BookieZKExpireTest.java","3592","7221","10813"
"2012-03-15","BookieZKExpireTest.java","11307","28799","40106"
"2012-12-15","BookieZKExpireTest.java","17338","94584","111922"
"2013-03-25","BookieZKExpireTest.java","18695","131008","149703"
"2014-01-15","LedgerDirsManager.java","7660","69055","76715"
"2013-12-02","LedgerDirsManager.java","7581","68632","76213"
"2014-01-21","LedgerDirsManager.java","7840","70780","78620"
"2013-01-09","LedgerDirsManager.java","4235","21886","26121"
"2012-12-12","LedgerDirsManager.java","1998","14474","16472"
"2013-10-02","LedgerDirsManager.java","6555","64003","70558"
"2014-02-05","TestReplicationWorker.java","3442","11416","14858"
"2015-07-10","TestReplicationWorker.java","5776","31776","37552"
"2014-07-24","TestReplicationWorker.java","4324","18056","22380"
"2011-11-18","BookKeeperTestClient.java","2545","5696","8241"
"2014-02-05","BookkeeperInternalCallbacks.java","19520","139029","158549"
"2014-01-17","BookkeeperInternalCallbacks.java","19187","136997","156184"
"2012-07-05","BookkeeperInternalCallbacks.java","11198","35654","46852"
"2014-02-21","BookKeeper.java","3271","10676","13947"
"2015-09-15","BookKeeper.java","5967","30537","36504"
"2013-10-02","BookKeeper.java","73","207","280"
"2014-01-21","BookKeeper.java","1983","7422","9405"
"2014-02-06","BookKeeper.java","3096","9342","12438"
"2015-07-10","BookKeeper.java","5546","29814","35360"
"2015-10-22","BookKeeper.java","6002","31952","37954"
"2012-12-04","BookieRecoveryTest.java","17149","90876","108025"
"2012-07-18","BookieRecoveryTest.java","13966","48121","62087"
"2012-12-12","BookieRecoveryTest.java","17210","91989","109199"
"2014-02-05","BookieRecoveryTest.java","19159","145041","164200"
"2014-07-24","BookieRecoveryTest.java","19365","151005","170370"
"2011-11-16","BookieRecoveryTest.java","2735","4433","7168"
"2012-06-19","BookieRecoveryTest.java","12679","37919","50598"
"2011-10-27","BookieRecoveryTest.java","1168","1646","2814"
"2011-11-18","BookieRecoveryTest.java","3592","7221","10813"
"2012-12-10","BookieRecoveryTest.java","17197","90926","108123"
"2011-11-15","BookieRecoveryTest.java","2654","3617","6271"
"2012-03-31","BookieRecoveryTest.java","11840","31479","43319"
"2011-11-28","BookieRecoveryTest.java","3825","10198","14023"
"2013-08-13","BookieRecoveryTest.java","18856","138164","157020"
"2012-02-13","BookieRecoveryTest.java","4625","16631","21256"
"2012-09-12","BookieRecoveryTest.java","14547","68736","83283"
"2013-10-12","Bookie.java","1511","4089","5600"
"2014-08-18","Bookie.java","5000","26525","31525"
"2014-09-23","Bookie.java","5128","27277","32405"
"2013-12-06","Bookie.java","1959","7559","9518"
"2014-01-21","Bookie.java","2450","9787","12237"
"2013-10-22","Bookie.java","1880","5225","7105"
"2013-12-02","Bookie.java","1942","7390","9332"
"2014-02-05","Bookie.java","3432","11279","14711"
"2014-05-09","Bookie.java","3830","15831","19661"
"2013-10-02","Bookie.java","498","2343","2841"
"2014-04-29","Bookie.java","3812","15172","18984"
"2013-09-11","Bookie.java","445","2089","2534"
"2014-02-06","Bookie.java","3437","11292","14729"
"2015-03-18","Bookie.java","5518","30724","36242"
"2015-04-21","Bookie.java","5520","30828","36348"
"2013-07-24","Bookie.java","208","1266","1474"
"2014-04-29","ClientUtil.java","19811","137496","157307"
"2012-09-12","ClientUtil.java","13445","56118","69563"
"2014-12-10","TestDiskChecker.java","3896","21337","25233"
"2014-07-24","BookieRecoveryTest.java","1183","6941","8124"
"2014-02-05","BookkeeperInternalCallbacks.java","1505","3204","4709"
"2013-10-29","ClientConfiguration.java","18343","135995","154338"
"2013-06-12","ClientConfiguration.java","18113","131730","149843"
"2014-05-27","ClientConfiguration.java","18765","145498","164263"
"2015-10-06","ClientConfiguration.java","19212","159882","179094"
"2013-02-08","ClientConfiguration.java","16971","124967","141938"
"2014-12-06","ClientConfiguration.java","19109","156264","175373"
"2012-02-01","ClientConfiguration.java","1215","5371","6586"
"2012-09-12","ClientConfiguration.java","13166","63491","76657"
"2012-04-20","ClientConfiguration.java","9877","26662","36539"
"2015-10-06","ClientConfiguration.java","19214","160110","179324"
"2014-09-18","ClientConfiguration.java","19102","155339","174441"
"2012-12-03","ClientConfiguration.java","16032","85896","101928"
"2012-12-13","ClientConfiguration.java","16321","88007","104328"
"2013-06-15","ZkLedgerUnderreplicationManager.java","4600","45327","49927"
"2012-12-18","ZkLedgerUnderreplicationManager.java","256","763","1019"
"2013-08-22","ZkLedgerUnderreplicationManager.java","4815","47232","52047"
"2014-06-02","ZkLedgerUnderreplicationManager.java","7361","61335","68696"
"2014-06-03","ZkLedgerUnderreplicationManager.java","7381","61823","69204"
"2013-01-04","ZkLedgerUnderreplicationManager.java","1906","4424","6330"
"2011-10-18","AsyncLedgerOpsTest.java","45","275","320"
"2014-07-24","AsyncLedgerOpsTest.java","19365","151005","170370"
"2012-06-19","AsyncLedgerOpsTest.java","12679","37919","50598"
"2011-11-17","AsyncLedgerOpsTest.java","2969","5310","8279"
"2013-06-15","BookieAutoRecoveryTest.java","2922","41946","44868"
"2014-04-24","BookieAutoRecoveryTest.java","5685","55818","61503"
"2014-05-09","BookieAutoRecoveryTest.java","5743","56895","62638"
"2014-02-05","BookieAutoRecoveryTest.java","5425","52423","57848"
"2014-05-23","BookieAutoRecoveryTest.java","5749","57231","62980"
"2014-05-09","BookKeeperClusterTestCase.java","15089","127633","142722"
"2013-01-03","BookKeeperClusterTestCase.java","12361","73753","86114"
"2014-05-23","BookKeeperClusterTestCase.java","15089","127963","143052"
"2012-12-13","BookKeeperClusterTestCase.java","11711","69239","80950"
"2012-12-12","BookKeeperClusterTestCase.java","11558","68845","80403"
"2013-10-12","BookKeeperClusterTestCase.java","14365","117486","131851"
"2014-02-05","BookKeeperClusterTestCase.java","14988","123378","138366"
"2014-04-24","BookKeeperClusterTestCase.java","15054","126579","141633"
"2014-12-10","BookKeeperClusterTestCase.java","15740","139516","155256"
"2014-07-24","BookKeeperClusterTestCase.java","15357","129505","144862"
"2012-12-18","BookKeeperClusterTestCase.java","11770","71966","83736"
"2013-06-15","BookKeeperClusterTestCase.java","14113","114529","128642"
"2013-01-07","BookKeeperClusterTestCase.java","12405","74824","87229"
"2012-09-12","BookKeeperClusterTestCase.java","8007","44704","52711"
"2012-03-31","BookKeeperClusterTestCase.java","1252","3399","4651"
"2015-10-06","BookKeeperClusterTestCase.java","15992","143260","159252"
"2013-01-09","BookKeeperClusterTestCase.java","12663","75254","87917"
"2014-04-29","ClientUtil.java","11175","86187","97362"
"2014-08-18","Bookie.java","2151","15821","17972"
"2014-09-23","Bookie.java","2414","16708","19122"
"2014-05-09","Bookie.java","498","4644","5142"
"2014-04-29","Bookie.java","479","3984","4463"
"2015-03-18","Bookie.java","2891","20242","23133"
"2015-04-21","Bookie.java","2933","20386","23319"
"2014-12-09","LedgerCloseTest.java","5062","33237","38299"
"2013-06-26","LedgerCloseTest.java","655","5711","6366"
"2013-10-14","LedgerCloseTest.java","2134","9821","11955"
"2014-02-05","LedgerCloseTest.java","3706","16569","20275"
"2013-10-29","LedgerCloseTest.java","2363","10860","13223"
"2014-01-21","LedgerDirsManager.java","464","2009","2473"
"2014-07-24","TestLedgerFragmentReplication.java","11807","91249","103056"
"2014-02-05","TestLedgerFragmentReplication.java","11271","84955","96226"
"2012-10-05","TestLedgerFragmentReplication.java","3425","10494","13919"
"2012-09-04","TestLedgerFragmentReplication.java","33","136","169"
"2013-10-12","Bookie.java","11898","101684","113582"
"2012-10-18","Bookie.java","6592","38197","44789"
"2014-08-18","Bookie.java","13270","122003","135273"
"2014-09-23","Bookie.java","13329","122686","136015"
"2012-09-07","Bookie.java","3394","26231","29625"
"2012-12-03","Bookie.java","7222","49976","57198"
"2013-12-06","Bookie.java","12134","104942","117076"
"2012-12-24","Bookie.java","8305","55564","63869"
"2014-01-21","Bookie.java","12248","106793","119041"
"2013-10-22","Bookie.java","12089","102642","114731"
"2012-12-24","Bookie.java","8364","55845","64209"
"2012-09-14","Bookie.java","3848","27346","31194"
"2012-12-08","Bookie.java","7364","50163","57527"
"2013-12-02","Bookie.java","12126","104782","116908"
"2012-10-26","Bookie.java","6912","40603","47515"
"2014-02-05","Bookie.java","12665","107720","120385"
"2013-06-15","Bookie.java","10989","98070","109059"
"2014-05-09","Bookie.java","12814","112023","124837"
"2013-10-02","Bookie.java","11142","100195","111337"
"2013-05-04","Bookie.java","10805","93357","104162"
"2014-04-29","Bookie.java","12803","111371","124174"
"2012-12-18","Bookie.java","7712","54863","62575"
"2012-07-05","Bookie.java","22","504","526"
"2012-10-25","Bookie.java","6711","39453","46164"
"2013-09-11","Bookie.java","11114","99966","111080"
"2013-06-21","Bookie.java","10992","98200","109192"
"2014-02-06","Bookie.java","12667","107730","120397"
"2015-03-18","Bookie.java","13558","125972","139530"
"2015-04-21","Bookie.java","13559","126075","139634"
"2013-07-24","Bookie.java","11042","99308","110350"
"2013-10-12","Bookie.java","13280","108653","121933"
"2012-10-18","Bookie.java","8016","45208","53224"
"2014-08-18","Bookie.java","14632","128952","143584"
"2014-09-23","Bookie.java","14691","129635","144326"
"2012-09-07","Bookie.java","4844","33268","38112"
"2012-12-03","Bookie.java","8635","56976","65611"
"2013-12-06","Bookie.java","13513","111908","125421"
"2012-12-24","Bookie.java","9710","62556","72266"
"2014-01-21","Bookie.java","13627","113759","127386"
"2013-10-22","Bookie.java","13468","109608","123076"
"2012-12-24","Bookie.java","9769","62837","72606"
"2012-09-14","Bookie.java","5284","34369","39653"
"2012-12-08","Bookie.java","8777","57163","65940"
"2013-12-02","Bookie.java","13505","111748","125253"
"2012-10-26","Bookie.java","8331","47609","55940"
"2014-02-05","Bookie.java","14036","114678","128714"
"2013-06-15","Bookie.java","12397","105065","117462"
"2014-05-09","Bookie.java","14181","118977","133158"
"2013-10-02","Bookie.java","12548","107188","119736"
"2013-05-04","Bookie.java","12215","100354","112569"
"2014-04-29","Bookie.java","14173","118328","132501"
"2012-12-18","Bookie.java","9117","61855","70972"
"2012-07-05","Bookie.java","1523","7592","9115"
"2012-10-25","Bookie.java","8135","46464","54599"
"2013-09-11","Bookie.java","12520","106959","119479"
"2013-06-21","Bookie.java","12400","105195","117595"
"2014-02-06","Bookie.java","14038","114688","128726"
"2012-07-04","Bookie.java","1501","7088","8589"
"2015-03-18","Bookie.java","14908","132909","147817"
"2015-04-21","Bookie.java","14909","133012","147921"
"2013-07-24","Bookie.java","12450","106303","118753"
"2014-01-15","LedgerDirsManager.java","112","456","568"
"2014-01-21","LedgerDirsManager.java","568","2457","3025"
"2012-12-04","BookieRecoveryTest.java","16061","88090","104151"
"2012-07-18","BookieRecoveryTest.java","12586","45043","57629"
"2012-12-12","BookieRecoveryTest.java","16128","89209","105337"
"2014-02-05","BookieRecoveryTest.java","18498","142682","161180"
"2014-07-24","BookieRecoveryTest.java","18739","148681","167420"
"2012-06-19","BookieRecoveryTest.java","11045","34587","45632"
"2011-11-18","BookieRecoveryTest.java","939","2870","3809"
"2012-12-10","BookieRecoveryTest.java","16115","88146","104261"
"2012-03-31","BookieRecoveryTest.java","9907","27848","37755"
"2011-11-28","BookieRecoveryTest.java","1347","6022","7369"
"2013-08-13","BookieRecoveryTest.java","18028","135638","153666"
"2012-02-13","BookieRecoveryTest.java","2421","12729","15150"
"2012-09-12","BookieRecoveryTest.java","13408","65899","79307"
"2012-12-04","BookieRecoveryTest.java","8721","57208","65929"
"2012-07-18","BookieRecoveryTest.java","3288","12203","15491"
"2012-12-12","BookieRecoveryTest.java","8861","58400","67261"
"2014-02-05","BookieRecoveryTest.java","14036","114678","128714"
"2014-07-24","BookieRecoveryTest.java","14466","120866","135332"
"2012-12-10","BookieRecoveryTest.java","8827","57316","66143"
"2013-08-13","BookieRecoveryTest.java","12470","106538","119008"
"2012-09-12","BookieRecoveryTest.java","4963","33912","38875"
"2014-07-24","AsyncLedgerOpsTest.java","19449","150859","170308"
"2012-06-19","AsyncLedgerOpsTest.java","12697","37707","50404"
"2011-11-17","AsyncLedgerOpsTest.java","2939","5050","7989"
"2012-08-28","AbstractZkLedgerManager.java","6814","38216","45030"
"2014-01-17","AbstractZkLedgerManager.java","14574","119559","134133"
"2013-07-29","AbstractZkLedgerManager.java","13612","113551","127163"
"2012-06-19","AbstractZkLedgerManager.java","2472","8514","10986"
"2012-12-24","AbstractZkLedgerManager.java","11231","70119","81350"
"2015-09-15","AbstractZkLedgerManager.java","16013","141025","157038"
"2014-05-12","AbstractZkLedgerManager.java","15089","126245","141334"
"2013-03-25","AbstractZkLedgerManager.java","13296","106411","119707"
"2014-05-09","BookKeeperClusterTestCase.java","5743","56895","62638"
"2014-05-23","BookKeeperClusterTestCase.java","5749","57231","62980"
"2013-10-12","BookKeeperClusterTestCase.java","4188","45917","50105"
"2014-02-05","BookKeeperClusterTestCase.java","5425","52423","57848"
"2014-04-24","BookKeeperClusterTestCase.java","5685","55818","61503"
"2014-12-10","BookKeeperClusterTestCase.java","6851","69235","76086"
"2014-07-24","BookKeeperClusterTestCase.java","6205","58961","65166"
"2013-06-15","BookKeeperClusterTestCase.java","2922","41946","44868"
"2013-01-07","BookKeeperClusterTestCase.java","139","1166","1305"
"2015-10-06","BookKeeperClusterTestCase.java","7540","73416","80956"
"2013-01-09","BookKeeperClusterTestCase.java","511","1710","2221"
"2013-10-12","Bookie.java","14458","115120","129578"
"2012-10-18","Bookie.java","9817","52298","62115"
"2014-08-18","Bookie.java","15689","135298","150987"
"2014-09-23","Bookie.java","15739","135972","151711"
"2012-09-07","Bookie.java","6881","40594","47475"
"2012-12-03","Bookie.java","10397","64027","74424"
"2013-12-06","Bookie.java","14655","118339","132994"
"2012-12-24","Bookie.java","11230","69365","80595"
"2014-01-21","Bookie.java","14761","120182","134943"
"2013-10-22","Bookie.java","14631","116060","130691"
"2012-12-24","Bookie.java","11282","69639","80921"
"2012-04-17","Bookie.java","508","920","1428"
"2012-09-14","Bookie.java","7263","41637","48900"
"2012-12-08","Bookie.java","10536","64211","74747"
"2012-05-10","Bookie.java","983","2622","3605"
"2013-12-02","Bookie.java","14651","118183","132834"
"2012-10-26","Bookie.java","10117","54684","64801"
"2014-02-05","Bookie.java","15132","121063","136195"
"2013-06-15","Bookie.java","13638","111595","125233"
"2014-05-09","Bookie.java","15250","125335","140585"
"2013-10-02","Bookie.java","13774","113703","127477"
"2013-05-04","Bookie.java","13466","106894","120360"
"2014-04-29","Bookie.java","15242","124686","139928"
"2012-12-18","Bookie.java","10845","68872","79717"
"2012-04-17","Bookie.java","127","316","443"
"2012-07-05","Bookie.java","3856","15214","19070"
"2012-10-25","Bookie.java","9925","53543","63468"
"2013-09-11","Bookie.java","13749","113477","127226"
"2013-06-21","Bookie.java","13642","111726","125368"
"2014-02-06","Bookie.java","15134","121073","136207"
"2012-07-04","Bookie.java","3839","14715","18554"
"2012-06-19","Bookie.java","2370","7659","10029"
"2015-03-18","Bookie.java","15940","139230","155170"
"2015-04-21","Bookie.java","15939","139331","155270"
"2013-07-24","Bookie.java","13688","112830","126518"
"2013-10-29","ClientConfiguration.java","3763","13419","17182"
"2013-06-12","ClientConfiguration.java","2047","7668","9715"
"2014-05-27","ClientConfiguration.java","5262","23999","29261"
"2015-10-06","ClientConfiguration.java","7045","39719","46764"
"2014-12-06","ClientConfiguration.java","6083","35242","41325"
"2015-10-06","ClientConfiguration.java","7048","39948","46996"
"2014-09-18","ClientConfiguration.java","5958","34199","40157"
"2014-12-09","LedgerCloseTest.java","5189","28308","33497"
"2013-10-14","LedgerCloseTest.java","1610","4241","5851"
"2014-02-05","LedgerCloseTest.java","3427","11234","14661"
"2013-10-29","LedgerCloseTest.java","1917","5358","7275"
"2014-05-09","BookieAutoRecoveryTest.java","90","1109","1199"
"2014-05-23","BookieAutoRecoveryTest.java","111","1460","1571"
"2014-07-24","AsyncLedgerOpsTest.java","14466","120866","135332"
"2013-10-12","Bookie.java","18094","137009","155103"
"2012-03-13","Bookie.java","2832","17291","20123"
"2012-10-18","Bookie.java","15728","76462","92190"
"2011-11-18","Bookie.java","939","2870","3809"
"2014-08-18","Bookie.java","18884","156746","175630"
"2014-09-23","Bookie.java","18896","157382","176278"
"2012-09-07","Bookie.java","13332","65298","78630"
"2012-12-03","Bookie.java","15978","87861","103839"
"2013-12-06","Bookie.java","18181","140118","158299"
"2012-03-08","Bookie.java","2739","14941","17680"
"2012-12-24","Bookie.java","16295","92683","108978"
"2014-01-21","Bookie.java","18240","141914","160154"
"2012-03-20","Bookie.java","9728","26116","35844"
"2013-10-22","Bookie.java","18169","137851","156020"
"2012-03-29","Bookie.java","9857","26960","36817"
"2012-12-24","Bookie.java","16339","92949","109288"
"2012-04-17","Bookie.java","10246","28911","39157"
"2012-09-14","Bookie.java","13591","66218","79809"
"2012-03-08","Bookie.java","2693","14851","17544"
"2012-12-08","Bookie.java","16068","87996","104064"
"2012-05-10","Bookie.java","10538","30430","40968"
"2013-12-02","Bookie.java","18178","139963","158141"
"2012-10-26","Bookie.java","15850","78670","94520"
"2014-02-05","Bookie.java","18498","142682","161180"
"2013-06-15","Bookie.java","18002","134212","152214"
"2014-05-09","Bookie.java","18538","146876","165414"
"2011-11-28","Bookie.java","1347","6022","7369"
"2013-10-02","Bookie.java","18070","136252","154322"
"2013-05-04","Bookie.java","17814","129495","147309"
"2012-02-15","Bookie.java","2422","12742","15164"
"2012-02-17","Bookie.java","2426","12987","15413"
"2014-04-29","Bookie.java","18538","146235","164773"
"2012-12-18","Bookie.java","16282","92562","108844"
"2012-02-09","Bookie.java","2286","12347","14633"
"2012-04-17","Bookie.java","9951","28393","38344"
"2012-07-05","Bookie.java","11251","40862","52113"
"2012-10-25","Bookie.java","15816","77687","93503"
"2013-09-11","Bookie.java","18052","136033","154085"
"2012-02-01","Bookie.java","2071","10181","12252"
"2013-06-21","Bookie.java","17999","134336","152335"
"2014-02-06","Bookie.java","18498","142690","161188"
"2012-07-04","Bookie.java","11246","40375","51621"
"2012-06-19","Bookie.java","11045","34587","45632"
"2012-04-16","Bookie.java","9925","28178","38103"
"2015-03-18","Bookie.java","18923","160466","179389"
"2015-04-21","Bookie.java","18923","160568","179491"
"2012-04-02","Bookie.java","9922","28001","37923"
"2013-07-24","Bookie.java","18017","135412","153429"
"2012-12-04","BookieRecoveryTest.java","14409","93772","108181"
"2012-07-18","BookieRecoveryTest.java","11498","51289","62787"
"2012-12-12","BookieRecoveryTest.java","14464","94879","109343"
"2011-09-05","BookieRecoveryTest.java","4875","10511","15386"
"2014-02-05","BookieRecoveryTest.java","16258","147776","164034"
"2014-07-24","BookieRecoveryTest.java","16459","153735","170194"
"2011-11-16","BookieRecoveryTest.java","7037","14371","21408"
"2012-06-19","BookieRecoveryTest.java","10379","41255","51634"
"2011-10-27","BookieRecoveryTest.java","5805","11919","17724"
"2011-11-18","BookieRecoveryTest.java","7801","17066","24867"
"2012-12-10","BookieRecoveryTest.java","14451","93816","108267"
"2011-11-15","BookieRecoveryTest.java","6976","13575","20551"
"2012-03-31","BookieRecoveryTest.java","9670","34945","44615"
"2011-11-28","BookieRecoveryTest.java","8020","20029","28049"
"2013-08-13","BookieRecoveryTest.java","16001","140945","156946"
"2012-02-13","BookieRecoveryTest.java","8709","26351","35060"
"2012-09-12","BookieRecoveryTest.java","11982","71807","83789"
"2014-05-23","BookieAutoRecoveryTest.java","24","354","378"
"2012-12-04","BookieRecoveryTest.java","16667","89916","106583"
"2012-07-18","BookieRecoveryTest.java","13312","46989","60301"
"2012-12-12","BookieRecoveryTest.java","16732","91033","107765"
"2014-02-05","BookieRecoveryTest.java","18838","144242","163080"
"2014-07-24","BookieRecoveryTest.java","19054","150216","169270"
"2011-11-16","BookieRecoveryTest.java","1661","2881","4542"
"2012-06-19","BookieRecoveryTest.java","11948","36710","48658"
"2011-11-18","BookieRecoveryTest.java","2545","5696","8241"
"2012-12-10","BookieRecoveryTest.java","16719","89970","106689"
"2011-11-15","BookieRecoveryTest.java","1566","2051","3617"
"2012-03-31","BookieRecoveryTest.java","11072","30233","41305"
"2011-11-28","BookieRecoveryTest.java","2895","8790","11685"
"2013-08-13","BookieRecoveryTest.java","18472","137302","155774"
"2012-02-13","BookieRecoveryTest.java","3724","15252","18976"
"2012-09-12","BookieRecoveryTest.java","14056","67767","81823"
"2014-12-09","LedgerCloseTest.java","4167","24655","28822"
"2014-02-05","LedgerCloseTest.java","2261","7437","9698"
"2013-10-29","LedgerCloseTest.java","630","1440","2070"
"2014-12-10","BookKeeperClusterTestCase.java","2598","13500","16098"
"2014-07-24","BookKeeperClusterTestCase.java","710","1984","2694"
"2015-10-06","BookKeeperClusterTestCase.java","3576","17970","21546"
"2014-05-09","BookKeeperClusterTestCase.java","7228","62244","69472"
"2013-01-03","BookKeeperClusterTestCase.java","1936","5800","7736"
"2014-05-23","BookKeeperClusterTestCase.java","7227","62573","69800"
"2013-10-12","BookKeeperClusterTestCase.java","5813","51406","57219"
"2014-02-05","BookKeeperClusterTestCase.java","6987","57849","64836"
"2014-04-24","BookKeeperClusterTestCase.java","7174","61171","68345"
"2014-12-10","BookKeeperClusterTestCase.java","8284","74532","82816"
"2014-07-24","BookKeeperClusterTestCase.java","7650","64270","71920"
"2012-12-18","BookKeeperClusterTestCase.java","337","3005","3342"
"2013-06-15","BookKeeperClusterTestCase.java","4630","47518","52148"
"2013-01-07","BookKeeperClusterTestCase.java","2060","6951","9011"
"2015-10-06","BookKeeperClusterTestCase.java","8907","78647","87554"
"2013-01-09","BookKeeperClusterTestCase.java","2428","7491","9919"
"2014-05-09","BookKeeperClusterTestCase.java","7350","62607","69957"
"2013-01-03","BookKeeperClusterTestCase.java","2100","6205","8305"
"2014-05-23","BookKeeperClusterTestCase.java","7349","62936","70285"
"2012-12-13","BookKeeperClusterTestCase.java","177","418","595"
"2013-10-12","BookKeeperClusterTestCase.java","5941","51775","57716"
"2014-02-05","BookKeeperClusterTestCase.java","7110","58213","65323"
"2014-04-24","BookKeeperClusterTestCase.java","7297","61535","68832"
"2014-12-10","BookKeeperClusterTestCase.java","8395","74884","83279"
"2014-07-24","BookKeeperClusterTestCase.java","7769","64630","72399"
"2012-12-18","BookKeeperClusterTestCase.java","514","3423","3937"
"2013-06-15","BookKeeperClusterTestCase.java","4786","47915","52701"
"2013-01-07","BookKeeperClusterTestCase.java","2224","7356","9580"
"2015-10-06","BookKeeperClusterTestCase.java","9018","78999","88017"
"2013-01-09","BookKeeperClusterTestCase.java","2592","7896","10488"
"2014-04-24","BookieAutoRecoveryTest.java","422","3557","3979"
"2014-05-09","BookieAutoRecoveryTest.java","510","4664","5174"
"2014-05-23","BookieAutoRecoveryTest.java","524","5008","5532"
"2014-05-09","BookKeeperClusterTestCase.java","2849","12272","15121"
"2014-05-23","BookKeeperClusterTestCase.java","2855","12608","15463"
"2014-02-05","BookKeeperClusterTestCase.java","2368","7637","10005"
"2014-04-24","BookKeeperClusterTestCase.java","2762","11166","13928"
"2014-12-10","BookKeeperClusterTestCase.java","4587","25242","29829"
"2014-07-24","BookKeeperClusterTestCase.java","3366","14393","17759"
"2015-10-06","BookKeeperClusterTestCase.java","5384","29531","34915"
"2014-05-09","BookKeeperClusterTestCase.java","510","4664","5174"
"2014-05-23","BookKeeperClusterTestCase.java","524","5008","5532"
"2014-04-24","BookKeeperClusterTestCase.java","422","3557","3979"
"2014-12-10","BookKeeperClusterTestCase.java","2838","18224","21062"
"2014-07-24","BookKeeperClusterTestCase.java","1183","6941","8124"
"2015-10-06","BookKeeperClusterTestCase.java","3746","22624","26370"
"2014-12-09","LedgerCloseTest.java","2516","17828","20344"
"2014-05-09","BookKeeperClusterTestCase.java","90","1109","1199"
"2014-05-23","BookKeeperClusterTestCase.java","111","1460","1571"
"2014-12-10","BookKeeperClusterTestCase.java","2616","14867","17483"
"2014-07-24","BookKeeperClusterTestCase.java","797","3420","4217"
"2015-10-06","BookKeeperClusterTestCase.java","3552","19295","22847"
"2015-10-06","BookKeeperClusterTestCase.java","1225","4717","5942"
"2012-12-04","BookieRecoveryTest.java","16140","86238","102378"
"2012-07-18","BookieRecoveryTest.java","12283","42809","55092"
"2012-12-12","BookieRecoveryTest.java","16209","87359","103568"
"2014-02-05","BookieRecoveryTest.java","18694","140947","159641"
"2014-07-24","BookieRecoveryTest.java","18947","146958","165905"
"2012-06-19","BookieRecoveryTest.java","10733","32344","43077"
"2012-12-10","BookieRecoveryTest.java","16196","86296","102492"
"2012-03-31","BookieRecoveryTest.java","9542","25552","35094"
"2011-11-28","BookieRecoveryTest.java","482","3226","3708"
"2013-08-13","BookieRecoveryTest.java","18156","133835","151991"
"2012-02-13","BookieRecoveryTest.java","1609","9986","11595"
"2012-09-12","BookieRecoveryTest.java","13182","63742","76924"
"2015-04-21","Bookie.java","100","202","302"
"2012-07-23","BookKeeper.java","12612","45137","57749"
"2012-03-01","BookKeeper.java","2623","13854","16477"
"2014-02-21","BookKeeper.java","18534","143881","162415"
"2013-05-06","BookKeeper.java","17814","129595","147409"
"2015-09-15","BookKeeper.java","18960","161472","180432"
"2013-06-12","BookKeeper.java","17997","133780","151777"
"2013-10-02","BookKeeper.java","18070","136146","154216"
"2014-01-21","BookKeeper.java","18235","141616","159851"
"2011-11-28","BookKeeper.java","1347","6022","7369"
"2014-02-06","BookKeeper.java","18498","142686","161184"
"2011-11-18","BookKeeper.java","939","2870","3809"
"2015-07-10","BookKeeper.java","18943","161153","180096"
"2012-06-05","BookKeeper.java","10856","32417","43273"
"2012-09-12","BookKeeper.java","13408","65899","79307"
"2011-11-29","BookKeeper.java","1725","6445","8170"
"2013-09-10","BookKeeper.java","18047","135989","154036"
"2015-10-22","BookKeeper.java","18973","162865","181838"
"2013-01-10","BookKeeper.java","16726","95549","112275"
"2012-06-19","BookKeeper.java","11045","34587","45632"
"2014-02-05","BookieLedgerIndexer.java","10977","89125","100102"
"2014-01-17","BookieLedgerIndexer.java","10328","86777","97105"
"2014-12-09","LedgerCloseTest.java","3689","23367","27056"
"2014-02-05","LedgerCloseTest.java","1712","6078","7790"
"2014-12-10","BookKeeperClusterTestCase.java","1949","11577","13526"
"2015-10-06","BookKeeperClusterTestCase.java","2954","16074","19028"
"2014-02-05","BookkeeperInternalCallbacks.java","12664","107717","120381"
"2014-01-17","BookkeeperInternalCallbacks.java","12175","105529","117704"
"2012-12-12","BookieRecoveryTest.java","48","1098","1146"
"2014-02-05","BookieRecoveryTest.java","6994","59147","66141"
"2014-07-24","BookieRecoveryTest.java","7602","65513","73115"
"2013-08-13","BookieRecoveryTest.java","4819","50398","55217"
"2014-12-06","CleanupLedgerManager.java","2460","16295","18755"
"2012-12-04","BookieRecoveryTest.java","15979","88743","104722"
"2012-07-18","BookieRecoveryTest.java","12526","45718","58244"
"2012-12-12","BookieRecoveryTest.java","16046","89862","105908"
"2014-02-05","BookieRecoveryTest.java","18324","143243","161567"
"2014-07-24","BookieRecoveryTest.java","18541","149218","167759"
"2011-11-16","BookieRecoveryTest.java","128","863","991"
"2012-06-19","BookieRecoveryTest.java","11001","35278","46279"
"2011-11-18","BookieRecoveryTest.java","1065","3731","4796"
"2012-12-10","BookieRecoveryTest.java","16033","88799","104832"
"2012-03-31","BookieRecoveryTest.java","9923","28599","38522"
"2011-11-28","BookieRecoveryTest.java","1465","6875","8340"
"2013-08-13","BookieRecoveryTest.java","17912","136257","154169"
"2012-02-13","BookieRecoveryTest.java","2522","13565","16087"
"2012-09-12","BookieRecoveryTest.java","13339","66565","79904"
"2012-12-03","InMemoryMetaStore.java","945","3490","4435"
"2012-12-03","InMemoryMetaStore.java","945","3490","4435"
"2014-01-22","EntryLogger.java","2909","15278","18187"
"2014-01-21","EntryLogger.java","2775","14768","17543"
"2013-10-22","EntryLogger.java","2071","9678","11749"
"2015-04-21","EntryLogger.java","5312","35480","40792"
"2015-04-21","EntryLogger.java","5300","35284","40584"
"2015-10-06","ClientConfiguration.java","1593","5108","6701"
"2015-10-06","ClientConfiguration.java","1599","5340","6939"
"2014-01-15","LedgerDirsManager.java","4214","47958","52172"
"2013-12-02","LedgerDirsManager.java","4134","47534","51668"
"2014-01-21","LedgerDirsManager.java","4407","49696","54103"
"2013-10-02","LedgerDirsManager.java","2949","42746","45695"
"2012-12-04","BookieRecoveryTest.java","10561","64649","75210"
"2012-07-18","BookieRecoveryTest.java","5526","20042","25568"
"2012-12-12","BookieRecoveryTest.java","10678","65818","76496"
"2014-02-05","BookieRecoveryTest.java","15124","121367","136491"
"2014-07-24","BookieRecoveryTest.java","15496","127497","142993"
"2012-06-19","BookieRecoveryTest.java","2455","8056","10511"
"2012-12-10","BookieRecoveryTest.java","10662","64752","75414"
"2013-08-13","BookieRecoveryTest.java","13718","113387","127105"
"2012-09-12","BookieRecoveryTest.java","7052","41602","48654"
"2013-05-04","EntryLogger.java","13942","109720","123662"
"2014-01-22","EntryLogger.java","14738","122885","137623"
"2012-05-07","EntryLogger.java","1857","5136","6993"
"2014-01-21","EntryLogger.java","14643","122414","137057"
"2012-12-10","EntryLogger.java","11538","67662","79200"
"2012-06-13","EntryLogger.java","2799","9672","12471"
"2012-10-18","EntryLogger.java","10814","55645","66459"
"2013-10-22","EntryLogger.java","14449","117834","132283"
"2012-05-09","EntryLogger.java","1877","5580","7457"
"2012-05-10","EntryLogger.java","2213","6202","8415"
"2015-04-21","EntryLogger.java","15771","141717","157488"
"2013-01-04","EntryLogger.java","12364","74462","86826"
"2012-12-24","EntryLogger.java","12024","72731","84755"
"2012-05-17","EntryLogger.java","2580","7624","10204"
"2015-04-21","EntryLogger.java","15770","141532","157302"
"2012-07-26","EntryLogger.java","6589","23222","29811"
"2013-10-12","Bookie.java","14475","115311","129786"
"2012-10-18","Bookie.java","9845","52500","62345"
"2014-08-18","Bookie.java","15693","135476","151169"
"2014-09-23","Bookie.java","15743","136150","151893"
"2012-09-07","Bookie.java","6913","40800","47713"
"2012-12-03","Bookie.java","10423","64227","74650"
"2013-12-06","Bookie.java","14672","118530","133202"
"2012-12-24","Bookie.java","11256","69565","80821"
"2014-01-21","Bookie.java","14778","120373","135151"
"2013-10-22","Bookie.java","14648","116251","130899"
"2012-12-24","Bookie.java","11308","69839","81147"
"2012-04-17","Bookie.java","545","1131","1676"
"2012-09-14","Bookie.java","7293","41841","49134"
"2012-12-08","Bookie.java","10562","64411","74973"
"2012-05-10","Bookie.java","1019","2832","3851"
"2013-12-02","Bookie.java","14668","118374","133042"
"2012-10-26","Bookie.java","10145","54886","65031"
"2014-02-05","Bookie.java","15142","121247","136389"
"2013-06-15","Bookie.java","13657","111788","125445"
"2014-05-09","Bookie.java","15255","125514","140769"
"2013-10-02","Bookie.java","13793","113896","127689"
"2013-05-04","Bookie.java","13485","107087","120572"
"2014-04-29","Bookie.java","15252","124870","140122"
"2012-12-18","Bookie.java","10871","69072","79943"
"2012-04-17","Bookie.java","164","527","691"
"2012-07-05","Bookie.java","3889","15421","19310"
"2012-10-25","Bookie.java","9953","53745","63698"
"2013-09-11","Bookie.java","13768","113670","127438"
"2013-06-21","Bookie.java","13661","111919","125580"
"2014-02-06","Bookie.java","15144","121257","136401"
"2012-07-04","Bookie.java","3872","14922","18794"
"2012-06-19","Bookie.java","2403","7866","10269"
"2012-04-16","Bookie.java","37","211","248"
"2015-03-18","Bookie.java","15940","139404","155344"
"2015-04-21","Bookie.java","15939","139505","155444"
"2013-07-24","Bookie.java","13707","113023","126730"
"2015-04-21","EntryLogger.java","3854","21653","25507"
"2015-04-21","EntryLogger.java","3829","21444","25273"
"2013-05-04","EntryLogger.java","13338","105837","119175"
"2014-01-22","EntryLogger.java","14754","119622","134376"
"2014-01-21","EntryLogger.java","14659","119151","133810"
"2012-12-10","EntryLogger.java","10312","63157","73469"
"2012-06-13","EntryLogger.java","1054","4648","5702"
"2012-10-18","EntryLogger.java","9546","51098","60644"
"2013-10-22","EntryLogger.java","14432","114538","128970"
"2012-05-09","EntryLogger.java","41","465","506"
"2012-05-10","EntryLogger.java","434","1144","1578"
"2015-04-21","EntryLogger.java","15868","138535","154403"
"2013-01-04","EntryLogger.java","11503","70322","81825"
"2012-12-24","EntryLogger.java","11023","68451","79474"
"2012-05-17","EntryLogger.java","809","2574","3383"
"2015-04-21","EntryLogger.java","15866","138349","154215"
"2012-07-26","EntryLogger.java","5139","18493","23632"
"2012-02-01","CRC32DigestManager.java","4463","13280","17743"
"2013-10-22","IndexPersistenceMgr.java","878","2186","3064"
"2013-05-04","EntryLogger.java","18037","129075","147112"
"2012-03-16","EntryLogger.java","9310","24570","33880"
"2014-01-22","EntryLogger.java","18572","141979","160551"
"2012-05-07","EntryLogger.java","10405","28944","39349"
"2014-01-21","EntryLogger.java","18497","141528","160025"
"2012-12-10","EntryLogger.java","16319","87703","104022"
"2012-03-08","EntryLogger.java","2510","14025","16535"
"2012-06-13","EntryLogger.java","11016","33149","44165"
"2012-10-18","EntryLogger.java","15934","76025","91959"
"2013-10-22","EntryLogger.java","18369","137014","155383"
"2012-05-09","EntryLogger.java","10413","29376","39789"
"2012-02-15","EntryLogger.java","2238","11915","14153"
"2012-05-10","EntryLogger.java","10664","29913","40577"
"2011-12-16","EntryLogger.java","1686","6183","7869"
"2015-04-21","EntryLogger.java","19209","160415","179624"
"2013-01-04","EntryLogger.java","16783","94141","110924"
"2012-12-24","EntryLogger.java","16547","92514","109061"
"2012-05-17","EntryLogger.java","10943","31247","42190"
"2015-04-21","EntryLogger.java","19209","160231","179440"
"2012-07-26","EntryLogger.java","12759","44652","57411"
"2014-02-05","BookieLedgerIndexer.java","1505","3204","4709"
"2014-01-22","EntryLogger.java","155","531","686"
"2015-04-21","EntryLogger.java","4006","22181","26187"
"2015-04-21","EntryLogger.java","3983","21974","25957"
"2013-05-04","EntryLogger.java","4423","44077","48500"
"2014-01-22","EntryLogger.java","6448","58471","64919"
"2014-01-21","EntryLogger.java","6320","57967","64287"
"2013-10-22","EntryLogger.java","5938","53199","59137"
"2015-04-21","EntryLogger.java","8274","78096","86370"
"2013-01-04","EntryLogger.java","2028","8002","10030"
"2012-12-24","EntryLogger.java","1292","5875","7167"
"2015-04-21","EntryLogger.java","8276","77914","86190"
"2014-02-05","TestRackawareEnsemblePlacementPolicy.java","3504","11905","15409"
"2013-06-26","TestRackawareEnsemblePlacementPolicy.java","101","723","824"
"2013-05-04","EntryLogger.java","19039","118562","137601"
"2012-03-16","EntryLogger.java","7134","10879","18013"
"2014-01-22","EntryLogger.java","19789","131681","151470"
"2012-05-07","EntryLogger.java","8898","15922","24820"
"2014-01-21","EntryLogger.java","19696","131212","150908"
"2012-12-10","EntryLogger.java","16751","76620","93371"
"2012-06-13","EntryLogger.java","9750","20368","30118"
"2012-10-18","EntryLogger.java","16175","64751","80926"
"2013-10-22","EntryLogger.java","19501","126631","146132"
"2012-05-09","EntryLogger.java","8918","16366","25284"
"2012-05-10","EntryLogger.java","9183","16917","26100"
"2015-04-21","EntryLogger.java","20660","150351","171011"
"2013-01-04","EntryLogger.java","17513","83356","100869"
"2012-12-24","EntryLogger.java","17233","81685","98918"
"2012-05-17","EntryLogger.java","9548","18337","27885"
"2015-04-21","EntryLogger.java","20658","150165","170823"
"2012-07-26","EntryLogger.java","12207","32585","44792"
"2015-07-10","TestZooKeeperClient.java","1519","5500","7019"
"2012-12-03","TestMetaStore.java","945","3490","4435"
"2012-12-03","TestMetaStore.java","945","3490","4435"
"2014-07-24","TestMetaStore.java","9721","70671","80392"
"2012-12-04","BookieRecoveryTest.java","16701","84055","100756"
"2012-07-18","BookieRecoveryTest.java","12704","40486","53190"
"2012-12-12","BookieRecoveryTest.java","16796","85202","101998"
"2014-02-05","BookieRecoveryTest.java","19520","139029","158549"
"2014-07-24","BookieRecoveryTest.java","19806","145073","164879"
"2012-06-19","BookieRecoveryTest.java","10996","29863","40859"
"2012-12-10","BookieRecoveryTest.java","16783","84139","100922"
"2012-03-31","BookieRecoveryTest.java","9341","22607","31948"
"2013-08-13","BookieRecoveryTest.java","18941","131876","150817"
"2012-02-13","BookieRecoveryTest.java","1210","6843","8053"
"2012-09-12","BookieRecoveryTest.java","13619","61435","75054"
"2014-01-15","LedgerDirsManager.java","6274","55193","61467"
"2013-12-02","LedgerDirsManager.java","6194","54769","60963"
"2014-01-21","LedgerDirsManager.java","6459","56923","63382"
"2013-01-09","LedgerDirsManager.java","2586","7761","10347"
"2013-10-02","LedgerDirsManager.java","5075","50047","55122"
"2012-05-25","DigestManager.java","10978","31481","42459"
"2012-07-18","DigestManager.java","12729","44543","57272"
"2012-05-10","DigestManager.java","10664","29913","40577"
"2012-02-13","DigestManager.java","2237","11902","14139"
"2013-10-12","CookieTest.java","19402","123858","143260"
"2014-09-23","CookieTest.java","20598","144625","165223"
"2012-11-23","CookieTest.java","16413","71172","87585"
"2014-12-10","CookieTest.java","20772","145883","166655"
"2012-04-10","CookieTest.java","8017","11787","19804"
"2014-09-18","CookieTest.java","20581","144552","165133"
"2012-09-07","CookieTest.java","13103","50610","63713"
"2014-05-09","CookieTest.java","20124","134003","154127"
"2013-05-04","EntryLogger.java","12681","101586","114267"
"2014-01-22","EntryLogger.java","14182","115456","129638"
"2014-01-21","EntryLogger.java","14077","114975","129052"
"2012-12-10","EntryLogger.java","9523","58774","68297"
"2012-10-18","EntryLogger.java","8726","46684","55410"
"2013-10-22","EntryLogger.java","13824","110336","124160"
"2015-04-21","EntryLogger.java","15365","134438","149803"
"2013-01-04","EntryLogger.java","10748","65973","76721"
"2012-12-24","EntryLogger.java","10256","64090","74346"
"2015-04-21","EntryLogger.java","15363","134252","149615"
"2012-07-26","EntryLogger.java","4135","13895","18030"
"2011-11-17","DigestManager.java","2969","5310","8279"
"2012-05-25","DigestManager.java","12570","35414","47984"
"2012-07-18","DigestManager.java","13966","48121","62087"
"2012-05-10","DigestManager.java","12253","33843","46096"
"2012-02-13","DigestManager.java","4625","16631","21256"
"2012-12-03","InMemoryMetastoreCursor.java","945","3490","4435"
"2012-12-03","InMemoryMetastoreCursor.java","945","3490","4435"
"2013-04-04","InMemoryMetastoreCursor.java","6399","48532","54931"
"2013-05-04","EntryLogger.java","6070","57017","63087"
"2014-01-22","EntryLogger.java","7953","71269","79222"
"2014-01-21","EntryLogger.java","7840","70780","78620"
"2012-12-10","EntryLogger.java","1951","13244","15195"
"2013-10-22","EntryLogger.java","7432","65986","73418"
"2015-04-21","EntryLogger.java","9665","90780","100445"
"2013-01-04","EntryLogger.java","3833","21100","24933"
"2012-12-24","EntryLogger.java","3180","19056","22236"
"2015-04-21","EntryLogger.java","9667","90598","100265"
"2014-02-05","BookieRecoveryTest.java","3224","9798","13022"
"2014-07-24","BookieRecoveryTest.java","4166","16498","20664"
"2014-07-24","TestMetaStore.java","8858","67263","76121"
"2014-07-24","TestMetaStore.java","8858","67263","76121"
"2014-05-09","BookKeeperClusterTestCase.java","7073","59421","66494"
"2013-01-03","BookKeeperClusterTestCase.java","1615","2811","4426"
"2014-05-23","BookKeeperClusterTestCase.java","7078","59756","66834"
"2013-10-12","BookKeeperClusterTestCase.java","5572","48497","54069"
"2014-02-05","BookKeeperClusterTestCase.java","6786","54980","61766"
"2014-04-24","BookKeeperClusterTestCase.java","7017","58346","65363"
"2014-12-10","BookKeeperClusterTestCase.java","8168","71748","79916"
"2014-07-24","BookKeeperClusterTestCase.java","7530","61482","69012"
"2013-06-15","BookKeeperClusterTestCase.java","4352","44572","48924"
"2013-01-07","BookKeeperClusterTestCase.java","1746","3969","5715"
"2015-10-06","BookKeeperClusterTestCase.java","8806","75878","84684"
"2013-01-09","BookKeeperClusterTestCase.java","2116","4511","6627"
"2013-04-26","LedgerHandle.java","18814","119907","138721"
"2014-05-30","LedgerHandle.java","19841","138933","158774"
"2012-09-12","LedgerHandle.java","13426","55689","69115"
"2014-01-21","LedgerHandle.java","19420","132573","151993"
"2015-04-21","LedgerHandle.java","20288","151725","172013"
"2012-12-28","LedgerHandle.java","17360","83542","100902"
"2012-05-25","LedgerHandle.java","9784","20702","30486"
"2015-10-22","LedgerHandle.java","20491","154155","174646"
"2014-05-30","LedgerHandle.java","19832","138885","158717"
"2012-06-27","LedgerHandle.java","10713","29232","39945"
"2012-05-10","LedgerHandle.java","9353","19017","28370"
"2014-09-18","LedgerHandle.java","20202","148377","168579"
"2014-02-21","LedgerHandle.java","19765","134884","154649"
"2014-12-05","LedgerHandle.java","20210","149029","169239"
"2014-12-09","LedgerHandle.java","20215","149483","169698"
"2012-03-31","LedgerHandle.java","8627","16340","24967"
"2012-09-14","LedgerHandle.java","13504","56002","69506"
"2015-10-06","LedgerHandle.java","20480","153088","173568"
"2012-06-29","LedgerHandle.java","10722","29571","40293"
"2014-01-17","LedgerHandle.java","19366","131623","150989"
"2013-10-14","LedgerHandle.java","19245","128025","147270"
"2015-10-06","LedgerHandle.java","20482","153330","173812"
"2012-08-28","LedgerHandle.java","13282","51961","65243"
"2012-06-19","LedgerHandle.java","10527","23841","34368"
"2014-01-22","EntryLogger.java","1271","6033","7304"
"2014-01-21","EntryLogger.java","1121","5507","6628"
"2015-04-21","EntryLogger.java","4512","27073","31585"
"2015-04-21","EntryLogger.java","4500","26877","31377"
"2014-09-23","CookieTest.java","4205","23776","27981"
"2014-12-10","CookieTest.java","4587","25242","29829"
"2014-09-18","CookieTest.java","4187","23702","27889"
"2014-05-09","CookieTest.java","2849","12272","15121"
"2014-01-15","LedgerDirsManager.java","1574","5521","7095"
"2013-12-02","LedgerDirsManager.java","1485","5088","6573"
"2014-01-21","LedgerDirsManager.java","2004","7496","9500"
"2014-05-09","BookKeeperClusterTestCase.java","3837","15965","19802"
"2014-05-23","BookKeeperClusterTestCase.java","3843","16301","20144"
"2013-10-12","BookKeeperClusterTestCase.java","1526","4231","5757"
"2014-02-05","BookKeeperClusterTestCase.java","3442","11416","14858"
"2014-04-24","BookKeeperClusterTestCase.java","3767","14876","18643"
"2014-12-10","BookKeeperClusterTestCase.java","5462","28822","34284"
"2014-07-24","BookKeeperClusterTestCase.java","4324","18056","22380"
"2015-10-06","BookKeeperClusterTestCase.java","6193","33045","39238"
"2014-07-24","AsyncLedgerOpsTest.java","19016","148315","167331"
"2012-06-19","AsyncLedgerOpsTest.java","11183","34082","45265"
"2014-05-09","BookKeeperClusterTestCase.java","5852","55977","61829"
"2014-05-23","BookKeeperClusterTestCase.java","5858","56313","62171"
"2013-10-12","BookKeeperClusterTestCase.java","4239","44941","49180"
"2014-02-05","BookKeeperClusterTestCase.java","5529","51500","57029"
"2014-04-24","BookKeeperClusterTestCase.java","5789","54895","60684"
"2014-12-10","BookKeeperClusterTestCase.java","6964","68321","75285"
"2014-07-24","BookKeeperClusterTestCase.java","6314","58043","64357"
"2013-06-15","BookKeeperClusterTestCase.java","2931","40928","43859"
"2015-10-06","BookKeeperClusterTestCase.java","7660","72509","80169"
"2013-01-09","BookKeeperClusterTestCase.java","422","594","1016"
"2013-04-04","InMemoryMetastoreCursor.java","5487","45075","50562"
"2013-04-04","InMemoryMetastoreCursor.java","5487","45075","50562"
"2014-05-30","LedgerHandle.java","2167","9002","11169"
"2014-01-21","LedgerHandle.java","326","1222","1548"
"2015-04-21","LedgerHandle.java","3968","23148","27116"
"2015-10-22","LedgerHandle.java","4743","26150","30893"
"2014-05-30","LedgerHandle.java","2147","8943","11090"
"2014-09-18","LedgerHandle.java","3405","19323","22728"
"2014-02-21","LedgerHandle.java","1688","4550","6238"
"2014-12-05","LedgerHandle.java","3503","20065","23568"
"2014-12-09","LedgerHandle.java","3552","20563","24115"
"2015-10-06","LedgerHandle.java","4712","25063","29775"
"2015-10-06","LedgerHandle.java","4715","25306","30021"
"2014-12-10","CookieTest.java","458","1542","2000"
"2013-05-04","EntryLogger.java","13341","105416","118757"
"2014-01-22","EntryLogger.java","14763","119207","133970"
"2014-01-21","EntryLogger.java","14668","118736","133404"
"2012-12-10","EntryLogger.java","10279","62700","72979"
"2012-06-13","EntryLogger.java","1011","4181","5192"
"2012-10-18","EntryLogger.java","9511","50639","60150"
"2013-10-22","EntryLogger.java","14441","114123","128564"
"2012-05-10","EntryLogger.java","393","679","1072"
"2015-04-21","EntryLogger.java","15886","138129","154015"
"2013-01-04","EntryLogger.java","11475","69870","81345"
"2012-12-24","EntryLogger.java","10991","67995","78986"
"2012-05-17","EntryLogger.java","768","2109","2877"
"2015-04-21","EntryLogger.java","15884","137943","153827"
"2012-07-26","EntryLogger.java","5101","18031","23132"
"2012-07-18","DigestManager.java","4210","15521","19731"
"2013-10-12","CookieTest.java","7828","57525","65353"
"2014-09-23","CookieTest.java","9852","79120","88972"
"2014-12-10","CookieTest.java","10150","80502","90652"
"2014-09-18","CookieTest.java","9834","79046","88880"
"2014-05-09","CookieTest.java","9129","68249","77378"
"2014-05-09","BookKeeperClusterTestCase.java","11281","87128","98409"
"2013-01-03","BookKeeperClusterTestCase.java","6808","31503","38311"
"2014-05-23","BookKeeperClusterTestCase.java","11279","87456","98735"
"2012-12-13","BookKeeperClusterTestCase.java","5243","26074","31317"
"2012-12-12","BookKeeperClusterTestCase.java","5077","25667","30744"
"2013-10-12","BookKeeperClusterTestCase.java","10109","76533","86642"
"2014-02-05","BookKeeperClusterTestCase.java","11112","82805","93917"
"2014-04-24","BookKeeperClusterTestCase.java","11229","86057","97286"
"2014-12-10","BookKeeperClusterTestCase.java","12235","99314","111549"
"2014-07-24","BookKeeperClusterTestCase.java","11666","89117","100783"
"2012-12-18","BookKeeperClusterTestCase.java","5533","29032","34565"
"2013-06-15","BookKeeperClusterTestCase.java","9161","72880","82041"
"2013-01-07","BookKeeperClusterTestCase.java","6921","32643","39564"
"2015-10-06","BookKeeperClusterTestCase.java","12665","103236","115901"
"2013-01-09","BookKeeperClusterTestCase.java","7226","33120","40346"
"2013-04-26","LedgerHandle.java","18721","119734","138455"
"2014-05-30","LedgerHandle.java","19758","138770","158528"
"2012-09-12","LedgerHandle.java","13319","55502","68821"
"2014-01-21","LedgerHandle.java","19329","132402","151731"
"2015-04-21","LedgerHandle.java","20217","151574","171791"
"2012-12-28","LedgerHandle.java","17256","83358","100614"
"2012-05-25","LedgerHandle.java","9682","20520","30202"
"2015-10-22","LedgerHandle.java","20421","154005","174426"
"2014-05-30","LedgerHandle.java","19745","138718","158463"
"2012-06-27","LedgerHandle.java","10611","29050","39661"
"2012-05-10","LedgerHandle.java","9250","18834","28084"
"2014-09-18","LedgerHandle.java","20119","148214","168333"
"2014-02-21","LedgerHandle.java","19675","134714","154389"
"2014-12-05","LedgerHandle.java","20127","148866","168993"
"2014-12-09","LedgerHandle.java","20144","149332","169476"
"2012-03-31","LedgerHandle.java","8513","16146","24659"
"2012-09-14","LedgerHandle.java","13397","55815","69212"
"2015-10-06","LedgerHandle.java","20410","152938","173348"
"2012-06-29","LedgerHandle.java","10620","29389","40009"
"2014-01-17","LedgerHandle.java","19275","131452","150727"
"2013-10-14","LedgerHandle.java","19154","127854","147008"
"2015-10-06","LedgerHandle.java","20412","153180","173592"
"2012-08-28","LedgerHandle.java","13179","51778","64957"
"2012-06-19","LedgerHandle.java","10425","23659","34084"
"2013-10-12","CookieTest.java","14460","115146","129606"
"2014-09-23","CookieTest.java","15740","135997","151737"
"2012-11-23","CookieTest.java","10330","61319","71649"
"2014-12-10","CookieTest.java","15926","137267","153193"
"2014-09-18","CookieTest.java","15723","135924","151647"
"2012-09-07","CookieTest.java","6890","40627","47517"
"2014-05-09","CookieTest.java","15252","125361","140613"
"2013-05-04","EntryLogger.java","18727","120088","138815"
"2012-03-16","EntryLogger.java","7520","13103","20623"
"2014-01-22","EntryLogger.java","19397","133127","152524"
"2012-05-07","EntryLogger.java","8963","17825","26788"
"2014-01-21","EntryLogger.java","19327","132681","152008"
"2012-12-10","EntryLogger.java","16634","78341","94975"
"2012-03-08","EntryLogger.java","453","2291","2744"
"2012-06-13","EntryLogger.java","9733","22189","31922"
"2012-10-18","EntryLogger.java","16104","66518","82622"
"2013-10-22","EntryLogger.java","19146","128114","147260"
"2012-05-09","EntryLogger.java","8976","18262","27238"
"2012-05-10","EntryLogger.java","9238","18810","28048"
"2015-04-21","EntryLogger.java","20209","151738","171947"
"2013-01-04","EntryLogger.java","17369","85050","102419"
"2012-12-24","EntryLogger.java","17102","83392","100494"
"2012-05-17","EntryLogger.java","9603","20230","29833"
"2015-04-21","EntryLogger.java","20208","151553","171761"
"2012-07-26","EntryLogger.java","12171","34387","46558"
"2013-10-12","Bookie.java","1345","2865","4210"
"2014-08-18","Bookie.java","4899","25366","30265"
"2014-09-23","Bookie.java","5027","26118","31145"
"2013-12-06","Bookie.java","1776","6318","8094"
"2014-01-21","Bookie.java","2272","8551","10823"
"2013-10-22","Bookie.java","1695","3982","5677"
"2013-12-02","Bookie.java","1758","6148","7906"
"2014-02-05","Bookie.java","3275","10064","13339"
"2014-05-09","Bookie.java","3717","14660","18377"
"2013-10-02","Bookie.java","298","1085","1383"
"2014-04-29","Bookie.java","3699","14001","17700"
"2013-09-11","Bookie.java","244","830","1074"
"2014-02-06","Bookie.java","3280","10077","13357"
"2015-03-18","Bookie.java","5420","29568","34988"
"2015-04-21","Bookie.java","5422","29672","35094"
"2014-05-09","BookKeeperClusterTestCase.java","15227","125624","140851"
"2013-01-03","BookKeeperClusterTestCase.java","11824","71069","82893"
"2014-05-23","BookKeeperClusterTestCase.java","15227","125954","141181"
"2012-12-13","BookKeeperClusterTestCase.java","10844","66225","77069"
"2012-12-12","BookKeeperClusterTestCase.java","10678","65818","76496"
"2013-10-12","BookKeeperClusterTestCase.java","14464","115438","129902"
"2014-02-05","BookKeeperClusterTestCase.java","15124","121367","136491"
"2014-04-24","BookKeeperClusterTestCase.java","15192","124570","139762"
"2014-12-10","BookKeeperClusterTestCase.java","15891","137520","153411"
"2014-07-24","BookKeeperClusterTestCase.java","15496","127497","142993"
"2012-12-18","BookKeeperClusterTestCase.java","10907","68956","79863"
"2013-06-15","BookKeeperClusterTestCase.java","13651","111920","125571"
"2013-01-07","BookKeeperClusterTestCase.java","11886","72158","84044"
"2012-09-12","BookKeeperClusterTestCase.java","7052","41602","48654"
"2015-10-06","BookKeeperClusterTestCase.java","16156","141277","157433"
"2013-01-09","BookKeeperClusterTestCase.java","12149","72593","84742"
"2012-08-14","ReplicationException.java","596","8140","8736"
"2012-08-27","ReplicationException.java","1311","14746","16057"
"2014-04-24","ReplicationException.java","11298","106016","117314"
"2013-10-29","ClientConfiguration.java","18801","132297","151098"
"2013-06-12","ClientConfiguration.java","18531","127992","146523"
"2014-05-27","ClientConfiguration.java","19262","141839","161101"
"2015-10-06","ClientConfiguration.java","19861","156375","176236"
"2013-02-08","ClientConfiguration.java","17370","121210","138580"
"2014-12-06","ClientConfiguration.java","19640","152639","172279"
"2012-09-12","ClientConfiguration.java","13113","59282","72395"
"2012-04-20","ClientConfiguration.java","9028","21657","30685"
"2015-10-06","ClientConfiguration.java","19863","156603","176466"
"2014-09-18","ClientConfiguration.java","19628","151709","171337"
"2012-12-03","ClientConfiguration.java","16153","81861","98014"
"2012-12-13","ClientConfiguration.java","16511","84041","100552"
"2013-10-29","ClientConfiguration.java","10352","77679","88031"
"2013-06-12","ClientConfiguration.java","9141","72433","81574"
"2014-05-27","ClientConfiguration.java","11314","87722","99036"
"2015-10-06","ClientConfiguration.java","12662","103007","115669"
"2013-02-08","ClientConfiguration.java","7585","65256","72841"
"2014-12-06","ClientConfiguration.java","12009","98839","110848"
"2015-10-06","ClientConfiguration.java","12665","103236","115901"
"2014-09-18","ClientConfiguration.java","11899","97811","109710"
"2012-12-03","ClientConfiguration.java","4797","24336","29133"
"2012-12-13","ClientConfiguration.java","5258","26619","31877"
"2014-09-23","CookieTest.java","43","99","142"
"2014-12-10","CookieTest.java","497","1637","2134"
"2012-05-25","DigestManager.java","498","1752","2250"
"2012-07-18","DigestManager.java","4693","17258","21951"
"2012-05-25","DigestManager.java","9682","20520","30202"
"2012-07-18","DigestManager.java","12140","34289","46429"
"2012-05-10","DigestManager.java","9250","18834","28084"
"2012-08-27","ReplicationException.java","802","6693","7495"
"2014-04-24","ReplicationException.java","11090","98264","109354"
"2013-10-29","ClientConfiguration.java","14532","115399","129931"
"2013-06-12","ClientConfiguration.java","13492","110324","123816"
"2014-05-27","ClientConfiguration.java","15176","125124","140300"
"2015-10-06","ClientConfiguration.java","16092","139977","156069"
"2013-02-08","ClientConfiguration.java","12087","103298","115385"
"2014-12-06","ClientConfiguration.java","15664","136034","151698"
"2012-09-12","ClientConfiguration.java","6655","40195","46850"
"2015-10-06","ClientConfiguration.java","16093","140204","156297"
"2014-09-18","ClientConfiguration.java","15599","135051","150650"
"2012-12-03","ClientConfiguration.java","10105","63184","73289"
"2012-12-13","ClientConfiguration.java","10510","65411","75921"
"2013-10-22","LedgerEntryPage.java","13959","112495","126454"
"2012-05-25","LedgerEntryPage.java","10523","29738","40261"
"2013-10-22","LedgerEntryPage.java","18334","136085","154419"
"2012-05-10","LedgerEntryPage.java","10188","28149","38337"
"2011-11-18","BookieClientTest.java","3592","7221","10813"
"2013-10-12","BookieClientTest.java","18908","139521","158429"
"2011-11-16","BookieClientTest.java","2735","4433","7168"
"2014-07-24","BookieClientTest.java","19365","151005","170370"
"2011-10-27","BookieClientTest.java","147","598","745"
"2014-12-10","BookieClientTest.java","19422","160690","180112"
"2015-10-06","BookieClientTest.java","19469","164003","183472"
"2014-02-05","BookieClientTest.java","19159","145041","164200"
"2012-01-13","BookieClientTest.java","4405","12077","16482"
"2014-07-25","BookieClientTest.java","19399","156861","176260"
"2012-12-03","InMemoryMetastoreTable.java","945","3490","4435"
"2012-12-03","InMemoryMetastoreTable.java","945","3490","4435"
"2014-05-12","InMemoryMetastoreTable.java","9324","68988","78312"
"2013-10-02","InMemoryMetastoreTable.java","7168","56252","63420"
"2014-05-09","BookKeeperClusterTestCase.java","5520","55473","60993"
"2014-05-23","BookKeeperClusterTestCase.java","5526","55809","61335"
"2013-10-12","BookKeeperClusterTestCase.java","3899","44429","48328"
"2014-02-05","BookKeeperClusterTestCase.java","5196","50995","56191"
"2014-04-24","BookKeeperClusterTestCase.java","5457","54391","59848"
"2014-12-10","BookKeeperClusterTestCase.java","6639","67824","74463"
"2014-07-24","BookKeeperClusterTestCase.java","5987","57544","63531"
"2013-06-15","BookKeeperClusterTestCase.java","2586","40411","42997"
"2015-10-06","BookKeeperClusterTestCase.java","7335","72012","79347"
"2012-03-13","BookieException.java","4997","21154","26151"
"2011-11-16","BookieException.java","2735","4433","7168"
"2013-02-08","BookieException.java","17898","129758","147656"
"2012-05-10","BookieException.java","12253","33843","46096"
"2012-09-07","BookieException.java","14480","68144","82624"
"2013-10-12","BookieClientTest.java","18238","135222","153460"
"2014-07-24","BookieClientTest.java","18947","146958","165905"
"2014-12-10","BookieClientTest.java","19127","156766","175893"
"2015-10-06","BookieClientTest.java","19214","160119","179333"
"2014-02-05","BookieClientTest.java","18694","140947","159641"
"2012-01-13","BookieClientTest.java","1183","5226","6409"
"2014-07-25","BookieClientTest.java","19101","152934","172035"
"2014-07-24","BookieClientTest.java","3366","14393","17759"
"2014-12-10","BookieClientTest.java","4587","25242","29829"
"2015-10-06","BookieClientTest.java","5381","29302","34683"
"2014-02-05","BookieClientTest.java","2368","7637","10005"
"2014-07-25","BookieClientTest.java","3674","20523","24197"
"2011-11-18","BookieClientTest.java","939","2870","3809"
"2013-10-12","BookieClientTest.java","18094","137009","155103"
"2014-07-24","BookieClientTest.java","18739","148681","167420"
"2014-12-10","BookieClientTest.java","18915","158485","177400"
"2015-10-06","BookieClientTest.java","18962","161798","180760"
"2014-02-05","BookieClientTest.java","18498","142682","161180"
"2012-01-13","BookieClientTest.java","2014","7988","10002"
"2014-07-25","BookieClientTest.java","18889","154653","173542"
"2012-05-25","LedgerEntryPage.java","12570","35414","47984"
"2011-11-18","LedgerEntryPage.java","3592","7221","10813"
"2013-10-22","LedgerEntryPage.java","18973","140353","159326"
"2012-05-10","LedgerEntryPage.java","12253","33843","46096"
"2012-12-04","BookieRecoveryTest.java","16561","78282","94843"
"2012-07-18","BookieRecoveryTest.java","12140","34289","46429"
"2012-12-12","BookieRecoveryTest.java","16659","79432","96091"
"2014-02-05","BookieRecoveryTest.java","19635","133511","153146"
"2014-07-24","BookieRecoveryTest.java","19972","139606","159578"
"2012-06-19","BookieRecoveryTest.java","10425","23659","34084"
"2012-12-10","BookieRecoveryTest.java","16643","78366","95009"
"2012-03-31","BookieRecoveryTest.java","8513","16146","24659"
"2013-08-13","BookieRecoveryTest.java","18965","126267","145232"
"2012-09-12","BookieRecoveryTest.java","13319","55502","68821"
"2013-02-08","MacDigestManager.java","17429","120472","137901"
"2014-12-10","BookieClientTest.java","1949","11577","13526"
"2015-10-06","BookieClientTest.java","2948","15842","18790"
"2014-07-25","BookieClientTest.java","622","6444","7066"
"2014-05-12","InMemoryMetastoreTable.java","8451","65570","74021"
"2013-10-02","InMemoryMetastoreTable.java","6268","52807","59075"
"2014-05-12","InMemoryMetastoreTable.java","8451","65570","74021"
"2013-10-02","InMemoryMetastoreTable.java","6268","52807","59075"
"2012-03-31","FlatLedgerManager.java","9292","22117","31409"
"2012-12-24","FlatLedgerManager.java","17146","88859","106005"
"2013-04-04","FlatLedgerManager.java","18700","125150","143850"
"2013-05-04","EntryLogger.java","13066","104855","117921"
"2014-01-22","EntryLogger.java","14501","118659","133160"
"2014-01-21","EntryLogger.java","14396","118178","132574"
"2012-12-10","EntryLogger.java","9953","62088","72041"
"2012-06-13","EntryLogger.java","662","3546","4208"
"2012-10-18","EntryLogger.java","9185","50027","59212"
"2013-10-22","EntryLogger.java","14169","113565","127734"
"2015-04-21","EntryLogger.java","15631","137588","153219"
"2013-01-04","EntryLogger.java","11165","69274","80439"
"2012-12-24","EntryLogger.java","10673","67391","78064"
"2012-05-17","EntryLogger.java","416","1471","1887"
"2015-04-21","EntryLogger.java","15629","137402","153031"
"2012-07-26","EntryLogger.java","4754","17398","22152"
"2013-02-08","BookieException.java","17954","113657","131611"
"2012-05-10","BookieException.java","8924","14357","23281"
"2012-09-07","BookieException.java","13103","50610","63713"
"2014-04-24","ReplicationException.java","11094","92377","103471"
"2011-11-18","BookieClientTest.java","3477","6655","10132"
"2013-10-12","BookieClientTest.java","18974","139136","158110"
"2011-11-16","BookieClientTest.java","2605","3852","6457"
"2014-07-24","BookieClientTest.java","19476","150665","170141"
"2014-12-10","BookieClientTest.java","19633","160450","180083"
"2015-10-06","BookieClientTest.java","19680","163763","183443"
"2014-02-05","BookieClientTest.java","19260","144691","163951"
"2012-01-13","BookieClientTest.java","4306","11527","15833"
"2014-07-25","BookieClientTest.java","19607","156618","176225"
"2014-02-05","TestRackawareEnsemblePlacementPolicy.java","3436","11215","14651"
"2015-10-06","BookieClientTest.java","1219","4485","5704"
"2013-06-12","LedgerRecoveryTest.java","18830","136311","155141"
"2012-12-13","LedgerRecoveryTest.java","17296","92316","109612"
"2013-01-07","LedgerRecoveryTest.java","17622","97533","115155"
"2013-03-25","LedgerRecoveryTest.java","18737","131393","150130"
"2014-02-05","LedgerRecoveryTest.java","19159","145041","164200"
"2011-11-17","LedgerRecoveryTest.java","2969","5310","8279"
"2011-11-04","LedgerRecoveryTest.java","2094","2044","4138"
"2012-01-17","LedgerRecoveryTest.java","4405","12129","16534"
"2012-02-13","LedgerRecoveryTest.java","4625","16631","21256"
"2012-03-13","BookieException.java","2832","17291","20123"
"2013-02-08","BookieException.java","16880","127042","143922"
"2012-05-10","BookieException.java","10538","30430","40968"
"2012-09-07","BookieException.java","13332","65298","78630"
"2012-12-24","FlatLedgerManager.java","11231","70119","81350"
"2013-04-04","FlatLedgerManager.java","13351","106976","120327"
"2013-06-12","LedgerRecoveryTest.java","4600","47061","51661"
"2013-01-07","LedgerRecoveryTest.java","2060","6951","9011"
"2013-03-25","LedgerRecoveryTest.java","4103","41739","45842"
"2014-02-05","LedgerRecoveryTest.java","6987","57849","64836"
"2013-06-12","LedgerRecoveryTest.java","2879","40449","43328"
"2013-03-25","LedgerRecoveryTest.java","2242","34987","37229"
"2014-02-05","LedgerRecoveryTest.java","5529","51500","57029"
"2014-02-21","BookKeeper.java","5362","51886","57248"
"2013-05-06","BookKeeper.java","2147","35105","37252"
"2015-09-15","BookKeeper.java","7371","71060","78431"
"2013-06-12","BookKeeper.java","2436","39396","41832"
"2013-10-02","BookKeeper.java","2853","42106","44959"
"2014-01-21","BookKeeper.java","4327","48885","53212"
"2014-02-06","BookKeeper.java","5201","50566","55767"
"2015-07-10","BookKeeper.java","6963","70350","77313"
"2013-09-10","BookKeeper.java","2799","41918","44717"
"2015-10-22","BookKeeper.java","7404","72473","79877"
"2012-02-01","MacDigestManager.java","4463","13280","17743"
"2013-02-08","MacDigestManager.java","17898","129758","147656"
"2013-06-12","LedgerRecoveryTest.java","693","5518","6211"
"2014-02-05","LedgerRecoveryTest.java","3809","17035","20844"
"2013-06-12","LedgerRecoveryTest.java","18220","133360","151580"
"2012-12-13","LedgerRecoveryTest.java","16447","89126","105573"
"2013-01-07","LedgerRecoveryTest.java","16809","94379","111188"
"2013-03-25","LedgerRecoveryTest.java","18019","128334","146353"
"2014-02-05","LedgerRecoveryTest.java","18772","142313","161085"
"2012-01-17","LedgerRecoveryTest.java","1850","7233","9083"
"2012-02-13","LedgerRecoveryTest.java","2237","11902","14139"
"2013-05-04","EntryLogger.java","18739","132118","150857"
"2012-03-16","EntryLogger.java","11321","28922","40243"
"2014-01-22","EntryLogger.java","19065","144813","163878"
"2012-05-07","EntryLogger.java","12010","32890","44900"
"2011-11-17","EntryLogger.java","2969","5310","8279"
"2014-01-21","EntryLogger.java","18998","144370","163368"
"2012-12-10","EntryLogger.java","17197","90922","108119"
"2012-03-08","EntryLogger.java","4874","18730","23604"
"2012-06-13","EntryLogger.java","12599","37073","49672"
"2012-10-18","EntryLogger.java","16852","79284","96136"
"2013-10-22","EntryLogger.java","18919","139905","158824"
"2012-05-09","EntryLogger.java","12018","33322","45340"
"2012-02-15","EntryLogger.java","4626","16644","21270"
"2012-05-10","EntryLogger.java","12253","33843","46096"
"2011-12-16","EntryLogger.java","4277","11115","15392"
"2015-04-21","EntryLogger.java","19430","162977","182407"
"2013-01-04","EntryLogger.java","17610","97309","114919"
"2012-12-24","EntryLogger.java","17395","95703","113098"
"2012-05-17","EntryLogger.java","12540","35185","47725"
"2015-04-21","EntryLogger.java","19430","162793","182223"
"2011-11-11","EntryLogger.java","2245","2938","5183"
"2012-07-26","EntryLogger.java","13989","48223","62212"
"2012-07-23","BookKeeper.java","3348","12331","15679"
"2014-02-21","BookKeeper.java","14125","115930","130055"
"2013-05-06","BookKeeper.java","12215","100454","112669"
"2015-09-15","BookKeeper.java","15234","134204","149438"
"2013-06-12","BookKeeper.java","12389","104630","117019"
"2013-10-02","BookKeeper.java","12547","107081","119628"
"2014-01-21","BookKeeper.java","13620","113459","127079"
"2014-02-06","BookKeeper.java","14036","114682","128718"
"2015-07-10","BookKeeper.java","15034","133702","148736"
"2012-09-12","BookKeeper.java","4963","33912","38875"
"2013-09-10","BookKeeper.java","12510","106910","119420"
"2015-10-22","BookKeeper.java","15245","135595","150840"
"2013-01-10","BookKeeper.java","10695","65976","76671"
"2012-05-25","LedgerEntryPage.java","498","1752","2250"
"2013-10-22","LedgerEntryPage.java","14264","114054","128318"
"2014-02-05","TestReadTimeout.java","19182","137044","156226"
"2012-03-15","TestReadTimeout.java","7788","17260","25048"
"2013-10-29","TestReadTimeout.java","18801","132297","151098"
"2012-09-12","TestReadTimeout.java","13113","59282","72395"
"2012-05-10","BookKeeperAdmin.java","11494","32606","44100"
"2011-11-15","BookKeeperAdmin.java","1566","2051","3617"
"2014-02-21","BookKeeperAdmin.java","18870","145437","164307"
"2012-03-31","BookKeeperAdmin.java","11072","30233","41305"
"2011-11-16","BookKeeperAdmin.java","1661","2881","4542"
"2012-10-05","BookKeeperAdmin.java","15800","74589","90389"
"2012-11-30","BookKeeperAdmin.java","16594","89160","105754"
"2012-09-03","BookKeeperAdmin.java","13965","65685","79650"
"2013-05-10","BookKeeperAdmin.java","18311","131542","149853"
"2014-04-24","BookKeeperAdmin.java","18875","147414","166289"
"2012-08-19","BookKeeperAdmin.java","13803","59664","73467"
"2011-11-28","BookKeeperAdmin.java","2895","8790","11685"
"2012-09-07","BookKeeperAdmin.java","13983","67169","81152"
"2013-02-08","BookKeeperAdmin.java","17427","128809","146236"
"2014-02-05","BookKeeperAdmin.java","18838","144242","163080"
"2011-11-18","BookKeeperAdmin.java","2545","5696","8241"
"2014-09-06","BookKeeperAdmin.java","19185","158673","177858"
"2012-08-24","BookKeeperAdmin.java","13805","60558","74363"
"2014-12-06","BookKeeperAdmin.java","19202","159827","179029"
"2013-02-26","BookKeeperAdmin.java","18129","129539","147668"
"2013-08-21","BookKeeperAdmin.java","18477","137583","156060"
"2012-07-18","BookKeeperAdmin.java","13312","46989","60301"
"2014-07-25","DefaultPerChannelBookieClientPool.java","1139","8004","9143"
"2013-02-08","BookieException.java","11785","102055","113840"
"2012-09-07","BookieException.java","6130","38204","44334"
"2015-04-21","ReplicationWorker.java","966","4211","5177"
"2015-10-06","ClientConfiguration.java","1849","6282","8131"
"2014-12-06","ClientConfiguration.java","277","1195","1472"
"2015-10-06","ClientConfiguration.java","1855","6514","8369"
"2014-07-24","BookieClientTest.java","1183","6941","8124"
"2014-12-10","BookieClientTest.java","2838","18224","21062"
"2015-10-06","BookieClientTest.java","3740","22392","26132"
"2014-07-25","BookieClientTest.java","1736","13316","15052"
"2014-02-21","BookKeeperAdmin.java","10780","91486","102266"
"2012-10-05","BookKeeperAdmin.java","3417","16345","19762"
"2012-11-30","BookKeeperAdmin.java","4926","31631","36557"
"2012-09-03","BookKeeperAdmin.java","426","6285","6711"
"2013-05-10","BookKeeperAdmin.java","8710","76080","84790"
"2014-04-24","BookKeeperAdmin.java","10802","93480","104282"
"2012-09-07","BookKeeperAdmin.java","597","7922","8519"
"2013-02-08","BookKeeperAdmin.java","7341","72862","80203"
"2014-02-05","BookKeeperAdmin.java","10685","90228","100913"
"2014-09-06","BookKeeperAdmin.java","11366","104993","116359"
"2012-08-24","BookKeeperAdmin.java","31","923","954"
"2014-12-06","BookKeeperAdmin.java","11451","106215","117666"
"2013-02-26","BookKeeperAdmin.java","8194","73743","81937"
"2013-08-21","BookKeeperAdmin.java","8962","82207","91169"
"2013-04-26","LedgerHandle.java","18282","123577","141859"
"2014-05-30","LedgerHandle.java","19199","142493","161692"
"2012-09-12","LedgerHandle.java","13070","59535","72605"
"2014-01-21","LedgerHandle.java","18826","136181","155007"
"2015-04-21","LedgerHandle.java","19607","155246","174853"
"2012-12-28","LedgerHandle.java","16894","87278","104172"
"2012-05-25","LedgerHandle.java","9732","24852","34584"
"2015-10-22","LedgerHandle.java","19804","157670","177474"
"2014-05-30","LedgerHandle.java","19197","142452","161649"
"2012-06-27","LedgerHandle.java","10603","33324","43927"
"2012-05-10","LedgerHandle.java","9335","23201","32536"
"2014-09-18","LedgerHandle.java","19563","151940","171503"
"2014-02-21","LedgerHandle.java","19156","138477","157633"
"2014-12-05","LedgerHandle.java","19570","152591","172161"
"2014-12-09","LedgerHandle.java","19575","153045","172620"
"2012-03-31","LedgerHandle.java","8656","20571","29227"
"2012-02-01","LedgerHandle.java","77","1170","1247"
"2012-09-14","LedgerHandle.java","13148","59848","72996"
"2015-10-06","LedgerHandle.java","19793","156603","176396"
"2012-06-29","LedgerHandle.java","10612","33663","44275"
"2012-02-13","LedgerHandle.java","296","4498","4794"
"2014-01-17","LedgerHandle.java","18784","135243","154027"
"2012-02-13","LedgerHandle.java","426","4708","5134"
"2013-10-14","LedgerHandle.java","18673","131655","150328"
"2015-10-06","LedgerHandle.java","19795","156845","176640"
"2012-08-28","LedgerHandle.java","12928","55809","68737"
"2012-06-19","LedgerHandle.java","10418","27934","38352"
"2013-04-04","FlatLedgerManager.java","3159","37896","41055"
"2012-05-10","BookKeeperAdmin.java","9997","25214","35211"
"2014-02-21","BookKeeperAdmin.java","19558","140230","159788"
"2012-03-31","BookKeeperAdmin.java","9341","22607","31948"
"2012-10-05","BookKeeperAdmin.java","15762","68656","84418"
"2012-11-30","BookKeeperAdmin.java","16599","83270","99869"
"2012-09-03","BookKeeperAdmin.java","13513","59338","72851"
"2013-05-10","BookKeeperAdmin.java","18740","126076","144816"
"2014-04-24","BookKeeperAdmin.java","19566","142210","161776"
"2012-08-19","BookKeeperAdmin.java","13332","53298","66630"
"2012-09-07","BookKeeperAdmin.java","13543","60834","74377"
"2013-02-08","BookKeeperAdmin.java","17756","123243","140999"
"2014-02-05","BookKeeperAdmin.java","19520","139029","158549"
"2014-09-06","BookKeeperAdmin.java","19961","153554","173515"
"2012-08-24","BookKeeperAdmin.java","13330","54188","67518"
"2014-12-06","BookKeeperAdmin.java","19978","154708","174686"
"2013-02-26","BookKeeperAdmin.java","18505","124020","142525"
"2013-08-21","BookKeeperAdmin.java","18946","132157","151103"
"2012-07-18","BookKeeperAdmin.java","12704","40486","53190"
"2014-02-21","BookKeeperAdmin.java","11282","84663","95945"
"2012-10-05","BookKeeperAdmin.java","3265","8868","12133"
"2012-11-30","BookKeeperAdmin.java","4922","24302","29224"
"2013-05-10","BookKeeperAdmin.java","9075","69120","78195"
"2014-04-24","BookKeeperAdmin.java","11301","86654","97955"
"2013-02-08","BookKeeperAdmin.java","7684","65880","73564"
"2014-02-05","BookKeeperAdmin.java","11186","83404","94590"
"2014-09-06","BookKeeperAdmin.java","11928","98230","110158"
"2014-12-06","BookKeeperAdmin.java","12069","99508","111577"
"2013-02-26","BookKeeperAdmin.java","8537","66761","75298"
"2013-08-21","BookKeeperAdmin.java","9361","75281","84642"
"2012-12-18","ReplicationWorker.java","5596","36053","41649"
"2012-10-04","ReplicationWorker.java","3457","15260","18717"
"2013-01-03","ReplicationWorker.java","6804","38457","45261"
"2014-09-06","ReplicationWorker.java","11614","104481","116095"
"2012-09-12","ReplicationWorker.java","873","8025","8898"
"2013-12-06","ReplicationWorker.java","10221","86625","96846"
"2014-02-05","ReplicationWorker.java","10911","89562","100473"
"2013-10-02","ReplicationWorker.java","9186","81645","90831"
"2015-04-21","ReplicationWorker.java","11927","108039","119966"
"2014-04-24","ReplicationWorker.java","11028","92814","103842"
"2013-05-04","EntryLogger.java","18284","124825","143109"
"2012-03-16","EntryLogger.java","7943","18706","26649"
"2014-01-22","EntryLogger.java","18891","137801","156692"
"2012-05-07","EntryLogger.java","9197","23239","32436"
"2014-01-21","EntryLogger.java","18821","137355","156176"
"2012-12-10","EntryLogger.java","16337","83224","99561"
"2012-03-08","EntryLogger.java","1018","8036","9054"
"2012-06-13","EntryLogger.java","9902","27538","37440"
"2012-10-18","EntryLogger.java","15910","71504","87414"
"2013-10-22","EntryLogger.java","18662","132810","151472"
"2012-05-09","EntryLogger.java","9208","23674","32882"
"2012-02-15","EntryLogger.java","617","5797","6414"
"2012-05-10","EntryLogger.java","9466","24218","33684"
"2015-04-21","EntryLogger.java","19590","156299","175889"
"2013-01-04","EntryLogger.java","17006","89867","106873"
"2012-12-24","EntryLogger.java","16756","88226","104982"
"2012-05-17","EntryLogger.java","9787","25594","35381"
"2015-04-21","EntryLogger.java","19589","156114","175703"
"2012-07-26","EntryLogger.java","12270","39666","51936"
"2014-02-21","BookKeeperAdmin.java","5008","20193","25201"
"2013-05-10","BookKeeperAdmin.java","1848","3697","5545"
"2014-04-24","BookKeeperAdmin.java","5137","22294","27431"
"2014-02-05","BookKeeperAdmin.java","4847","18869","23716"
"2014-09-06","BookKeeperAdmin.java","5900","34006","39906"
"2014-12-06","BookKeeperAdmin.java","6089","35332","41421"
"2013-02-26","BookKeeperAdmin.java","991","1019","2010"
"2013-08-21","BookKeeperAdmin.java","2342","10066","12408"
"2012-12-18","ReplicationWorker.java","5425","28730","34155"
"2012-10-04","ReplicationWorker.java","2901","7552","10453"
"2013-01-03","ReplicationWorker.java","6701","31202","37903"
"2014-09-06","ReplicationWorker.java","11801","97516","109317"
"2013-12-06","ReplicationWorker.java","10261","79513","89774"
"2014-02-05","ReplicationWorker.java","11016","82515","93531"
"2013-10-02","ReplicationWorker.java","9215","74522","83737"
"2015-04-21","ReplicationWorker.java","12180","101140","113320"
"2014-04-24","ReplicationWorker.java","11136","85770","96906"
"2014-09-06","ReplicationWorker.java","3460","19923","23383"
"2014-02-05","ReplicationWorker.java","1608","3855","5463"
"2015-04-21","ReplicationWorker.java","4036","23744","27780"
"2014-04-24","ReplicationWorker.java","2010","7392","9402"
"2013-10-12","BookieClientTest.java","18583","131524","150107"
"2014-07-24","BookieClientTest.java","19368","143336","162704"
"2014-12-10","BookieClientTest.java","19552","153148","172700"
"2015-10-06","BookieClientTest.java","19748","156610","176358"
"2014-02-05","BookieClientTest.java","19072","137282","156354"
"2014-07-25","BookieClientTest.java","19510","149300","168810"
"2014-02-21","BookKeeperAdmin.java","201","1364","1565"
"2014-04-24","BookKeeperAdmin.java","422","3557","3979"
"2014-09-06","BookKeeperAdmin.java","2165","16249","18414"
"2014-12-06","BookKeeperAdmin.java","2510","17731","20241"
"2014-05-30","LedgerHandle.java","2838","13150","15988"
"2014-01-21","LedgerHandle.java","1112","5485","6597"
"2015-04-21","LedgerHandle.java","4534","27191","31725"
"2015-10-22","LedgerHandle.java","5304","30188","35492"
"2014-05-30","LedgerHandle.java","2818","13091","15909"
"2014-09-18","LedgerHandle.java","4035","23430","27465"
"2014-02-21","LedgerHandle.java","2441","8780","11221"
"2014-12-05","LedgerHandle.java","4123","24162","28285"
"2014-12-09","LedgerHandle.java","4167","24655","28822"
"2015-10-06","LedgerHandle.java","5273","29101","34374"
"2014-01-17","LedgerHandle.java","796","4273","5069"
"2015-10-06","LedgerHandle.java","5276","29344","34620"
"2014-02-05","TestReadTimeout.java","14988","123378","138366"
"2013-10-29","TestReadTimeout.java","14531","118555","133086"
"2012-09-12","TestReadTimeout.java","8007","44704","52711"
"2014-09-06","ReplicationWorker.java","2206","16422","18628"
"2015-04-21","ReplicationWorker.java","2945","20406","23351"
"2014-04-24","ReplicationWorker.java","422","3557","3979"
"2014-02-05","TestReadTimeout.java","1712","6078","7790"
"2014-05-12","InMemoryMetastoreTable.java","3500","14080","17580"
"2013-06-12","LedgerRecoveryTest.java","17655","135186","152841"
"2012-12-13","LedgerRecoveryTest.java","15996","91066","107062"
"2013-01-07","LedgerRecoveryTest.java","16325","96286","112611"
"2013-03-25","LedgerRecoveryTest.java","17493","130199","147692"
"2014-02-05","LedgerRecoveryTest.java","18053","143985","162038"
"2011-11-17","LedgerRecoveryTest.java","1003","3394","4397"
"2012-01-17","LedgerRecoveryTest.java","2597","10371","12968"
"2012-02-13","LedgerRecoveryTest.java","2828","14884","17712"
"2013-05-04","EntryLogger.java","2688","36368","39056"
"2014-01-22","EntryLogger.java","4906","50955","55861"
"2014-01-21","EntryLogger.java","4778","50451","55229"
"2013-10-22","EntryLogger.java","4384","45671","50055"
"2015-04-21","EntryLogger.java","7038","70886","77924"
"2015-04-21","EntryLogger.java","7040","70704","77744"
"2014-02-05","TestReadTimeout.java","11112","82805","93917"
"2013-10-29","TestReadTimeout.java","10352","77679","88031"
"2013-05-04","EntryLogger.java","3356","38427","41783"
"2014-01-22","EntryLogger.java","5520","52960","58480"
"2014-01-21","EntryLogger.java","5392","52456","57848"
"2013-10-22","EntryLogger.java","4999","47677","52676"
"2015-04-21","EntryLogger.java","7562","72801","80363"
"2013-01-04","EntryLogger.java","771","2162","2933"
"2015-04-21","EntryLogger.java","7564","72619","80183"
"2013-02-08","BookieException.java","7684","65880","73564"
"2013-10-12","CookieTest.java","10205","77154","87359"
"2014-09-23","CookieTest.java","12034","98554","110588"
"2012-11-23","CookieTest.java","4737","21989","26726"
"2014-12-10","CookieTest.java","12282","99886","112168"
"2014-09-18","CookieTest.java","12016","98480","110496"
"2014-05-09","CookieTest.java","11353","87725","99078"
"2012-05-10","BookKeeperAdmin.java","10188","28149","38337"
"2014-02-21","BookKeeperAdmin.java","18731","142147","160878"
"2012-03-31","BookKeeperAdmin.java","9542","25552","35094"
"2012-10-05","BookKeeperAdmin.java","15235","70873","86108"
"2012-11-30","BookKeeperAdmin.java","16039","85454","101493"
"2012-09-03","BookKeeperAdmin.java","13082","61651","74733"
"2013-05-10","BookKeeperAdmin.java","17960","128040","146000"
"2014-04-24","BookKeeperAdmin.java","18737","144125","162862"
"2012-08-19","BookKeeperAdmin.java","12906","55616","68522"
"2011-11-28","BookKeeperAdmin.java","482","3226","3708"
"2012-09-07","BookKeeperAdmin.java","13106","63141","76247"
"2013-02-08","BookKeeperAdmin.java","16980","125211","142191"
"2014-02-05","BookKeeperAdmin.java","18694","140947","159641"
"2014-09-06","BookKeeperAdmin.java","19096","155433","174529"
"2012-08-24","BookKeeperAdmin.java","12908","56510","69418"
"2014-12-06","BookKeeperAdmin.java","19113","156587","175700"
"2013-02-26","BookKeeperAdmin.java","17728","125987","143715"
"2013-08-21","BookKeeperAdmin.java","18161","134116","152277"
"2012-07-18","BookKeeperAdmin.java","12283","42809","55092"
"2012-12-28","TestSpeculativeRead.java","1504","4062","5566"
"2014-02-05","TestSpeculativeRead.java","7026","57358","64384"
"2014-07-24","TestSpeculativeRead.java","7691","63781","71472"
"2013-10-29","TestSpeculativeRead.java","6040","52006","58046"
"2015-10-22","LedgerHandle.java","33","849","882"
"2013-04-26","LedgerHandle.java","8969","71383","80352"
"2014-05-30","LedgerHandle.java","11480","91893","103373"
"2012-09-12","LedgerHandle.java","649","4233","4882"
"2014-01-21","LedgerHandle.java","10652","85126","95778"
"2015-04-21","LedgerHandle.java","12324","105082","117406"
"2012-12-28","LedgerHandle.java","6764","34267","41031"
"2015-10-22","LedgerHandle.java","12725","107710","120435"
"2014-05-30","LedgerHandle.java","11460","91834","103294"
"2014-09-18","LedgerHandle.java","12028","101524","113552"
"2014-02-21","LedgerHandle.java","11354","87794","99148"
"2014-12-05","LedgerHandle.java","12078","102218","114296"
"2014-12-09","LedgerHandle.java","12096","102685","114781"
"2012-09-14","LedgerHandle.java","876","4695","5571"
"2015-10-06","LedgerHandle.java","12712","106641","119353"
"2014-01-17","LedgerHandle.java","10585","84163","94748"
"2013-10-14","LedgerHandle.java","10369","80470","90839"
"2015-10-06","LedgerHandle.java","12713","106882","119595"
"2013-06-12","LedgerRecoveryTest.java","18483","128240","146723"
"2012-12-13","LedgerRecoveryTest.java","16456","83752","100208"
"2013-01-07","LedgerRecoveryTest.java","17030","89217","106247"
"2013-03-25","LedgerRecoveryTest.java","18281","123213","141494"
"2014-02-05","LedgerRecoveryTest.java","19117","137275","156392"
"2012-02-13","LedgerRecoveryTest.java","426","4708","5134"
"2013-04-26","LedgerHandle.java","18699","125345","144044"
"2014-05-30","LedgerHandle.java","19601","144246","163847"
"2012-09-12","LedgerHandle.java","13619","61435","75054"
"2014-01-21","LedgerHandle.java","19229","137935","157164"
"2015-04-21","LedgerHandle.java","20000","156990","176990"
"2012-12-28","LedgerHandle.java","17334","89069","106403"
"2012-05-25","LedgerHandle.java","10336","26807","37143"
"2015-10-22","LedgerHandle.java","20196","159413","179609"
"2014-05-30","LedgerHandle.java","19599","144205","163804"
"2012-06-27","LedgerHandle.java","11177","35249","46426"
"2011-11-29","LedgerHandle.java","438","483","921"
"2012-05-10","LedgerHandle.java","9997","25214","35211"
"2014-09-18","LedgerHandle.java","19971","153699","173670"
"2014-02-21","LedgerHandle.java","19558","140230","159788"
"2014-12-05","LedgerHandle.java","19973","154345","174318"
"2014-12-09","LedgerHandle.java","19978","154799","174777"
"2012-03-31","LedgerHandle.java","9341","22607","31948"
"2012-02-01","LedgerHandle.java","867","3311","4178"
"2012-09-14","LedgerHandle.java","13697","61748","75445"
"2015-10-06","LedgerHandle.java","20185","158346","178531"
"2012-06-29","LedgerHandle.java","11188","35590","46778"
"2012-02-13","LedgerHandle.java","1083","6636","7719"
"2014-01-17","LedgerHandle.java","19187","136997","156184"
"2012-02-13","LedgerHandle.java","1210","6843","8053"
"2012-01-17","LedgerHandle.java","790","2141","2931"
"2013-10-14","LedgerHandle.java","19077","133410","152487"
"2015-10-06","LedgerHandle.java","20187","158588","178775"
"2012-08-28","LedgerHandle.java","13477","57709","71186"
"2012-06-19","LedgerHandle.java","10996","29863","40859"
"2013-04-26","LedgerHandle.java","12057","99836","111893"
"2014-05-30","LedgerHandle.java","14240","120018","134258"
"2012-09-12","LedgerHandle.java","4963","33912","38875"
"2014-01-21","LedgerHandle.java","13620","113459","127079"
"2015-04-21","LedgerHandle.java","14910","133033","147943"
"2012-12-28","LedgerHandle.java","10052","62920","72972"
"2015-10-22","LedgerHandle.java","15245","135595","150840"
"2014-05-30","LedgerHandle.java","14222","119961","134183"
"2012-06-27","LedgerHandle.java","1465","6670","8135"
"2014-09-18","LedgerHandle.java","14651","129512","144163"
"2014-02-21","LedgerHandle.java","14125","115930","130055"
"2014-12-05","LedgerHandle.java","14701","130206","144907"
"2014-12-09","LedgerHandle.java","14719","130673","145392"
"2012-09-14","LedgerHandle.java","5056","34240","39296"
"2015-10-06","LedgerHandle.java","15236","134530","149766"
"2012-06-29","LedgerHandle.java","1479","7014","8493"
"2014-01-17","LedgerHandle.java","13555","112498","126053"
"2013-10-14","LedgerHandle.java","13348","108814","122162"
"2015-10-06","LedgerHandle.java","15237","134771","150008"
"2012-08-28","LedgerHandle.java","4691","30056","34747"
"2015-04-21","PacketProcessorBase.java","1509","7390","8899"
"2014-12-06","BookKeeperAdmin.java","493","1630","2123"
"2014-12-06","BookieShell.java","15160","131789","146949"
"2013-10-02","BookieShell.java","13004","108328","121332"
"2012-12-14","BookieShell.java","9762","62469","72231"
"2014-06-03","BookieShell.java","14686","121835","136521"
"2014-02-05","BookieShell.java","14481","115889","130370"
"2014-09-29","BookieShell.java","15133","131205","146338"
"2012-09-07","BookieShell.java","5566","34756","40322"
"2013-02-26","BookieShell.java","12237","99651","111888"
"2015-01-13","BookieShell.java","15326","133800","149126"
"2014-12-06","BookieShell.java","15160","131585","146745"
"2014-02-21","BookKeeperAdmin.java","11006","90820","101826"
"2012-10-05","BookKeeperAdmin.java","3549","15585","19134"
"2012-11-30","BookKeeperAdmin.java","5061","30874","35935"
"2012-09-03","BookKeeperAdmin.java","437","5404","5841"
"2013-05-10","BookKeeperAdmin.java","8883","75361","84244"
"2014-04-24","BookKeeperAdmin.java","11028","92814","103842"
"2012-09-07","BookKeeperAdmin.java","609","7042","7651"
"2013-02-08","BookKeeperAdmin.java","7514","72143","79657"
"2014-02-05","BookKeeperAdmin.java","10911","89562","100473"
"2014-09-06","BookKeeperAdmin.java","11592","104327","115919"
"2014-12-06","BookKeeperAdmin.java","11699","105571","117270"
"2013-02-26","BookKeeperAdmin.java","8367","73024","81391"
"2013-08-21","BookKeeperAdmin.java","9137","81490","90627"
"2012-08-14","FlatLedgerManagerFactory.java","3878","20481","24359"
"2015-09-15","FlatLedgerManagerFactory.java","15234","134204","149438"
"2012-09-07","FlatLedgerManagerFactory.java","4844","33268","38112"
"2014-07-24","TestSpeculativeRead.java","1183","6941","8124"
"2013-02-08","ZooKeeperWatcherBase.java","4703","52900","57603"
"2014-08-18","ZooKeeperWatcherBase.java","9276","85181","94457"
"2015-07-10","ZooKeeperWatcherBase.java","9923","90168","100091"
"2013-05-04","EntryLogger.java","12776","103510","116286"
"2014-01-22","EntryLogger.java","14212","117315","131527"
"2014-01-21","EntryLogger.java","14107","116834","130941"
"2012-12-10","EntryLogger.java","9650","60730","70380"
"2012-06-13","EntryLogger.java","247","2076","2323"
"2012-10-18","EntryLogger.java","8874","48661","57535"
"2013-10-22","EntryLogger.java","13880","112221","126101"
"2015-04-21","EntryLogger.java","15348","136250","151598"
"2013-01-04","EntryLogger.java","10861","67915","78776"
"2012-12-24","EntryLogger.java","10372","66035","76407"
"2015-04-21","EntryLogger.java","15346","136064","151410"
"2012-07-26","EntryLogger.java","4348","15937","20285"
"2013-06-12","LedgerRecoveryTest.java","18906","124381","143287"
"2012-12-13","LedgerRecoveryTest.java","16811","79825","96636"
"2013-01-07","LedgerRecoveryTest.java","17403","85308","102711"
"2013-03-25","LedgerRecoveryTest.java","18718","119368","138086"
"2014-02-05","LedgerRecoveryTest.java","19635","133511","153146"
"2013-10-29","ClientConfiguration.java","7895","55683","63578"
"2013-06-12","ClientConfiguration.java","6510","50263","56773"
"2014-05-27","ClientConfiguration.java","9067","65936","75003"
"2015-10-06","ClientConfiguration.java","10595","81401","91996"
"2013-02-08","ClientConfiguration.java","4820","42952","47772"
"2014-12-06","ClientConfiguration.java","9809","77100","86909"
"2015-10-06","ClientConfiguration.java","10598","81630","92228"
"2014-09-18","ClientConfiguration.java","9699","76072","85771"
"2012-12-13","ClientConfiguration.java","2248","4070","6318"
"2013-10-29","ClientConfiguration.java","6040","52006","58046"
"2013-06-12","ClientConfiguration.java","4604","46535","51139"
"2014-05-27","ClientConfiguration.java","7313","62360","69673"
"2015-10-06","ClientConfiguration.java","8945","77929","86874"
"2013-02-08","ClientConfiguration.java","2871","39181","42052"
"2014-12-06","ClientConfiguration.java","8070","73539","81609"
"2015-10-06","ClientConfiguration.java","8948","78158","87106"
"2014-09-18","ClientConfiguration.java","7960","72511","80471"
"2012-12-04","BookieRecoveryTest.java","4910","24448","29358"
"2012-12-12","BookieRecoveryTest.java","5077","25667","30744"
"2014-02-05","BookieRecoveryTest.java","11112","82805","93917"
"2014-07-24","BookieRecoveryTest.java","11666","89117","100783"
"2012-12-10","BookieRecoveryTest.java","5042","24582","29624"
"2013-08-13","BookieRecoveryTest.java","9246","74365","83611"
"2014-12-06","BookieShell.java","1949","11429","13378"
"2014-09-29","BookieShell.java","1868","10791","12659"
"2015-01-13","BookieShell.java","2319","13644","15963"
"2014-12-06","BookieShell.java","1941","11217","13158"
"2015-09-15","FlatLedgerManagerFactory.java","12294","114661","126955"
"2012-09-07","FlatLedgerManagerFactory.java","1215","13036","14251"
"2014-12-10","BookieClientTest.java","1394","5200","6594"
"2015-10-06","BookieClientTest.java","2400","9472","11872"
"2014-02-21","BookKeeperAdmin.java","4339","19496","23835"
"2013-05-10","BookKeeperAdmin.java","895","2716","3611"
"2014-04-24","BookKeeperAdmin.java","4468","21597","26065"
"2014-02-05","BookKeeperAdmin.java","4178","18172","22350"
"2014-09-06","BookKeeperAdmin.java","5243","33321","38564"
"2014-12-06","BookKeeperAdmin.java","5432","34647","40079"
"2013-08-21","BookKeeperAdmin.java","1408","9104","10512"
"2014-12-06","BookieShell.java","2510","17731","20241"
"2014-06-03","BookieShell.java","839","6580","7419"
"2014-09-29","BookieShell.java","2430","17094","19524"
"2015-01-13","BookieShell.java","2844","19910","22754"
"2014-12-06","BookieShell.java","2503","17520","20023"
"2014-02-21","BookKeeperAdmin.java","3360","10821","14181"
"2014-04-24","BookKeeperAdmin.java","3560","12993","16553"
"2014-02-05","BookKeeperAdmin.java","3185","9483","12668"
"2014-09-06","BookKeeperAdmin.java","4838","25220","30058"
"2014-12-06","BookKeeperAdmin.java","5030","26549","31579"
"2015-07-10","ZooKeeperWatcherBase.java","1878","6218","8096"
"2014-02-05","TestSpeculativeRead.java","1712","6078","7790"
"2014-07-24","TestSpeculativeRead.java","2768","12892","15660"
"2013-05-04","LedgerStorage.java","13424","106663","120087"
"2012-12-18","LedgerStorage.java","10762","68600","79362"
"2011-11-18","BookieFailureTest.java","3592","7221","10813"
"2011-10-27","BookieFailureTest.java","1168","1646","2814"
"2012-02-13","BookieFailureTest.java","4625","16631","21256"
"2012-08-13","BookieFailureTest.java","14333","54451","68784"
"2014-07-24","BookieFailureTest.java","19365","151005","170370"
"2012-06-19","BookieFailureTest.java","12679","37919","50598"
"2012-12-20","BookieFailureTest.java","17363","95349","112712"
"2014-12-06","BookieShell.java","87","644","731"
"2015-01-13","BookieShell.java","467","2869","3336"
"2014-12-06","BookieShell.java","75","428","503"
"2014-12-06","BookieShell.java","12069","99508","111577"
"2013-10-02","BookieShell.java","9442","75576","85018"
"2012-12-14","BookieShell.java","5443","28960","34403"
"2014-06-03","BookieShell.java","11472","89431","100903"
"2014-02-05","BookieShell.java","11186","83404","94590"
"2014-09-29","BookieShell.java","12035","98917","110952"
"2013-02-26","BookieShell.java","8537","66761","75298"
"2015-01-13","BookieShell.java","12284","101568","113852"
"2014-12-06","BookieShell.java","12062","99297","111359"
"2014-09-06","ReplicationWorker.java","4775","25183","29958"
"2013-12-06","ReplicationWorker.java","1547","5492","7039"
"2014-02-05","ReplicationWorker.java","3075","9267","12342"
"2015-04-21","ReplicationWorker.java","5264","28917","34181"
"2014-04-24","ReplicationWorker.java","3452","12779","16231"
"2014-09-23","CookieTest.java","2169","12317","14486"
"2014-12-10","CookieTest.java","2611","13843","16454"
"2014-09-18","CookieTest.java","2151","12243","14394"
"2014-02-21","BookKeeperAdmin.java","11311","104201","115512"
"2012-10-05","BookKeeperAdmin.java","4318","29430","33748"
"2012-11-30","BookKeeperAdmin.java","5665","44554","50219"
"2012-09-03","BookKeeperAdmin.java","1617","19660","21277"
"2013-05-10","BookKeeperAdmin.java","9332","88886","98218"
"2014-04-24","BookKeeperAdmin.java","11324","106186","117510"
"2012-08-19","BookKeeperAdmin.java","1355","13539","14894"
"2012-09-07","BookKeeperAdmin.java","1738","21247","22985"
"2013-02-08","BookKeeperAdmin.java","7987","85692","93679"
"2014-02-05","BookKeeperAdmin.java","11220","102947","114167"
"2014-09-06","BookKeeperAdmin.java","11825","117636","129461"
"2012-08-24","BookKeeperAdmin.java","1358","14434","15792"
"2014-12-06","BookKeeperAdmin.java","11910","118858","130768"
"2013-02-26","BookKeeperAdmin.java","8836","86569","95405"
"2013-08-21","BookKeeperAdmin.java","9573","95002","104575"
"2011-11-18","BookieFailureTest.java","7801","17066","24867"
"2011-10-27","BookieFailureTest.java","5805","11919","17724"
"2012-02-13","BookieFailureTest.java","8709","26351","35060"
"2012-08-13","BookieFailureTest.java","11774","57528","69302"
"2014-07-24","BookieFailureTest.java","16459","153735","170194"
"2011-09-05","BookieFailureTest.java","4875","10511","15386"
"2012-06-19","BookieFailureTest.java","10379","41255","51634"
"2012-12-20","BookieFailureTest.java","14587","98209","112796"
"2013-05-04","EntryLogger.java","17946","130632","148578"
"2012-03-16","EntryLogger.java","9683","26591","36274"
"2014-01-22","EntryLogger.java","18397","143452","161849"
"2012-05-07","EntryLogger.java","10662","30849","41511"
"2011-11-17","EntryLogger.java","858","2506","3364"
"2014-01-21","EntryLogger.java","18332","143011","161343"
"2012-12-10","EntryLogger.java","16294","89326","105620"
"2012-03-08","EntryLogger.java","3204","16367","19571"
"2012-06-13","EntryLogger.java","11254","35035","46289"
"2012-10-18","EntryLogger.java","15939","77678","93617"
"2013-10-22","EntryLogger.java","18239","138532","156771"
"2012-05-09","EntryLogger.java","10670","31281","41951"
"2012-02-15","EntryLogger.java","2940","14265","17205"
"2012-05-10","EntryLogger.java","10914","31811","42725"
"2011-12-16","EntryLogger.java","2447","8592","11039"
"2015-04-21","EntryLogger.java","18921","161775","180696"
"2013-01-04","EntryLogger.java","16735","95741","112476"
"2012-12-24","EntryLogger.java","16516","94131","110647"
"2012-05-17","EntryLogger.java","11190","33142","44332"
"2015-04-21","EntryLogger.java","18921","161591","180512"
"2012-07-26","EntryLogger.java","12908","46449","59357"
"2013-05-04","EntryLogger.java","9257","88402","97659"
"2014-01-22","EntryLogger.java","10871","102385","113256"
"2014-01-21","EntryLogger.java","10755","101893","112648"
"2012-12-10","EntryLogger.java","5829","45320","51149"
"2012-10-18","EntryLogger.java","4948","33146","38094"
"2013-10-22","EntryLogger.java","10450","97202","107652"
"2015-04-21","EntryLogger.java","12120","121433","133553"
"2013-01-04","EntryLogger.java","7273","52738","60011"
"2012-12-24","EntryLogger.java","6783","50857","57640"
"2015-04-21","EntryLogger.java","12118","121247","133365"
"2014-12-06","BookieShell.java","5432","34647","40079"
"2013-10-02","BookieShell.java","1560","9470","11030"
"2014-06-03","BookieShell.java","4710","24445","29155"
"2014-02-05","BookieShell.java","4178","18172","22350"
"2014-09-29","BookieShell.java","5369","34027","39396"
"2015-01-13","BookieShell.java","5699","36759","42458"
"2014-12-06","BookieShell.java","5426","34437","39863"
"2015-01-13","BookieShell.java","393","2442","2835"
"2015-10-06","PacketProcessorBaseV3.java","2400","9472","11872"
"2015-04-21","PacketProcessorBaseV3.java","1509","7390","8899"
"2015-09-15","FlatLedgerManagerFactory.java","12707","103253","115960"
"2012-08-13","BookieFailureTest.java","3864","18742","22606"
"2014-07-24","BookieFailureTest.java","14466","120866","135332"
"2012-12-20","BookieFailureTest.java","9142","61888","71030"
"2012-03-28","HierarchicalLedgerManager.java","9095","20818","29913"
"2012-12-24","HierarchicalLedgerManager.java","17146","88859","106005"
"2013-04-04","HierarchicalLedgerManager.java","18700","125150","143850"
"2014-01-17","HierarchicalLedgerManager.java","19187","136997","156184"
"2013-05-04","LedgerStorage.java","4140","39541","43681"
"2014-09-06","ReplicationWorker.java","1846","12927","14773"
"2015-04-21","ReplicationWorker.java","2724","17050","19774"
"2014-07-24","BookieFailureTest.java","7601","61255","68856"
"2015-10-06","PacketProcessorBaseV3.java","1056","2247","3303"
"2012-12-24","SnapshotMap.java","11231","70119","81350"
