"2014-01-20","Aggregation.java","50459","118734","169193"
"2014-01-17","Aggregation.java","50436","118362","168798"
"2014-07-09","Aggregation.java","82121","207772","289893"
"2013-07-26","Aggregation.java","13947","7998","21945"
"2014-07-09","Aggregation.java","127266","184642","311908"
"2014-01-20","Aggregation.java","312","661","973"
"2014-07-09","Aggregation.java","127179","184904","312083"
"2015-11-17","TestProgressExternalSortExec.java","17206","47157","64363"
"2015-10-30","TestProgressExternalSortExec.java","15912","44710","60622"
"2015-09-16","TestProgressExternalSortExec.java","11172","17439","28611"
"2015-11-17","TestProgressExternalSortExec.java","150693","400543","551236"
"2015-09-01","TestProgressExternalSortExec.java","149900","369799","519699"
"2015-10-30","TestProgressExternalSortExec.java","150678","399375","550053"
"2015-09-16","TestProgressExternalSortExec.java","150024","376190","526214"
"2015-06-25","TestProgressExternalSortExec.java","147396","354519","501915"
"2013-10-16","DataChannel.java","15638","42047","57685"
"2014-11-04","DataChannel.java","90847","281988","372835"
"2014-10-25","DataChannel.java","90841","275983","366824"
"2014-01-02","DataChannel.java","30737","81818","112555"
"2015-09-28","DataChannel.java","93099","418346","511445"
"2015-05-28","DataChannel.java","92072","373219","465291"
"2013-12-20","DataChannel.java","27762","74334","102096"
"2015-05-11","DataChannel.java","92070","332718","424788"
"2014-11-04","DataChannel.java","113429","278161","391590"
"2014-10-25","DataChannel.java","113422","272155","385577"
"2014-01-02","DataChannel.java","20404","45076","65480"
"2015-09-28","DataChannel.java","115912","414750","530662"
"2015-05-28","DataChannel.java","114725","369463","484188"
"2013-12-20","DataChannel.java","16870","37033","53903"
"2015-05-11","DataChannel.java","114723","328962","443685"
"2015-09-28","DataChannel.java","126304","260410","386714"
"2015-05-28","DataChannel.java","75490","165496","240986"
"2015-05-11","DataChannel.java","66254","115761","182015"
"2014-03-20","TestRightOuterHashJoinExec.java","52811","124698","177509"
"2015-09-16","TestRightOuterHashJoinExec.java","98375","396575","494950"
"2015-06-02","TestRightOuterHashJoinExec.java","97493","372756","470249"
"2014-12-12","TestRightOuterHashJoinExec.java","96304","302803","399107"
"2014-08-11","TestRightOuterHashJoinExec.java","95984","214129","310113"
"2015-06-24","TestRightOuterHashJoinExec.java","97493","376548","474041"
"2014-02-10","TestRightOuterHashJoinExec.java","46797","103790","150587"
"2014-11-04","DataChannel.java","7011","13010","20021"
"2015-09-28","DataChannel.java","124121","264226","388347"
"2015-05-28","DataChannel.java","74727","170732","245459"
"2015-05-11","DataChannel.java","65503","121009","186512"
"2015-09-16","TestRightOuterHashJoinExec.java","150042","376355","526397"
"2015-06-02","TestRightOuterHashJoinExec.java","146994","350370","497364"
"2014-12-12","TestRightOuterHashJoinExec.java","141143","275755","416898"
"2014-08-11","TestRightOuterHashJoinExec.java","116292","162550","278842"
"2015-06-24","TestRightOuterHashJoinExec.java","147333","354501","501834"
"2014-11-04","DataChannel.java","125791","265851","391642"
"2014-10-25","DataChannel.java","124797","258858","383655"
"2015-09-28","DataChannel.java","131744","405910","537654"
"2015-05-28","DataChannel.java","129764","359830","489594"
"2015-05-11","DataChannel.java","129740","319307","449047"
"2015-09-23","RpcClientManager.java","2287","20751","23038"
"2014-01-20","Aggregation.java","40568","114792","155360"
"2014-01-17","Aggregation.java","40534","114409","154943"
"2014-07-09","Aggregation.java","75237","206837","282074"
"2015-07-31","AlterTable.java","152328","359676","512004"
"2015-07-17","AlterTable.java","151019","355352","506371"
"2015-02-05","AlterTable.java","145048","281457","426505"
"2015-04-13","AlterTable.java","148493","299624","448117"
"2015-09-14","AlterTable.java","153599","373956","527555"
"2015-09-16","TestRightOuterHashJoinExec.java","123244","146181","269425"
"2015-06-24","TestRightOuterHashJoinExec.java","3889","7681","11570"
"2015-04-28","DummyProtocolAsyncImpl.java","83622","333683","417305"
"2013-10-28","DummyProtocolAsyncImpl.java","43884","81749","125633"
"2015-09-14","AlterTable.java","109536","122545","232081"
"2015-07-31","AlterTable.java","24737","27752","52489"
"2015-09-14","AlterTable.java","122587","138611","261198"
"2015-09-16","TestRightOuterHashJoinExec.java","112995","204696","317691"
"2015-06-02","TestRightOuterHashJoinExec.java","54160","122924","177084"
"2015-06-24","TestRightOuterHashJoinExec.java","56224","128780","185004"
"2015-04-28","DummyProtocolAsyncImpl.java","113984","326180","440164"
"2015-04-28","DummyProtocolBlockingImpl.java","83622","333683","417305"
"2015-07-31","AlterTable.java","53226","124165","177391"
"2015-07-17","AlterTable.java","37523","105447","142970"
"2015-04-13","AlterTable.java","13694","28416","42110"
"2015-09-14","AlterTable.java","99007","182955","281962"
"2015-09-28","DataChannel.java","126806","170906","297712"
"2015-03-03","TestAsyncRpc.java","82775","314577","397352"
"2015-04-28","TestAsyncRpc.java","83622","333683","417305"
"2013-10-16","TestAsyncRpc.java","41419","77632","119051"
"2015-09-23","TestAsyncRpc.java","84545","417217","501762"
"2014-09-20","TestAsyncRpc.java","82389","273152","355541"
"2013-08-15","TestAsyncRpc.java","22894","18028","40922"
"2014-07-11","TestAsyncRpc.java","82121","209776","291897"
"2013-10-28","TestAsyncRpc.java","43884","81749","125633"
"2014-03-29","TestAsyncRpc.java","61851","154103","215954"
"2015-11-10","TestAsyncRpc.java","84573","423035","507608"
"2015-04-16","TestAsyncRpc.java","83604","328674","412278"
"2015-11-26","TestAsyncRpc.java","84587","423670","508257"
"2015-04-28","TestAsyncRpc.java","12183","30442","42625"
"2015-09-23","TestAsyncRpc.java","95669","196539","292208"
"2015-11-10","TestAsyncRpc.java","97421","204081","301502"
"2015-04-16","TestAsyncRpc.java","8725","21993","30718"
"2015-11-26","TestAsyncRpc.java","98781","206062","304843"
"2015-07-31","AlterTable.java","44106","100323","144429"
"2015-07-17","AlterTable.java","27169","80371","107540"
"2015-09-14","AlterTable.java","93720","162946","256666"
"2015-09-23","TestAsyncRpc.java","91835","174446","266281"
"2015-11-10","TestAsyncRpc.java","93766","182167","275933"
"2015-11-26","TestAsyncRpc.java","95205","184227","279432"
"2015-03-03","TestAsyncRpc.java","111713","307302","419015"
"2015-04-28","TestAsyncRpc.java","113445","327293","440738"
"2015-09-23","TestAsyncRpc.java","114578","411037","525615"
"2014-09-20","TestAsyncRpc.java","110952","265502","376454"
"2014-07-11","TestAsyncRpc.java","110461","201903","312364"
"2013-10-28","TestAsyncRpc.java","4816","6468","11284"
"2014-03-29","TestAsyncRpc.java","49664","105703","155367"
"2015-11-10","TestAsyncRpc.java","114697","416946","531643"
"2015-04-16","TestAsyncRpc.java","113423","322280","435703"
"2015-11-26","TestAsyncRpc.java","114722","417592","532314"
"2015-09-16","TestRightOuterHashJoinExec.java","138818","318873","457691"
"2015-06-02","TestRightOuterHashJoinExec.java","98124","255242","353366"
"2014-12-12","TestRightOuterHashJoinExec.java","64622","152976","217598"
"2015-06-24","TestRightOuterHashJoinExec.java","99090","260000","359090"
"2015-09-16","TestRightOuterHashJoinExec.java","123278","142423","265701"
"2015-11-10","TestAsyncRpc.java","3600","9390","12990"
"2015-11-26","TestAsyncRpc.java","6440","12851","19291"
"2014-01-17","BetweenPredicate.java","22356","53157","75513"
"2014-07-09","BetweenPredicate.java","111306","199832","311138"
"2014-03-20","TestRightOuterHashJoinExec.java","13771","28665","42436"
"2015-09-16","TestRightOuterHashJoinExec.java","140107","381314","521421"
"2015-06-02","TestRightOuterHashJoinExec.java","138305","356575","494880"
"2014-12-12","TestRightOuterHashJoinExec.java","133881","283387","417268"
"2014-08-11","TestRightOuterHashJoinExec.java","111287","172439","283726"
"2015-06-24","TestRightOuterHashJoinExec.java","138588","360650","499238"
"2014-07-09","BetweenPredicate.java","127179","184904","312083"
"2013-10-07","BinaryOperator.java","23871","54684","78555"
"2014-01-17","BinaryOperator.java","40534","114409","154943"
"2013-07-26","BinaryOperator.java","13947","7998","21945"
"2013-10-07","BinaryOperator.java","35226","60090","95316"
"2014-01-17","BinaryOperator.java","50436","118362","168798"
"2014-01-17","BinaryOperator.java","29366","72428","101794"
"2014-07-09","CaseWhenPredicate.java","7472","23603","31075"
"2014-11-04","DataChannel.java","126775","271344","398119"
"2014-10-25","DataChannel.java","126742","265312","392054"
"2014-01-02","DataChannel.java","9276","13785","23061"
"2015-09-28","DataChannel.java","131844","410519","542363"
"2015-05-28","DataChannel.java","130530","365105","495635"
"2015-05-11","DataChannel.java","130506","324582","455088"
"2014-05-12","CaseWhenPredicate.java","82133","191653","273786"
"2014-01-20","CaseWhenPredicate.java","50459","118734","169193"
"2014-07-09","CaseWhenPredicate.java","82121","207772","289893"
"2014-01-17","CaseWhenPredicate.java","50436","118362","168798"
"2014-05-12","CaseWhenPredicate.java","126811","168056","294867"
"2014-07-09","CaseWhenPredicate.java","127266","184642","311908"
"2015-03-03","TestAsyncRpc.java","84432","125471","209903"
"2015-04-28","TestAsyncRpc.java","92863","152161","245024"
"2015-09-23","TestAsyncRpc.java","146641","288550","435191"
"2015-11-10","TestAsyncRpc.java","147458","295157","442615"
"2015-04-16","TestAsyncRpc.java","89991","144298","234289"
"2015-11-26","TestAsyncRpc.java","147665","295985","443650"
"2015-09-28","DataChannel.java","91890","176489","268379"
"2015-05-28","DataChannel.java","14319","54818","69137"
"2013-09-24","ExecutionBlock.java","32312","43760","76072"
"2014-06-26","ExecutionBlock.java","82124","202579","284703"
"2013-08-26","ExecutionBlock.java","25900","25205","51105"
"2013-12-18","ExecutionBlock.java","47541","105513","153054"
"2013-09-16","ExecutionBlock.java","30877","41982","72859"
"2015-05-27","ExecutionBlock.java","83580","375555","459135"
"2014-06-12","ExecutionBlock.java","82129","204350","286479"
"2014-06-26","ExecutionBlock.java","90377","199384","289761"
"2013-12-18","ExecutionBlock.java","24686","71210","95896"
"2015-05-27","ExecutionBlock.java","92266","372793","465059"
"2014-06-12","ExecutionBlock.java","90380","201153","291533"
"2015-07-22","TestRightOuterMergeJoinExec.java","97986","378206","476192"
"2014-10-25","TestRightOuterMergeJoinExec.java","96260","275402","371662"
"2014-02-20","TestRightOuterMergeJoinExec.java","47745","108430","156175"
"2014-08-11","TestRightOuterMergeJoinExec.java","95984","214129","310113"
"2014-03-20","TestRightOuterMergeJoinExec.java","52811","124698","177509"
"2015-06-02","TestRightOuterMergeJoinExec.java","97493","372756","470249"
"2014-12-12","TestRightOuterMergeJoinExec.java","96304","302803","399107"
"2015-06-25","TestRightOuterMergeJoinExec.java","97493","376650","474143"
"2014-11-25","TestRightOuterMergeJoinExec.java","96298","289270","385568"
"2015-06-24","TestRightOuterMergeJoinExec.java","97493","376548","474041"
"2014-12-18","TestRightOuterMergeJoinExec.java","96489","303271","399760"
"2013-10-28","TestRightOuterMergeJoinExec.java","20106","41123","61229"
"2014-05-12","CaseWhenPredicate.java","126729","168323","295052"
"2014-01-20","CaseWhenPredicate.java","312","661","973"
"2014-07-09","CaseWhenPredicate.java","127179","184904","312083"
"2015-05-27","ExecutionBlock.java","91531","263051","354582"
"2015-07-22","TestRightOuterMergeJoinExec.java","85037","186115","271152"
"2015-06-02","TestRightOuterMergeJoinExec.java","76027","172148","248175"
"2014-12-12","TestRightOuterMergeJoinExec.java","35492","62849","98341"
"2015-06-25","TestRightOuterMergeJoinExec.java","77336","177351","254687"
"2014-11-25","TestRightOuterMergeJoinExec.java","9599","23429","33028"
"2015-06-24","TestRightOuterMergeJoinExec.java","77333","177246","254579"
"2014-12-18","TestRightOuterMergeJoinExec.java","38635","66275","104910"
"2013-09-24","ExecutionBlock.java","10049","22192","32241"
"2014-06-26","ExecutionBlock.java","79277","200427","279704"
"2013-12-18","ExecutionBlock.java","28495","87162","115657"
"2013-09-16","ExecutionBlock.java","7252","19052","26304"
"2015-05-27","ExecutionBlock.java","80949","373619","454568"
"2014-06-12","ExecutionBlock.java","79282","202198","281480"
"2015-07-22","TestRightOuterMergeJoinExec.java","142345","361880","504225"
"2014-10-25","TestRightOuterMergeJoinExec.java","120298","238755","359053"
"2014-08-11","TestRightOuterMergeJoinExec.java","113686","171146","284832"
"2014-03-20","TestRightOuterMergeJoinExec.java","11637","22839","34476"
"2015-06-02","TestRightOuterMergeJoinExec.java","141321","355899","497220"
"2014-12-12","TestRightOuterMergeJoinExec.java","136489","282303","418792"
"2015-06-25","TestRightOuterMergeJoinExec.java","141613","360085","501698"
"2014-11-25","TestRightOuterMergeJoinExec.java","123130","255417","378547"
"2015-06-24","TestRightOuterMergeJoinExec.java","141613","359983","501596"
"2014-12-18","TestRightOuterMergeJoinExec.java","136680","282777","419457"
"2015-03-03","TestAsyncRpc.java","76243","312911","389154"
"2015-04-28","TestAsyncRpc.java","77184","332111","409295"
"2013-10-16","TestAsyncRpc.java","24212","65291","89503"
"2015-09-23","TestAsyncRpc.java","78134","415672","493806"
"2014-09-20","TestAsyncRpc.java","75849","271478","347327"
"2014-07-11","TestAsyncRpc.java","75559","208080","283639"
"2013-10-28","TestAsyncRpc.java","27127","69858","96985"
"2014-03-29","TestAsyncRpc.java","48893","146011","194904"
"2015-11-10","TestAsyncRpc.java","78176","421504","499680"
"2015-04-16","TestAsyncRpc.java","77166","327102","404268"
"2015-11-26","TestAsyncRpc.java","78199","422148","500347"
"2014-06-26","ExecutionBlock.java","126082","188565","314647"
"2015-05-27","ExecutionBlock.java","130826","364829","495655"
"2014-06-12","ExecutionBlock.java","126053","190302","316355"
"2015-07-22","TestRightOuterMergeJoinExec.java","105001","267076","372077"
"2014-10-25","TestRightOuterMergeJoinExec.java","33915","94912","128827"
"2015-06-02","TestRightOuterMergeJoinExec.java","98124","255242","353366"
"2014-12-12","TestRightOuterMergeJoinExec.java","64622","152976","217598"
"2015-06-25","TestRightOuterMergeJoinExec.java","99093","260105","359198"
"2014-11-25","TestRightOuterMergeJoinExec.java","41797","116624","158421"
"2015-06-24","TestRightOuterMergeJoinExec.java","99090","260000","359090"
"2014-12-18","TestRightOuterMergeJoinExec.java","67239","155876","223115"
"2014-01-17","CastExpr.java","16856","28091","44947"
"2015-07-22","TestRightOuterMergeJoinExec.java","148435","356768","505203"
"2014-10-25","TestRightOuterMergeJoinExec.java","123305","230560","353865"
"2014-08-11","TestRightOuterMergeJoinExec.java","116292","162550","278842"
"2015-06-02","TestRightOuterMergeJoinExec.java","146994","350370","497364"
"2014-12-12","TestRightOuterMergeJoinExec.java","141143","275755","416898"
"2015-06-25","TestRightOuterMergeJoinExec.java","147333","354603","501936"
"2014-11-25","TestRightOuterMergeJoinExec.java","127525","248610","376135"
"2015-06-24","TestRightOuterMergeJoinExec.java","147333","354501","501834"
"2014-12-18","TestRightOuterMergeJoinExec.java","141335","276230","417565"
"2013-12-16","CastExpr.java","24132","68238","92370"
"2014-01-17","CastExpr.java","31820","87161","118981"
"2013-09-24","ExecutionBlock.java","3337","3680","7017"
"2014-06-26","ExecutionBlock.java","90189","199539","289728"
"2013-12-18","ExecutionBlock.java","27190","74057","101247"
"2015-05-27","ExecutionBlock.java","92072","372942","465014"
"2014-06-12","ExecutionBlock.java","90192","201308","291500"
"2015-07-22","TestRightOuterMergeJoinExec.java","21810","26767","48577"
"2015-06-25","TestRightOuterMergeJoinExec.java","4342","8236","12578"
"2015-06-24","TestRightOuterMergeJoinExec.java","3889","7681","11570"
"2015-03-03","TestAsyncRpc.java","79530","183677","263207"
"2015-04-28","TestAsyncRpc.java","87058","209464","296522"
"2015-09-23","TestAsyncRpc.java","135197","340214","475411"
"2014-09-20","TestAsyncRpc.java","5221","68329","73550"
"2015-11-10","TestAsyncRpc.java","135886","346693","482579"
"2015-04-16","TestAsyncRpc.java","84680","202095","286775"
"2015-11-26","TestAsyncRpc.java","136039","347467","483506"
"2014-05-12","ColumnDefinition.java","115795","131461","247256"
"2015-07-22","TestRightOuterMergeJoinExec.java","65125","138846","203971"
"2015-06-02","TestRightOuterMergeJoinExec.java","54160","122924","177084"
"2015-06-25","TestRightOuterMergeJoinExec.java","56229","128887","185116"
"2015-06-24","TestRightOuterMergeJoinExec.java","56224","128780","185004"
"2014-12-18","TestRightOuterMergeJoinExec.java","3812","4095","7907"
"2015-03-03","TestAsyncRpc.java","111725","305662","417387"
"2015-04-28","TestAsyncRpc.java","113984","326180","440164"
"2015-09-23","TestAsyncRpc.java","115340","410147","525487"
"2014-09-20","TestAsyncRpc.java","110865","263763","374628"
"2014-07-11","TestAsyncRpc.java","110334","200124","310458"
"2014-03-29","TestAsyncRpc.java","46909","101296","148205"
"2015-11-10","TestAsyncRpc.java","115465","416062","531527"
"2015-04-16","TestAsyncRpc.java","113962","321167","435129"
"2015-11-26","TestAsyncRpc.java","115498","416716","532214"
"2014-06-26","ExecutionBlock.java","4703","2937","7640"
"2015-05-27","ExecutionBlock.java","94319","264073","358392"
"2014-03-23","ColumnReferenceExpr.java","38736","59949","98685"
"2014-01-28","ColumnReferenceExpr.java","5796","7996","13792"
"2014-01-17","ColumnReferenceExpr.java","33422","90520","123942"
"2014-03-23","ColumnReferenceExpr.java","53172","131483","184655"
"2014-01-28","ColumnReferenceExpr.java","34691","93989","128680"
"2014-03-23","ColumnReferenceExpr.java","34556","53569","88125"
"2014-07-11","ExecutionBlockCursor.java","82121","209497","291618"
"2013-09-16","ExecutionBlockCursor.java","30877","41982","72859"
"2015-09-23","ExecutionBlockCursor.java","84547","417220","501767"
"2015-05-28","ExecutionBlockCursor.java","83580","375832","459412"
"2015-03-03","ExecutionBlockCursor.java","82697","314176","396873"
"2014-01-17","ColumnReferenceExpr.java","40534","114409","154943"
"2014-03-23","ColumnReferenceExpr.java","51987","147075","199062"
"2013-09-18","ColumnReferenceExpr.java","18896","35673","54569"
"2014-01-28","ColumnReferenceExpr.java","41464","117539","159003"
"2015-09-23","ExecutionBlockCursor.java","135039","340336","475375"
"2015-05-28","ExecutionBlockCursor.java","94949","259825","354774"
"2015-03-03","ExecutionBlockCursor.java","79145","183248","262393"
"2014-07-11","ExecutionBlockCursor.java","90186","206457","296643"
"2015-09-23","ExecutionBlockCursor.java","93091","414659","507750"
"2015-05-28","ExecutionBlockCursor.java","92072","373219","465291"
"2015-03-03","ExecutionBlockCursor.java","91066","311440","402506"
"2015-03-03","TestAsyncRpc.java","145040","284590","429630"
"2015-04-28","TestAsyncRpc.java","149374","307183","456557"
"2015-09-23","TestAsyncRpc.java","153071","393491","546562"
"2014-09-20","TestAsyncRpc.java","117416","215927","333343"
"2014-07-11","TestAsyncRpc.java","116088","151491","267579"
"2015-11-10","TestAsyncRpc.java","153442","399652","553094"
"2015-04-16","TestAsyncRpc.java","147847","300665","448512"
"2015-11-26","TestAsyncRpc.java","153493","400324","553817"
"2014-01-17","ColumnReferenceExpr.java","50436","118362","168798"
"2014-03-23","ColumnReferenceExpr.java","61612","150751","212363"
"2013-09-18","ColumnReferenceExpr.java","31063","41891","72954"
"2014-01-28","ColumnReferenceExpr.java","51309","121435","172744"
"2013-07-26","ColumnReferenceExpr.java","13947","7998","21945"
"2015-09-23","ExecutionBlockCursor.java","126454","166875","293329"
"2014-05-12","CreateDatabase.java","114468","134996","249464"
"2015-09-23","ExecutionBlockCursor.java","96372","197566","293938"
"2015-05-28","ExecutionBlockCursor.java","27602","88375","115977"
"2013-12-05","GlobalPlanner.java","47339","96431","143770"
"2014-08-11","GlobalPlanner.java","82338","217588","299926"
"2013-12-20","GlobalPlanner.java","48097","105774","153871"
"2014-10-25","GlobalPlanner.java","82572","278819","361391"
"2014-02-20","GlobalPlanner.java","60682","138495","199177"
"2013-12-26","GlobalPlanner.java","48572","107275","155847"
"2014-12-30","GlobalPlanner.java","82701","309764","392465"
"2015-09-28","GlobalPlanner.java","84555","420907","505462"
"2015-03-24","GlobalPlanner.java","83603","321083","404686"
"2013-09-16","GlobalPlanner.java","30877","41982","72859"
"2015-10-09","GlobalPlanner.java","84572","421626","506198"
"2014-01-02","GlobalPlanner.java","49672","111858","161530"
"2015-05-27","GlobalPlanner.java","83580","375555","459135"
"2013-09-27","GlobalPlanner.java","32461","44668","77129"
"2013-09-26","GlobalPlanner.java","32311","43848","76159"
"2014-05-07","GlobalPlanner.java","82117","188586","270703"
"2014-06-26","GlobalPlanner.java","82124","202579","284703"
"2015-04-29","GlobalPlanner.java","83622","334927","418549"
"2015-08-04","GlobalPlanner.java","84062","386860","470922"
"2015-11-18","GlobalPlanner.java","84576","423658","508234"
"2014-01-25","GlobalPlanner.java","51141","121619","172760"
"2015-03-19","GlobalPlanner.java","83594","319606","403200"
"2014-01-28","GlobalPlanner.java","51312","121666","172978"
"2014-05-16","GlobalPlanner.java","82133","193561","275694"
"2015-12-03","GlobalPlanner.java","84587","425586","510173"
"2014-02-17","GlobalPlanner.java","60620","137015","197635"
"2013-12-06","GlobalPlanner.java","47353","96962","144315"
"2014-01-07","GlobalPlanner.java","49915","112229","162144"
"2014-01-17","GlobalPlanner.java","50436","118362","168798"
"2015-04-27","GlobalPlanner.java","83622","332563","416185"
"2013-12-30","GlobalPlanner.java","49243","108959","158202"
"2015-07-22","GlobalPlanner.java","83983","381308","465291"
"2014-07-09","GlobalPlanner.java","82121","207772","289893"
"2014-07-09","GlobalPlanner.java","82121","209209","291330"
"2014-02-04","GlobalPlanner.java","59688","132401","192089"
"2014-06-02","GlobalPlanner.java","82129","202663","284792"
"2015-07-30","GlobalPlanner.java","84059","384589","468648"
"2014-01-22","GlobalPlanner.java","50605","120404","171009"
"2015-07-22","TestRightOuterMergeJoinExec.java","19007","20070","39077"
"2015-06-24","CreateTable.java","76682","378791","455473"
"2014-03-20","CreateTable.java","51937","146878","198815"
"2013-10-31","CreateTable.java","33029","77658","110687"
"2015-09-23","CreateTable.java","77666","415656","493322"
"2014-01-17","CreateTable.java","40534","114409","154943"
"2014-07-09","CreateTable.java","75237","206837","282074"
"2014-05-12","CreateTable.java","75249","190718","265967"
"2014-11-18","CreateTable.java","75706","291206","366912"
"2015-04-13","CreateTable.java","76720","327654","404374"
"2014-03-31","CreateTable.java","52228","150524","202752"
"2014-01-20","CreateTable.java","40568","114792","155360"
"2013-12-18","CreateTable.java","36416","100337","136753"
"2013-12-03","CreateTable.java","36108","89962","126070"
"2014-08-11","GlobalPlanner.java","119572","205730","325302"
"2013-12-20","GlobalPlanner.java","3679","12264","15943"
"2014-10-25","GlobalPlanner.java","119906","267061","386967"
"2014-02-20","GlobalPlanner.java","41414","70135","111549"
"2013-12-26","GlobalPlanner.java","4557","14168","18725"
"2014-12-30","GlobalPlanner.java","120290","298261","418551"
"2015-09-28","GlobalPlanner.java","124306","411566","535872"
"2015-03-24","GlobalPlanner.java","122831","311219","434050"
"2015-10-09","GlobalPlanner.java","124328","412290","536618"
"2014-01-02","GlobalPlanner.java","12586","25680","38266"
"2015-05-27","GlobalPlanner.java","123049","365932","488981"
"2014-05-07","GlobalPlanner.java","118880","176257","295137"
"2014-06-26","GlobalPlanner.java","118947","190310","309257"
"2015-04-29","GlobalPlanner.java","122896","325109","448005"
"2015-08-04","GlobalPlanner.java","123712","377418","501130"
"2015-11-18","GlobalPlanner.java","124401","414391","538792"
"2014-01-25","GlobalPlanner.java","19079","40465","59544"
"2015-03-19","GlobalPlanner.java","122822","309742","432564"
"2014-01-28","GlobalPlanner.java","21223","42485","63708"
"2014-05-16","GlobalPlanner.java","118913","181249","300162"
"2015-12-03","GlobalPlanner.java","124431","416338","540769"
"2014-02-17","GlobalPlanner.java","40755","68058","108813"
"2013-12-06","GlobalPlanner.java","292","809","1101"
"2014-01-07","GlobalPlanner.java","14331","27553","41884"
"2014-01-17","GlobalPlanner.java","17202","36036","53238"
"2015-04-27","GlobalPlanner.java","122896","322745","445641"
"2013-12-30","GlobalPlanner.java","11377","22001","33378"
"2015-07-22","GlobalPlanner.java","123570","371803","495373"
"2014-07-09","GlobalPlanner.java","119028","195587","314615"
"2014-07-09","GlobalPlanner.java","119028","197024","316052"
"2014-02-04","GlobalPlanner.java","39147","62768","101915"
"2014-06-02","GlobalPlanner.java","118920","190362","309282"
"2015-07-30","GlobalPlanner.java","123661","375099","498760"
"2014-01-22","GlobalPlanner.java","18100","38807","56907"
"2014-10-25","GlobalPlanner.java","33915","94912","128827"
"2014-12-30","GlobalPlanner.java","70872","162685","233557"
"2015-09-28","GlobalPlanner.java","139393","340495","479888"
"2015-03-24","GlobalPlanner.java","84289","186519","270808"
"2015-10-09","GlobalPlanner.java","139529","341333","480862"
"2015-05-27","GlobalPlanner.java","96977","253702","350679"
"2015-04-29","GlobalPlanner.java","88814","204869","293683"
"2015-08-04","GlobalPlanner.java","106544","274092","380636"
"2015-11-18","GlobalPlanner.java","140016","343848","483864"
"2015-03-19","GlobalPlanner.java","84259","185021","269280"
"2015-12-03","GlobalPlanner.java","140181","345930","486111"
"2015-04-27","GlobalPlanner.java","88789","202480","291269"
"2015-07-22","GlobalPlanner.java","105001","267076","372077"
"2015-07-30","GlobalPlanner.java","106242","271522","377764"
"2015-09-23","CreateTable.java","124199","160080","284279"
"2014-08-11","GlobalPlanner.java","126430","204003","330433"
"2014-10-25","GlobalPlanner.java","126742","265312","392054"
"2014-02-20","GlobalPlanner.java","41269","61405","102674"
"2013-12-26","GlobalPlanner.java","1149","2175","3324"
"2014-12-30","GlobalPlanner.java","127139","296525","423664"
"2015-09-28","GlobalPlanner.java","131844","410519","542363"
"2015-03-24","GlobalPlanner.java","129683","309486","439169"
"2015-10-09","GlobalPlanner.java","131866","411243","543109"
"2014-01-02","GlobalPlanner.java","9276","13785","23061"
"2015-05-27","GlobalPlanner.java","130530","364828","495358"
"2014-05-07","GlobalPlanner.java","125571","174363","299934"
"2014-06-26","GlobalPlanner.java","125786","188564","314350"
"2015-04-29","GlobalPlanner.java","130367","323995","454362"
"2015-08-04","GlobalPlanner.java","131204","376325","507529"
"2015-11-18","GlobalPlanner.java","131939","413344","545283"
"2014-01-25","GlobalPlanner.java","16956","29757","46713"
"2015-03-19","GlobalPlanner.java","129674","308009","437683"
"2014-01-28","GlobalPlanner.java","19479","32156","51635"
"2014-05-16","GlobalPlanner.java","125605","179356","304961"
"2015-12-03","GlobalPlanner.java","131969","415291","547260"
"2014-02-17","GlobalPlanner.java","40516","59234","99750"
"2014-01-07","GlobalPlanner.java","11282","15919","27201"
"2014-01-17","GlobalPlanner.java","14777","25026","39803"
"2015-04-27","GlobalPlanner.java","130367","321631","451998"
"2013-12-30","GlobalPlanner.java","8025","10064","18089"
"2015-07-22","GlobalPlanner.java","131062","370710","501772"
"2014-07-09","GlobalPlanner.java","125872","193846","319718"
"2014-07-09","GlobalPlanner.java","125872","195283","321155"
"2014-02-04","GlobalPlanner.java","38780","53816","92596"
"2014-06-02","GlobalPlanner.java","125757","188614","314371"
"2015-07-30","GlobalPlanner.java","131153","374006","505159"
"2014-01-22","GlobalPlanner.java","15930","28052","43982"
"2013-07-26","CreateTable.java","13947","7998","21945"
"2015-06-24","CreateTable.java","83566","379726","463292"
"2014-03-20","CreateTable.java","61564","150556","212120"
"2013-10-31","CreateTable.java","44260","82940","127200"
"2015-09-23","CreateTable.java","84545","416586","501131"
"2014-01-17","CreateTable.java","50436","118362","168798"
"2014-07-09","CreateTable.java","82121","207772","289893"
"2014-05-12","CreateTable.java","82133","191653","273786"
"2014-11-18","CreateTable.java","82589","292140","374729"
"2015-04-13","CreateTable.java","83604","328589","412193"
"2014-03-31","CreateTable.java","61851","154198","216049"
"2014-01-20","CreateTable.java","50459","118734","169193"
"2013-12-18","CreateTable.java","47541","105513","153054"
"2013-12-03","CreateTable.java","47331","95236","142567"
"2014-12-30","GlobalPlanner.java","43464","74280","117744"
"2015-09-28","GlobalPlanner.java","124121","264226","388347"
"2015-03-24","GlobalPlanner.java","59295","100528","159823"
"2015-10-09","GlobalPlanner.java","124328","265135","389463"
"2015-05-27","GlobalPlanner.java","74665","170393","245058"
"2015-04-29","GlobalPlanner.java","64929","119987","184916"
"2015-08-04","GlobalPlanner.java","86980","193531","280511"
"2015-11-18","GlobalPlanner.java","125128","267963","393091"
"2015-03-19","GlobalPlanner.java","59195","98960","158155"
"2015-12-03","GlobalPlanner.java","125468","270220","395688"
"2015-04-27","GlobalPlanner.java","64862","117556","182418"
"2015-07-22","GlobalPlanner.java","85037","186115","271152"
"2015-07-30","GlobalPlanner.java","86568","190851","277419"
"2014-08-11","GlobalPlanner.java","113981","171418","285399"
"2014-10-25","GlobalPlanner.java","120581","239015","359596"
"2014-12-30","GlobalPlanner.java","136912","286162","423074"
"2015-09-28","GlobalPlanner.java","143903","402442","546345"
"2015-03-24","GlobalPlanner.java","139936","299603","439539"
"2015-10-09","GlobalPlanner.java","143947","403188","547135"
"2015-05-27","GlobalPlanner.java","141410","355572","496982"
"2014-05-07","GlobalPlanner.java","112249","140905","253154"
"2014-06-26","GlobalPlanner.java","112800","155442","268242"
"2015-04-29","GlobalPlanner.java","141189","314681","455870"
"2015-08-04","GlobalPlanner.java","142671","367656","510327"
"2015-11-18","GlobalPlanner.java","143928","405197","549125"
"2015-03-19","GlobalPlanner.java","139926","298125","438051"
"2014-05-16","GlobalPlanner.java","112337","145952","258289"
"2015-12-03","GlobalPlanner.java","143965","407151","551116"
"2015-04-27","GlobalPlanner.java","141189","312317","453506"
"2015-07-22","GlobalPlanner.java","142539","362051","504590"
"2014-07-09","GlobalPlanner.java","112956","160794","273750"
"2014-07-09","GlobalPlanner.java","112956","162231","275187"
"2014-06-02","GlobalPlanner.java","112686","155407","268093"
"2015-07-30","GlobalPlanner.java","142660","365377","508037"
"2015-06-24","CreateTable.java","147333","354501","501834"
"2015-09-23","CreateTable.java","150344","393393","543737"
"2014-07-09","CreateTable.java","115215","151874","267089"
"2014-05-12","CreateTable.java","114468","134996","249464"
"2014-11-18","CreateTable.java","127488","248047","375535"
"2015-04-13","CreateTable.java","145048","301041","446089"
"2014-03-31","CreateTable.java","946","4301","5247"
"2015-11-26","TestAsyncRpc.java","2885","3506","6391"
"2014-08-11","GlobalPlanner.java","126593","203140","329733"
"2014-10-25","GlobalPlanner.java","126904","264448","391352"
"2014-02-20","GlobalPlanner.java","40412","59522","99934"
"2014-12-30","GlobalPlanner.java","127306","295666","422972"
"2015-09-28","GlobalPlanner.java","132005","409654","541659"
"2015-03-24","GlobalPlanner.java","129850","308627","438477"
"2015-10-09","GlobalPlanner.java","132027","410378","542405"
"2014-01-02","GlobalPlanner.java","8139","11622","19761"
"2015-05-27","GlobalPlanner.java","130691","363963","494654"
"2014-05-07","GlobalPlanner.java","125661","173427","299088"
"2014-06-26","GlobalPlanner.java","125947","187699","313646"
"2015-04-29","GlobalPlanner.java","130528","323130","453658"
"2015-08-04","GlobalPlanner.java","131365","375460","506825"
"2015-11-18","GlobalPlanner.java","132100","412479","544579"
"2014-01-25","GlobalPlanner.java","16034","27809","43843"
"2015-03-19","GlobalPlanner.java","129841","307150","436991"
"2014-01-28","GlobalPlanner.java","18591","30242","48833"
"2014-05-16","GlobalPlanner.java","125695","178420","304115"
"2015-12-03","GlobalPlanner.java","132130","414426","546556"
"2014-02-17","GlobalPlanner.java","39659","57351","97010"
"2014-01-07","GlobalPlanner.java","10159","13770","23929"
"2014-01-17","GlobalPlanner.java","13791","23014","36805"
"2015-04-27","GlobalPlanner.java","130528","320766","451294"
"2013-12-30","GlobalPlanner.java","6886","7899","14785"
"2015-07-22","GlobalPlanner.java","131223","369845","501068"
"2014-07-09","GlobalPlanner.java","126036","192984","319020"
"2014-07-09","GlobalPlanner.java","126036","194421","320457"
"2014-02-04","GlobalPlanner.java","37922","51932","89854"
"2014-06-02","GlobalPlanner.java","125919","187750","313669"
"2015-07-30","GlobalPlanner.java","131314","373141","504455"
"2014-01-22","GlobalPlanner.java","14983","26079","41062"
"2015-07-22","TestRightOuterMergeJoinExec.java","87619","174867","262486"
"2015-06-02","TestRightOuterMergeJoinExec.java","78134","160425","238559"
"2014-12-12","TestRightOuterMergeJoinExec.java","31236","44763","75999"
"2015-06-25","TestRightOuterMergeJoinExec.java","79554","165739","245293"
"2015-06-24","TestRightOuterMergeJoinExec.java","79551","165634","245185"
"2014-12-18","TestRightOuterMergeJoinExec.java","34934","48744","83678"
"2015-09-28","GlobalPlanner.java","110204","219493","329697"
"2015-03-24","GlobalPlanner.java","25885","36302","62187"
"2015-10-09","GlobalPlanner.java","110513","220504","331017"
"2015-05-27","GlobalPlanner.java","47050","111962","159012"
"2015-04-29","GlobalPlanner.java","32767","57009","89776"
"2015-08-04","GlobalPlanner.java","65911","141646","207557"
"2015-11-18","GlobalPlanner.java","112182","224201","336383"
"2015-03-19","GlobalPlanner.java","25773","34722","60495"
"2015-12-03","GlobalPlanner.java","112632","226568","339200"
"2015-04-27","GlobalPlanner.java","32693","54571","87264"
"2015-07-22","GlobalPlanner.java","60435","130697","191132"
"2015-07-30","GlobalPlanner.java","65395","138862","204257"
"2015-10-09","GlobalPlanner.java","980","1682","2662"
"2015-11-18","GlobalPlanner.java","3839","6569","10408"
"2015-12-03","GlobalPlanner.java","5620","10267","15887"
"2015-04-28","TestAsyncRpc.java","4696","9687","14383"
"2015-09-23","TestAsyncRpc.java","94323","181925","276248"
"2015-11-10","TestAsyncRpc.java","96158","189550","285708"
"2015-11-26","TestAsyncRpc.java","97549","191562","289111"
"2015-09-28","GlobalPlanner.java","95166","194038","289204"
"2015-10-09","GlobalPlanner.java","95511","195085","290596"
"2015-05-27","GlobalPlanner.java","24569","79064","103633"
"2015-04-29","GlobalPlanner.java","8905","22730","31635"
"2015-08-04","GlobalPlanner.java","46626","111944","158570"
"2015-11-18","GlobalPlanner.java","97313","198915","296228"
"2015-12-03","GlobalPlanner.java","97798","201317","299115"
"2015-04-27","GlobalPlanner.java","8341","19802","28143"
"2015-07-22","GlobalPlanner.java","40688","100533","141221"
"2015-07-30","GlobalPlanner.java","46051","109101","155152"
"2015-07-22","TestRightOuterMergeJoinExec.java","20138","21303","41441"
"2015-06-25","TestRightOuterMergeJoinExec.java","1142","1244","2386"
"2013-12-05","GlobalPlanner.java","26501","64488","90989"
"2014-08-11","GlobalPlanner.java","90587","214732","305319"
"2013-12-20","GlobalPlanner.java","27762","74334","102096"
"2014-10-25","GlobalPlanner.java","90841","275983","366824"
"2014-02-20","GlobalPlanner.java","48468","115176","163644"
"2013-12-26","GlobalPlanner.java","28536","76134","104670"
"2014-12-30","GlobalPlanner.java","91068","307026","398094"
"2015-09-28","GlobalPlanner.java","93099","418346","511445"
"2015-03-24","GlobalPlanner.java","92082","318457","410539"
"2015-10-09","GlobalPlanner.java","93119","419068","512187"
"2014-01-02","GlobalPlanner.java","30737","81818","112555"
"2015-05-27","GlobalPlanner.java","92072","372942","465014"
"2013-09-27","GlobalPlanner.java","3792","4894","8686"
"2013-09-26","GlobalPlanner.java","3536","3968","7504"
"2014-05-07","GlobalPlanner.java","90169","185533","275702"
"2014-06-26","GlobalPlanner.java","90189","199539","289728"
"2015-04-29","GlobalPlanner.java","92108","332308","424416"
"2015-08-04","GlobalPlanner.java","92578","384271","476849"
"2015-11-18","GlobalPlanner.java","93152","421129","514281"
"2014-01-25","GlobalPlanner.java","34945","94318","129263"
"2015-03-19","GlobalPlanner.java","92073","316980","409053"
"2014-01-28","GlobalPlanner.java","35245","94494","129739"
"2014-05-16","GlobalPlanner.java","90185","190508","280693"
"2015-12-03","GlobalPlanner.java","93172","423066","516238"
"2014-02-17","GlobalPlanner.java","48387","113677","162064"
"2013-12-06","GlobalPlanner.java","26666","65170","91836"
"2014-01-07","GlobalPlanner.java","32017","83226","115243"
"2014-01-17","GlobalPlanner.java","33977","90798","124775"
"2015-04-27","GlobalPlanner.java","92108","329944","422052"
"2013-12-30","GlobalPlanner.java","30031","78642","108673"
"2015-07-22","GlobalPlanner.java","92493","378713","471206"
"2014-07-09","GlobalPlanner.java","90186","204732","294918"
"2014-07-09","GlobalPlanner.java","90186","206169","296355"
"2014-02-04","GlobalPlanner.java","47122","108730","155852"
"2014-06-02","GlobalPlanner.java","90192","199621","289813"
"2015-07-30","GlobalPlanner.java","92576","382001","474577"
"2014-01-22","GlobalPlanner.java","34327","93021","127348"
"2015-11-18","GlobalPlanner.java","2872","4900","7772"
"2015-12-03","GlobalPlanner.java","4657","8602","13259"
"2015-06-24","CreateTable.java","114800","372280","487080"
"2014-03-20","CreateTable.java","46719","97031","143750"
"2015-09-23","CreateTable.java","116012","409373","525385"
"2014-01-17","CreateTable.java","17921","47167","65088"
"2014-07-09","CreateTable.java","110993","197964","308957"
"2014-05-12","CreateTable.java","110935","181775","292710"
"2014-11-18","CreateTable.java","111879","282750","394629"
"2015-04-13","CreateTable.java","114634","320939","435573"
"2014-03-31","CreateTable.java","47056","100723","147779"
"2014-01-20","CreateTable.java","17966","47561","65527"
"2013-12-18","CreateTable.java","8811","28103","36914"
"2013-12-03","CreateTable.java","7089","16314","23403"
"2014-08-11","GlobalPlanner.java","124389","197453","321842"
"2014-10-25","GlobalPlanner.java","124797","258858","383655"
"2014-02-20","GlobalPlanner.java","33084","48711","81795"
"2014-12-30","GlobalPlanner.java","126178","291055","417233"
"2015-09-28","GlobalPlanner.java","131744","405910","537654"
"2015-03-24","GlobalPlanner.java","128911","304205","433116"
"2015-10-09","GlobalPlanner.java","131795","406663","538458"
"2015-05-27","GlobalPlanner.java","129764","359553","489317"
"2014-05-07","GlobalPlanner.java","123332","167615","290947"
"2014-06-26","GlobalPlanner.java","123727","181996","305723"
"2015-04-29","GlobalPlanner.java","129600","318719","448319"
"2015-08-04","GlobalPlanner.java","130901","371513","502414"
"2015-11-18","GlobalPlanner.java","131870","408766","540636"
"2014-01-25","GlobalPlanner.java","8423","16715","25138"
"2015-03-19","GlobalPlanner.java","128902","302728","431630"
"2014-01-28","GlobalPlanner.java","11058","19226","30284"
"2014-05-16","GlobalPlanner.java","123420","172662","296082"
"2015-12-03","GlobalPlanner.java","131900","410713","542613"
"2014-02-17","GlobalPlanner.java","32328","46537","78865"
"2014-01-07","GlobalPlanner.java","2081","2209","4290"
"2014-01-17","GlobalPlanner.java","5835","11575","17410"
"2015-04-27","GlobalPlanner.java","129600","316355","445955"
"2015-07-22","GlobalPlanner.java","130752","365891","496643"
"2014-07-09","GlobalPlanner.java","123816","187281","311097"
"2014-07-09","GlobalPlanner.java","123816","188718","312534"
"2014-02-04","GlobalPlanner.java","30399","40926","71325"
"2014-06-02","GlobalPlanner.java","123629","181977","305606"
"2015-07-30","GlobalPlanner.java","130842","369186","500028"
"2014-01-22","GlobalPlanner.java","7357","14970","22327"
"2015-09-28","GlobalPlanner.java","126846","171223","298069"
"2015-10-09","GlobalPlanner.java","127224","172303","299527"
"2015-08-04","GlobalPlanner.java","31203","42026","73229"
"2015-11-18","GlobalPlanner.java","129202","176309","305511"
"2015-12-03","GlobalPlanner.java","129889","178913","308802"
"2015-07-22","GlobalPlanner.java","24180","29530","53710"
"2015-07-30","GlobalPlanner.java","30436","38991","69427"
"2013-12-05","GlobalPlanner.java","23808","60693","84501"
"2014-08-11","GlobalPlanner.java","91323","214366","305689"
"2013-12-20","GlobalPlanner.java","25154","70624","95778"
"2014-10-25","GlobalPlanner.java","91595","275635","367230"
"2014-02-20","GlobalPlanner.java","46760","112366","159126"
"2013-12-26","GlobalPlanner.java","25953","72449","98402"
"2014-12-30","GlobalPlanner.java","91822","306678","398500"
"2015-09-28","GlobalPlanner.java","93897","418042","511939"
"2015-03-24","GlobalPlanner.java","92842","318115","410957"
"2015-10-09","GlobalPlanner.java","93919","418766","512685"
"2014-01-02","GlobalPlanner.java","28182","78161","106343"
"2015-05-27","GlobalPlanner.java","92842","372610","465452"
"2014-05-07","GlobalPlanner.java","90905","185167","276072"
"2014-06-26","GlobalPlanner.java","90925","199173","290098"
"2015-04-29","GlobalPlanner.java","92868","331966","424834"
"2015-08-04","GlobalPlanner.java","93407","383998","477405"
"2015-11-18","GlobalPlanner.java","93954","420829","514783"
"2014-01-25","GlobalPlanner.java","33073","91344","124417"
"2015-03-19","GlobalPlanner.java","92833","316638","409471"
"2014-01-28","GlobalPlanner.java","33375","91522","124897"
"2014-05-16","GlobalPlanner.java","90921","190142","281063"
"2015-12-03","GlobalPlanner.java","93976","422768","516744"
"2014-02-17","GlobalPlanner.java","46618","110806","157424"
"2013-12-06","GlobalPlanner.java","23975","61377","85352"
"2014-01-07","GlobalPlanner.java","29625","79732","109357"
"2014-01-17","GlobalPlanner.java","32024","87743","119767"
"2015-04-27","GlobalPlanner.java","92868","329602","422470"
"2013-12-30","GlobalPlanner.java","27459","74968","102427"
"2015-07-22","GlobalPlanner.java","93320","378438","471758"
"2014-07-09","GlobalPlanner.java","90922","204366","295288"
"2014-07-09","GlobalPlanner.java","90922","205803","296725"
"2014-02-04","GlobalPlanner.java","45321","105827","151148"
"2014-06-02","GlobalPlanner.java","90928","199255","290183"
"2015-07-30","GlobalPlanner.java","93405","381728","475133"
"2014-01-22","GlobalPlanner.java","32388","89980","122368"
"2015-06-24","CreateTable.java","134197","362431","496628"
"2014-03-20","CreateTable.java","38604","59670","98274"
"2015-09-23","CreateTable.java","135749","399864","535613"
"2014-07-09","CreateTable.java","127179","184904","312083"
"2014-05-12","CreateTable.java","126729","168323","295052"
"2014-11-18","CreateTable.java","129713","271338","401051"
"2015-04-13","CreateTable.java","132760","309819","442579"
"2014-03-31","CreateTable.java","39130","63551","102681"
"2014-01-20","CreateTable.java","312","661","973"
"2013-12-05","GlobalPlanner.java","23938","61493","85431"
"2014-08-11","GlobalPlanner.java","90864","214577","305441"
"2013-12-20","GlobalPlanner.java","25279","71419","96698"
"2014-10-25","GlobalPlanner.java","91118","275828","366946"
"2014-02-20","GlobalPlanner.java","46635","112911","159546"
"2013-12-26","GlobalPlanner.java","26068","73234","99302"
"2014-12-30","GlobalPlanner.java","91345","306871","398216"
"2015-09-28","GlobalPlanner.java","93382","418197","511579"
"2015-03-24","GlobalPlanner.java","92365","318308","410673"
"2015-10-09","GlobalPlanner.java","93404","418921","512325"
"2014-01-02","GlobalPlanner.java","28286","78935","107221"
"2015-05-27","GlobalPlanner.java","92355","372793","465148"
"2013-09-27","GlobalPlanner.java","367","1037","1404"
"2014-05-07","GlobalPlanner.java","90446","185378","275824"
"2014-06-26","GlobalPlanner.java","90466","199384","289850"
"2015-04-29","GlobalPlanner.java","92391","332159","424550"
"2015-08-04","GlobalPlanner.java","92861","384122","476983"
"2015-11-18","GlobalPlanner.java","93439","420984","514423"
"2014-01-25","GlobalPlanner.java","33031","91972","125003"
"2015-03-19","GlobalPlanner.java","92356","316831","409187"
"2014-01-28","GlobalPlanner.java","33329","92146","125475"
"2014-05-16","GlobalPlanner.java","90462","190353","280815"
"2015-12-03","GlobalPlanner.java","93461","422923","516384"
"2014-02-17","GlobalPlanner.java","46529","111387","157916"
"2013-12-06","GlobalPlanner.java","24105","62177","86282"
"2014-01-07","GlobalPlanner.java","29677","80454","110131"
"2014-01-17","GlobalPlanner.java","32032","88421","120453"
"2015-04-27","GlobalPlanner.java","92391","329795","422186"
"2013-12-30","GlobalPlanner.java","27564","75743","103307"
"2015-07-22","GlobalPlanner.java","92776","378564","471340"
"2014-07-09","GlobalPlanner.java","90463","204577","295040"
"2014-07-09","GlobalPlanner.java","90463","206014","296477"
"2014-02-04","GlobalPlanner.java","45240","106416","151656"
"2014-06-02","GlobalPlanner.java","90469","199466","289935"
"2015-07-30","GlobalPlanner.java","92859","381852","474711"
"2014-01-22","GlobalPlanner.java","32389","90651","123040"
"2014-08-11","GlobalPlanner.java","10381","39162","49543"
"2014-10-25","GlobalPlanner.java","39181","128959","168140"
"2014-12-30","GlobalPlanner.java","71453","192047","263500"
"2015-09-28","GlobalPlanner.java","126139","356022","482161"
"2015-03-24","GlobalPlanner.java","83429","214440","297869"
"2015-10-09","GlobalPlanner.java","126266","356851","483117"
"2015-05-27","GlobalPlanner.java","92247","277753","370000"
"2014-06-26","GlobalPlanner.java","7140","21126","28266"
"2015-04-29","GlobalPlanner.java","87199","232035","319234"
"2015-08-04","GlobalPlanner.java","100428","296757","397185"
"2015-11-18","GlobalPlanner.java","126694","359307","486001"
"2015-03-19","GlobalPlanner.java","83399","212942","296341"
"2014-05-16","GlobalPlanner.java","456","5415","5871"
"2015-12-03","GlobalPlanner.java","126829","361359","488188"
"2015-04-27","GlobalPlanner.java","87176","229648","316824"
"2015-07-22","GlobalPlanner.java","99111","289967","389078"
"2014-07-09","GlobalPlanner.java","7736","26918","34654"
"2014-07-09","GlobalPlanner.java","7918","28537","36455"
"2014-06-02","GlobalPlanner.java","2242","16307","18549"
"2015-07-30","GlobalPlanner.java","100145","294206","394351"
"2014-08-11","GlobalPlanner.java","4027","18822","22849"
"2014-10-25","GlobalPlanner.java","34788","110580","145368"
"2014-12-30","GlobalPlanner.java","68593","175201","243794"
"2015-09-28","GlobalPlanner.java","129915","345812","475727"
"2015-03-24","GlobalPlanner.java","81390","198415","279805"
"2015-10-09","GlobalPlanner.java","130051","346650","476701"
"2015-05-27","GlobalPlanner.java","91531","263051","354582"
"2015-04-29","GlobalPlanner.java","85441","216291","301732"
"2015-08-04","GlobalPlanner.java","100737","283080","383817"
"2015-11-18","GlobalPlanner.java","130534","349161","479695"
"2015-03-19","GlobalPlanner.java","81360","196917","278277"
"2015-12-03","GlobalPlanner.java","130691","351235","481926"
"2015-04-27","GlobalPlanner.java","85417","213903","299320"
"2015-07-22","GlobalPlanner.java","99265","276135","375400"
"2014-07-09","GlobalPlanner.java","923","6119","7042"
"2014-07-09","GlobalPlanner.java","1151","7784","8935"
"2015-07-30","GlobalPlanner.java","100448","280523","380971"
"2015-06-24","CreateTable.java","95301","265810","361111"
"2015-09-23","CreateTable.java","133385","339775","473160"
"2014-11-18","CreateTable.java","42526","126426","168952"
"2015-04-13","CreateTable.java","84573","203907","288480"
"2015-06-24","CreateTable.java","94250","280890","375140"
"2015-09-23","CreateTable.java","127556","350077","477633"
"2014-07-09","CreateTable.java","7472","23603","31075"
"2014-11-18","CreateTable.java","45448","145479","190927"
"2015-04-13","CreateTable.java","85250","220715","305965"
"2015-06-24","CreateTable.java","79216","165825","245041"
"2015-09-23","CreateTable.java","127586","250076","377662"
"2015-04-13","CreateTable.java","63148","98582","161730"
"2015-09-28","GlobalPlanner.java","92542","177589","270131"
"2015-10-09","GlobalPlanner.java","92913","178662","271575"
"2015-05-27","GlobalPlanner.java","16184","56854","73038"
"2015-08-04","GlobalPlanner.java","40058","91551","131609"
"2015-11-18","GlobalPlanner.java","94871","182648","277519"
"2015-12-03","GlobalPlanner.java","95495","185189","280684"
"2015-07-22","GlobalPlanner.java","33776","79796","113572"
"2015-07-30","GlobalPlanner.java","39295","88520","127815"
"2015-07-22","TestRightOuterMergeJoinExec.java","63812","137250","201062"
"2015-06-02","TestRightOuterMergeJoinExec.java","52646","121127","173773"
"2015-06-25","TestRightOuterMergeJoinExec.java","54730","127105","181835"
"2015-06-24","TestRightOuterMergeJoinExec.java","54725","126998","181723"
"2015-07-22","TestRightOuterMergeJoinExec.java","114917","374120","489037"
"2014-10-25","TestRightOuterMergeJoinExec.java","111371","269496","380867"
"2014-02-20","TestRightOuterMergeJoinExec.java","39156","78824","117980"
"2014-08-11","TestRightOuterMergeJoinExec.java","111039","208167","319206"
"2014-03-20","TestRightOuterMergeJoinExec.java","46583","97453","144036"
"2015-06-02","TestRightOuterMergeJoinExec.java","114373","368619","482992"
"2014-12-12","TestRightOuterMergeJoinExec.java","111487","296969","408456"
"2015-06-25","TestRightOuterMergeJoinExec.java","114383","372523","486906"
"2014-11-25","TestRightOuterMergeJoinExec.java","111475","283430","394905"
"2015-06-24","TestRightOuterMergeJoinExec.java","114383","372421","486804"
"2014-12-18","TestRightOuterMergeJoinExec.java","111672","297437","409109"
"2015-06-24","CreateTable.java","25840","77015","102855"
"2015-09-23","CreateTable.java","94537","181593","276130"
"2014-02-07","TestSortExec.java","59857","133967","193824"
"2013-07-26","TestSortExec.java","13947","7998","21945"
"2013-08-12","TestSortExec.java","17149","10701","27850"
"2015-11-09","TestSortExec.java","84573","423034","507607"
"2015-06-25","TestSortExec.java","83566","379828","463394"
"2015-06-02","TestSortExec.java","83566","375934","459500"
"2015-07-30","TestSortExec.java","84059","384589","468648"
"2015-05-19","TestSortExec.java","83580","371138","454718"
"2014-12-18","TestSortExec.java","82703","306590","389293"
"2014-12-12","TestSortExec.java","82600","306204","388804"
"2014-02-10","TestSortExec.java","60372","134470","194842"
"2015-11-09","TestSortExec.java","140549","404900","545449"
"2015-06-25","TestSortExec.java","138600","360752","499352"
"2015-06-02","TestSortExec.java","138317","356575","494892"
"2015-07-30","TestSortExec.java","139400","365820","505220"
"2015-05-19","TestSortExec.java","138212","351660","489872"
"2014-12-18","TestSortExec.java","134096","283873","417969"
"2014-12-12","TestSortExec.java","133905","283399","417304"
"2014-02-10","TestSortExec.java","696","684","1380"
"2014-02-07","TestSortExec.java","50033","130092","180125"
"2013-08-12","TestSortExec.java","3843","3344","7187"
"2015-11-09","TestSortExec.java","77699","422109","499808"
"2015-06-25","TestSortExec.java","76682","378893","455575"
"2015-06-02","TestSortExec.java","76682","374999","451681"
"2015-07-30","TestSortExec.java","77179","383658","460837"
"2015-05-19","TestSortExec.java","76696","370203","446899"
"2014-12-18","TestSortExec.java","75819","305655","381474"
"2014-12-12","TestSortExec.java","75716","305269","380985"
"2014-02-10","TestSortExec.java","50548","130595","181143"
"2014-02-07","TestSortExec.java","47664","128222","175886"
"2015-11-09","TestSortExec.java","76646","421555","498201"
"2015-06-25","TestSortExec.java","75591","378301","453892"
"2015-06-02","TestSortExec.java","75591","374407","449998"
"2015-07-30","TestSortExec.java","76113","383091","459204"
"2015-05-19","TestSortExec.java","75605","369611","445216"
"2014-12-18","TestSortExec.java","74698","305033","379731"
"2014-12-12","TestSortExec.java","74595","304647","379242"
"2014-02-10","TestSortExec.java","48179","128725","176904"
"2015-09-28","GlobalPlanner.java","112349","145903","258252"
"2015-10-09","GlobalPlanner.java","112997","147253","260250"
"2015-11-18","GlobalPlanner.java","115179","151463","266642"
"2015-12-03","GlobalPlanner.java","115978","154179","270157"
"2015-03-03","TestBlockingRpc.java","82775","314577","397352"
"2013-08-14","TestBlockingRpc.java","22677","17814","40491"
"2014-09-20","TestBlockingRpc.java","82389","273152","355541"
"2013-10-16","TestBlockingRpc.java","41419","77632","119051"
"2015-04-28","TestBlockingRpc.java","83622","333683","417305"
"2015-09-23","TestBlockingRpc.java","84545","417217","501762"
"2015-04-16","TestBlockingRpc.java","83604","328674","412278"
"2015-11-10","TestBlockingRpc.java","84573","423035","507608"
"2014-04-23","TestBlockingRpc.java","81830","184912","266742"
"2015-04-18","TestBlockingRpc.java","83614","332043","415657"
"2013-08-15","TestBlockingRpc.java","22894","18028","40922"
"2014-03-29","TestBlockingRpc.java","61851","154103","215954"
"2015-11-26","TestBlockingRpc.java","84587","423670","508257"
"2015-04-28","TestBlockingRpc.java","12183","30442","42625"
"2015-09-23","TestBlockingRpc.java","95669","196539","292208"
"2015-04-16","TestBlockingRpc.java","8725","21993","30718"
"2015-11-10","TestBlockingRpc.java","97421","204081","301502"
"2015-04-18","TestBlockingRpc.java","11802","28429","40231"
"2015-11-26","TestBlockingRpc.java","98781","206062","304843"
"2015-11-09","TestSortExec.java","125821","168020","293841"
"2015-07-30","TestSortExec.java","25423","29691","55114"
"2015-11-09","TestSortExec.java","126284","172377","298661"
"2015-06-25","TestSortExec.java","4342","8236","12578"
"2015-07-30","TestSortExec.java","28120","36282","64402"
"2015-11-09","TestSortExec.java","113772","151703","265475"
"2015-03-03","TestBlockingRpc.java","76367","313032","389399"
"2014-09-20","TestBlockingRpc.java","75972","271598","347570"
"2013-10-16","TestBlockingRpc.java","24404","65480","89884"
"2015-04-28","TestBlockingRpc.java","77249","332173","409422"
"2015-09-23","TestBlockingRpc.java","78199","415734","493933"
"2015-04-16","TestBlockingRpc.java","77231","327164","404395"
"2015-11-10","TestBlockingRpc.java","78234","421559","499793"
"2014-04-23","TestBlockingRpc.java","75366","183311","258677"
"2015-04-18","TestBlockingRpc.java","77241","330533","407774"
"2013-08-15","TestBlockingRpc.java","260","257","517"
"2014-03-29","TestBlockingRpc.java","49042","146157","195199"
"2015-11-26","TestBlockingRpc.java","78257","422203","500460"
"2015-03-03","TestBlockingRpc.java","84432","125471","209903"
"2015-04-28","TestBlockingRpc.java","92863","152161","245024"
"2015-09-23","TestBlockingRpc.java","146641","288550","435191"
"2015-04-16","TestBlockingRpc.java","89991","144298","234289"
"2015-11-10","TestBlockingRpc.java","147458","295157","442615"
"2015-04-18","TestBlockingRpc.java","92679","150345","243024"
"2015-11-26","TestBlockingRpc.java","147665","295985","443650"
"2015-11-09","TestSortExec.java","125464","176367","301831"
"2015-06-25","TestSortExec.java","11050","19754","30804"
"2015-06-02","TestSortExec.java","6893","11703","18596"
"2015-07-30","TestSortExec.java","33337","46309","79646"
"2015-11-09","TestSortExec.java","113891","228465","342356"
"2015-06-25","TestSortExec.java","54730","127105","181835"
"2015-06-02","TestSortExec.java","52646","121127","173773"
"2015-07-30","TestSortExec.java","68664","145307","213971"
"2015-05-19","TestSortExec.java","49728","113399","163127"
"2015-11-09","TestSortExec.java","114971","229828","344799"
"2015-06-25","TestSortExec.java","56229","128887","185116"
"2015-06-02","TestSortExec.java","54160","122924","177084"
"2015-07-30","TestSortExec.java","69968","146894","216862"
"2015-05-19","TestSortExec.java","51242","115196","166438"
"2014-12-18","TestSortExec.java","3812","4095","7907"
"2015-06-24","CreateTable.java","150213","354026","504239"
"2015-09-23","CreateTable.java","153156","392850","546006"
"2014-07-09","CreateTable.java","116106","149410","265516"
"2014-05-12","CreateTable.java","115292","132465","247757"
"2014-11-18","CreateTable.java","128475","245679","374154"
"2015-04-13","CreateTable.java","147927","300565","448492"
"2015-12-03","GlobalPlanner.java","1844","3761","5605"
"2015-11-09","TestSortExec.java","140537","404900","545437"
"2015-06-25","TestSortExec.java","138588","360752","499340"
"2015-06-02","TestSortExec.java","138305","356575","494880"
"2015-07-30","TestSortExec.java","139388","365820","505208"
"2015-05-19","TestSortExec.java","138200","351660","489860"
"2014-12-18","TestSortExec.java","134072","283861","417933"
"2014-12-12","TestSortExec.java","133881","283387","417268"
"2015-09-16","TestSortIntersectExec.java","112995","131080","244075"
"2015-03-03","TestBlockingRpc.java","111713","307302","419015"
"2014-09-20","TestBlockingRpc.java","110952","265502","376454"
"2015-04-28","TestBlockingRpc.java","113445","327293","440738"
"2015-09-23","TestBlockingRpc.java","114578","411037","525615"
"2015-04-16","TestBlockingRpc.java","113423","322280","435703"
"2015-11-10","TestBlockingRpc.java","114697","416946","531643"
"2014-04-23","TestBlockingRpc.java","110029","176898","286927"
"2015-04-18","TestBlockingRpc.java","113434","325650","439084"
"2014-03-29","TestBlockingRpc.java","49664","105703","155367"
"2015-11-26","TestBlockingRpc.java","114722","417592","532314"
"2015-09-23","TestBlockingRpc.java","91835","174446","266281"
"2015-11-10","TestBlockingRpc.java","93766","182167","275933"
"2015-11-26","TestBlockingRpc.java","95205","184227","279432"
"2015-11-10","TestBlockingRpc.java","3600","9390","12990"
"2015-11-26","TestBlockingRpc.java","6440","12851","19291"
"2015-04-28","TestBlockingRpc.java","4696","9687","14383"
"2015-09-23","TestBlockingRpc.java","94323","181925","276248"
"2015-11-10","TestBlockingRpc.java","96158","189550","285708"
"2015-04-18","TestBlockingRpc.java","3490","6849","10339"
"2015-11-26","TestBlockingRpc.java","97549","191562","289111"
"2015-09-01","TestTupleSorter.java","86925","159145","246070"
"2015-07-22","TestTupleSorter.java","41314","102190","143504"
"2015-06-24","CreateTable.java","134284","362169","496453"
"2014-03-20","CreateTable.java","38338","59055","97393"
"2015-09-23","CreateTable.java","135837","399603","535440"
"2014-07-09","CreateTable.java","127266","184642","311908"
"2014-05-12","CreateTable.java","126811","168056","294867"
"2014-11-18","CreateTable.java","129800","271076","400876"
"2015-04-13","CreateTable.java","132847","309557","442404"
"2014-03-31","CreateTable.java","38865","62937","101802"
"2015-06-24","CreateTable.java","130811","368999","499810"
"2014-03-20","CreateTable.java","50948","81968","132916"
"2015-09-23","CreateTable.java","132103","406172","538275"
"2014-01-17","CreateTable.java","15418","25372","40790"
"2014-07-09","CreateTable.java","126168","193847","320015"
"2014-05-12","CreateTable.java","125901","177449","303350"
"2014-11-18","CreateTable.java","127221","278800","406021"
"2015-04-13","CreateTable.java","130014","317027","447041"
"2014-03-31","CreateTable.java","51334","85709","137043"
"2014-01-20","CreateTable.java","15462","25765","41227"
"2015-11-26","TestBlockingRpc.java","2885","3506","6391"
"2014-08-11","GlobalPlanner.java","129211","193983","323194"
"2014-10-25","GlobalPlanner.java","129768","255537","385305"
"2014-02-20","GlobalPlanner.java","25781","33116","58897"
"2014-12-30","GlobalPlanner.java","132006","288591","420597"
"2015-09-28","GlobalPlanner.java","137882","403756","541638"
"2015-03-24","GlobalPlanner.java","134788","301790","436578"
"2015-10-09","GlobalPlanner.java","137924","404500","542424"
"2015-05-27","GlobalPlanner.java","135904","357401","493305"
"2014-05-07","GlobalPlanner.java","128028","164019","292047"
"2014-06-26","GlobalPlanner.java","128505","178482","306987"
"2015-04-29","GlobalPlanner.java","135721","316548","452269"
"2015-08-04","GlobalPlanner.java","137048","369368","506416"
"2015-11-18","GlobalPlanner.java","138000","406604","544604"
"2015-03-19","GlobalPlanner.java","134779","300313","435092"
"2014-01-28","GlobalPlanner.java","2921","2797","5718"
"2014-05-16","GlobalPlanner.java","128116","169066","297182"
"2015-12-03","GlobalPlanner.java","138035","408556","546591"
"2014-02-17","GlobalPlanner.java","24950","30867","55817"
"2015-04-27","GlobalPlanner.java","135721","314184","449905"
"2015-07-22","GlobalPlanner.java","136901","363748","500649"
"2014-07-09","GlobalPlanner.java","128606","183779","312385"
"2014-07-09","GlobalPlanner.java","128606","185216","313822"
"2014-02-04","GlobalPlanner.java","22503","24738","47241"
"2014-06-02","GlobalPlanner.java","128407","178463","306870"
"2015-07-30","GlobalPlanner.java","136989","367041","504030"
"2015-09-01","TestTupleSorter.java","104439","115783","220222"
"2015-09-28","GlobalPlanner.java","94494","194834","289328"
"2015-03-24","GlobalPlanner.java","186","1654","1840"
"2015-10-09","GlobalPlanner.java","94839","195881","290720"
"2015-05-27","GlobalPlanner.java","24451","80414","104865"
"2015-04-29","GlobalPlanner.java","8920","24213","33133"
"2015-08-04","GlobalPlanner.java","46419","113205","159624"
"2015-11-18","GlobalPlanner.java","96623","199693","296316"
"2015-12-03","GlobalPlanner.java","97106","202093","299199"
"2015-04-27","GlobalPlanner.java","8361","21290","29651"
"2015-07-22","GlobalPlanner.java","40498","101811","142309"
"2015-07-30","GlobalPlanner.java","45844","110362","156206"
"2014-08-11","GlobalPlanner.java","128262","193158","321420"
"2014-10-25","GlobalPlanner.java","128834","254727","383561"
"2014-02-20","GlobalPlanner.java","23632","31091","54723"
"2014-12-30","GlobalPlanner.java","131102","287811","418913"
"2015-09-28","GlobalPlanner.java","137337","403335","540672"
"2015-03-24","GlobalPlanner.java","133908","301034","434942"
"2015-10-09","GlobalPlanner.java","137381","404081","541462"
"2015-05-27","GlobalPlanner.java","135177","356798","491975"
"2014-05-07","GlobalPlanner.java","127033","163148","290181"
"2014-06-26","GlobalPlanner.java","127517","177618","305135"
"2015-04-29","GlobalPlanner.java","134975","315926","450901"
"2015-08-04","GlobalPlanner.java","136349","368793","505142"
"2015-11-18","GlobalPlanner.java","137451","406179","543630"
"2015-03-19","GlobalPlanner.java","133898","299556","433454"
"2014-05-16","GlobalPlanner.java","127121","168195","295316"
"2015-12-03","GlobalPlanner.java","137486","408131","545617"
"2014-02-17","GlobalPlanner.java","22480","28521","51001"
"2015-04-27","GlobalPlanner.java","134975","313562","448537"
"2015-07-22","GlobalPlanner.java","136232","363203","499435"
"2014-07-09","GlobalPlanner.java","127637","182934","310571"
"2014-07-09","GlobalPlanner.java","127637","184371","312008"
"2014-02-04","GlobalPlanner.java","19930","22289","42219"
"2014-06-02","GlobalPlanner.java","127415","177595","305010"
"2015-07-30","GlobalPlanner.java","136343","366519","502862"
"2015-03-03","TestBlockingRpc.java","79822","208542","288364"
"2014-09-20","TestBlockingRpc.java","13402","101083","114485"
"2015-04-28","TestBlockingRpc.java","86538","233517","320055"
"2015-09-23","TestBlockingRpc.java","124068","353658","477726"
"2015-04-16","TestBlockingRpc.java","84307","226295","310602"
"2015-11-10","TestBlockingRpc.java","124696","360076","484772"
"2015-04-18","TestBlockingRpc.java","86431","231778","318209"
"2015-11-26","TestBlockingRpc.java","124791","360792","485583"
"2015-04-28","TestBlockingRpc.java","1222","2854","4076"
"2015-09-23","TestBlockingRpc.java","92153","176396","268549"
"2015-11-10","TestBlockingRpc.java","94068","184101","278169"
"2015-11-26","TestBlockingRpc.java","95494","186148","281642"
"2014-08-11","GlobalPlanner.java","10072","33894","43966"
"2014-10-25","GlobalPlanner.java","39295","124114","163409"
"2014-12-30","GlobalPlanner.java","72201","187836","260037"
"2015-09-28","GlobalPlanner.java","128569","353493","482062"
"2015-03-24","GlobalPlanner.java","84278","210330","294608"
"2015-10-09","GlobalPlanner.java","128697","354323","483020"
"2015-05-27","GlobalPlanner.java","93214","273761","366975"
"2014-06-26","GlobalPlanner.java","6729","15756","22485"
"2015-04-29","GlobalPlanner.java","88086","227963","316049"
"2015-08-04","GlobalPlanner.java","101537","292907","394444"
"2015-11-18","GlobalPlanner.java","129169","356823","485992"
"2015-03-19","GlobalPlanner.java","84248","208832","293080"
"2015-12-03","GlobalPlanner.java","129324","358895","488219"
"2015-04-27","GlobalPlanner.java","88062","225575","313637"
"2015-07-22","GlobalPlanner.java","100121","286018","386139"
"2014-07-09","GlobalPlanner.java","7337","21560","28897"
"2014-07-09","GlobalPlanner.java","7519","23179","30698"
"2014-06-02","GlobalPlanner.java","1814","10920","12734"
"2015-07-30","GlobalPlanner.java","101253","290355","391608"
"2014-08-11","GlobalPlanner.java","113143","171998","285141"
"2014-10-25","GlobalPlanner.java","119732","239584","359316"
"2014-02-20","GlobalPlanner.java","1206","2624","3830"
"2014-12-30","GlobalPlanner.java","136017","286685","422702"
"2015-09-28","GlobalPlanner.java","142602","402559","545161"
"2015-03-24","GlobalPlanner.java","139067","300152","439219"
"2015-10-09","GlobalPlanner.java","142646","403305","545951"
"2015-05-27","GlobalPlanner.java","140376","355956","496332"
"2014-05-07","GlobalPlanner.java","111446","141520","252966"
"2014-06-26","GlobalPlanner.java","111996","156056","268052"
"2015-04-29","GlobalPlanner.java","140157","315067","455224"
"2015-08-04","GlobalPlanner.java","141570","367973","509543"
"2015-11-18","GlobalPlanner.java","142716","405403","548119"
"2015-03-19","GlobalPlanner.java","139057","298674","437731"
"2014-05-16","GlobalPlanner.java","111534","146567","258101"
"2015-12-03","GlobalPlanner.java","142751","407355","550106"
"2015-04-27","GlobalPlanner.java","140157","312703","452860"
"2015-07-22","GlobalPlanner.java","141452","362382","503834"
"2014-07-09","GlobalPlanner.java","112119","161375","273494"
"2014-07-09","GlobalPlanner.java","112119","162812","274931"
"2014-06-02","GlobalPlanner.java","111883","156022","267905"
"2015-07-30","GlobalPlanner.java","141564","365699","507263"
"2014-08-11","GlobalPlanner.java","120080","205721","325801"
"2013-12-20","GlobalPlanner.java","3388","11456","14844"
"2014-10-25","GlobalPlanner.java","120414","267052","387466"
"2014-02-20","GlobalPlanner.java","41264","69468","110732"
"2013-12-26","GlobalPlanner.java","4268","13362","17630"
"2014-12-30","GlobalPlanner.java","120799","298253","419052"
"2015-09-28","GlobalPlanner.java","124815","411558","536373"
"2015-03-24","GlobalPlanner.java","123340","311211","434551"
"2015-10-09","GlobalPlanner.java","124837","412282","537119"
"2014-01-02","GlobalPlanner.java","12316","24893","37209"
"2015-05-27","GlobalPlanner.java","123558","365924","489482"
"2014-05-07","GlobalPlanner.java","119387","176247","295634"
"2014-06-26","GlobalPlanner.java","119454","190300","309754"
"2015-04-29","GlobalPlanner.java","123405","325101","448506"
"2015-08-04","GlobalPlanner.java","124221","377410","501631"
"2015-11-18","GlobalPlanner.java","124910","414383","539293"
"2014-01-25","GlobalPlanner.java","18842","39711","58553"
"2015-03-19","GlobalPlanner.java","123331","309734","433065"
"2014-01-28","GlobalPlanner.java","20993","41738","62731"
"2014-05-16","GlobalPlanner.java","119420","181239","300659"
"2015-12-03","GlobalPlanner.java","124940","416330","541270"
"2014-02-17","GlobalPlanner.java","40605","67391","107996"
"2014-01-07","GlobalPlanner.java","14074","26779","40853"
"2014-01-17","GlobalPlanner.java","16952","35269","52221"
"2015-04-27","GlobalPlanner.java","123405","322737","446142"
"2013-12-30","GlobalPlanner.java","11105","21212","32317"
"2015-07-22","GlobalPlanner.java","124079","371795","495874"
"2014-07-09","GlobalPlanner.java","119536","195578","315114"
"2014-07-09","GlobalPlanner.java","119536","197015","316551"
"2014-02-04","GlobalPlanner.java","38938","62042","100980"
"2014-06-02","GlobalPlanner.java","119427","190352","309779"
"2015-07-30","GlobalPlanner.java","124170","375091","499261"
"2014-01-22","GlobalPlanner.java","17861","38051","55912"
"2015-06-24","CreateTable.java","121847","370102","491949"
"2014-03-20","CreateTable.java","50390","91477","141867"
"2015-09-23","CreateTable.java","123084","407220","530304"
"2014-01-17","CreateTable.java","17593","37614","55207"
"2014-07-09","CreateTable.java","117842","195588","313430"
"2014-05-12","CreateTable.java","117727","179342","297069"
"2014-11-18","CreateTable.java","118891","280537","399428"
"2015-04-13","CreateTable.java","121680","318760","440440"
"2014-03-31","CreateTable.java","50745","95187","145932"
"2014-01-20","CreateTable.java","17638","38008","55646"
"2013-12-18","CreateTable.java","3588","13655","17243"
"2014-08-11","GlobalPlanner.java","124499","197435","321934"
"2014-10-25","GlobalPlanner.java","124907","258840","383747"
"2014-02-20","GlobalPlanner.java","31367","46866","78233"
"2014-12-30","GlobalPlanner.java","126288","291037","417325"
"2015-09-28","GlobalPlanner.java","131854","405892","537746"
"2015-03-24","GlobalPlanner.java","129021","304187","433208"
"2015-10-09","GlobalPlanner.java","131905","406645","538550"
"2015-05-27","GlobalPlanner.java","129874","359535","489409"
"2014-05-07","GlobalPlanner.java","123442","167597","291039"
"2014-06-26","GlobalPlanner.java","123837","181978","305815"
"2015-04-29","GlobalPlanner.java","129710","318701","448411"
"2015-08-04","GlobalPlanner.java","131011","371495","502506"
"2015-11-18","GlobalPlanner.java","131980","408748","540728"
"2014-01-25","GlobalPlanner.java","6602","14766","21368"
"2015-03-19","GlobalPlanner.java","129012","302710","431722"
"2014-01-28","GlobalPlanner.java","9283","17323","26606"
"2014-05-16","GlobalPlanner.java","123530","172644","296174"
"2015-12-03","GlobalPlanner.java","132010","410695","542705"
"2014-02-17","GlobalPlanner.java","30597","44678","75275"
"2014-01-17","GlobalPlanner.java","4010","9622","13632"
"2015-04-27","GlobalPlanner.java","129710","316337","446047"
"2015-07-22","GlobalPlanner.java","130862","365873","496735"
"2014-07-09","GlobalPlanner.java","123926","187263","311189"
"2014-07-09","GlobalPlanner.java","123926","188700","312626"
"2014-02-04","GlobalPlanner.java","28637","39036","67673"
"2014-06-02","GlobalPlanner.java","123739","181959","305698"
"2015-07-30","GlobalPlanner.java","130952","369168","500120"
"2014-01-22","GlobalPlanner.java","5535","13020","18555"
"2013-12-16","DataTypeExpr.java","24132","68238","92370"
"2015-08-20","DataTypeExpr.java","93864","390084","483948"
"2015-02-21","DataTypeExpr.java","92143","310481","402624"
"2015-03-13","DataTypeExpr.java","92271","312868","405139"
"2014-01-17","DataTypeExpr.java","31820","87161","118981"
"2014-07-09","DataTypeExpr.java","91238","204304","295542"
"2015-08-03","DataTypeExpr.java","93720","382665","476385"
"2015-08-20","DataTypeExpr.java","130611","382725","513336"
"2015-02-21","DataTypeExpr.java","126357","300589","426946"
"2015-03-13","DataTypeExpr.java","126692","303183","429875"
"2014-01-17","DataTypeExpr.java","16856","28091","44947"
"2014-07-09","DataTypeExpr.java","125050","194010","319060"
"2015-08-03","DataTypeExpr.java","130316","375155","505471"
"2015-03-03","TestBlockingRpc.java","76243","312911","389154"
"2014-09-20","TestBlockingRpc.java","75849","271478","347327"
"2013-10-16","TestBlockingRpc.java","24212","65291","89503"
"2015-04-28","TestBlockingRpc.java","77184","332111","409295"
"2015-09-23","TestBlockingRpc.java","78134","415672","493806"
"2015-04-16","TestBlockingRpc.java","77166","327102","404268"
"2015-11-10","TestBlockingRpc.java","78176","421504","499680"
"2014-04-23","TestBlockingRpc.java","75237","183185","258422"
"2015-04-18","TestBlockingRpc.java","77176","330471","407647"
"2014-03-29","TestBlockingRpc.java","48893","146011","194904"
"2015-11-26","TestBlockingRpc.java","78199","422148","500347"
"2015-08-20","DataTypeExpr.java","88141","166023","254164"
"2015-03-13","DataTypeExpr.java","1998","4257","6255"
"2015-08-03","DataTypeExpr.java","49073","119680","168753"
"2014-08-11","GlobalPlanner.java","127765","195089","322854"
"2014-10-25","GlobalPlanner.java","128255","256576","384831"
"2014-02-20","GlobalPlanner.java","28556","38443","66999"
"2014-12-30","GlobalPlanner.java","129959","289096","419055"
"2015-09-28","GlobalPlanner.java","135790","404216","540006"
"2015-03-24","GlobalPlanner.java","132717","302271","434988"
"2015-10-09","GlobalPlanner.java","135831","404959","540790"
"2015-05-27","GlobalPlanner.java","133816","357865","491681"
"2014-05-07","GlobalPlanner.java","126642","165185","291827"
"2014-06-26","GlobalPlanner.java","127084","179613","306697"
"2015-04-29","GlobalPlanner.java","133648","317027","450675"
"2015-08-04","GlobalPlanner.java","134957","369829","504786"
"2015-11-18","GlobalPlanner.java","135907","407063","542970"
"2014-01-25","GlobalPlanner.java","3153","5705","8858"
"2015-03-19","GlobalPlanner.java","132708","300794","433502"
"2014-01-28","GlobalPlanner.java","5901","8329","14230"
"2014-05-16","GlobalPlanner.java","126729","170231","296960"
"2015-12-03","GlobalPlanner.java","135942","409015","544957"
"2014-02-17","GlobalPlanner.java","27736","36205","63941"
"2015-04-27","GlobalPlanner.java","133648","314663","448311"
"2015-07-22","GlobalPlanner.java","134808","364207","499015"
"2014-07-09","GlobalPlanner.java","127179","184904","312083"
"2014-07-09","GlobalPlanner.java","127179","186341","313520"
"2014-02-04","GlobalPlanner.java","25431","30218","55649"
"2014-06-02","GlobalPlanner.java","126986","179594","306580"
"2015-07-30","GlobalPlanner.java","134898","367502","502400"
"2014-01-22","GlobalPlanner.java","1916","3789","5705"
"2015-03-03","TestBlockingRpc.java","145040","284590","429630"
"2014-09-20","TestBlockingRpc.java","117416","215927","333343"
"2015-04-28","TestBlockingRpc.java","149374","307183","456557"
"2015-09-23","TestBlockingRpc.java","153071","393491","546562"
"2015-04-16","TestBlockingRpc.java","147847","300665","448512"
"2015-11-10","TestBlockingRpc.java","153442","399652","553094"
"2014-04-23","TestBlockingRpc.java","114578","125408","239986"
"2015-04-18","TestBlockingRpc.java","149357","305534","454891"
"2015-11-26","TestBlockingRpc.java","153493","400324","553817"
"2015-08-20","DataTypeExpr.java","87854","163477","251331"
"2015-08-03","DataTypeExpr.java","48544","116892","165436"
"2014-03-20","TestLogicalOptimizer.java","61564","150556","212120"
"2014-08-11","TestLogicalOptimizer.java","82338","217588","299926"
"2015-07-22","TestLogicalOptimizer.java","83983","381308","465291"
"2014-11-25","TestLogicalOptimizer.java","82590","292667","375257"
"2015-06-25","TestLogicalOptimizer.java","83566","379828","463394"
"2013-10-11","TestLogicalOptimizer.java","35302","72929","108231"
"2014-10-25","TestLogicalOptimizer.java","82572","278819","361391"
"2013-08-19","TestLogicalOptimizer.java","24236","19338","43574"
"2013-08-12","TestLogicalOptimizer.java","17149","10701","27850"
"2013-07-26","TestLogicalOptimizer.java","13947","7998","21945"
"2014-02-20","TestLogicalOptimizer.java","60749","138539","199288"
"2013-09-04","TestLogicalOptimizer.java","28139","28743","56882"
"2015-08-20","DataTypeExpr.java","135383","376262","511645"
"2015-02-21","DataTypeExpr.java","130202","293199","423401"
"2015-03-13","DataTypeExpr.java","130539","295795","426334"
"2014-07-09","DataTypeExpr.java","127179","184904","312083"
"2015-08-03","DataTypeExpr.java","134896","368500","503396"
"2014-08-11","TestLogicalOptimizer.java","116292","162550","278842"
"2015-07-22","TestLogicalOptimizer.java","148435","356768","505203"
"2014-11-25","TestLogicalOptimizer.java","127525","248610","376135"
"2015-06-25","TestLogicalOptimizer.java","147333","354603","501936"
"2014-10-25","TestLogicalOptimizer.java","123305","230560","353865"
"2015-07-22","TestLogicalOptimizer.java","105001","267076","372077"
"2014-11-25","TestLogicalOptimizer.java","41797","116624","158421"
"2015-06-25","TestLogicalOptimizer.java","99093","260105","359198"
"2014-10-25","TestLogicalOptimizer.java","33915","94912","128827"
"2015-08-20","DataTypeExpr.java","128199","311353","439552"
"2015-02-21","DataTypeExpr.java","78834","184106","262940"
"2015-03-13","DataTypeExpr.java","79619","187150","266769"
"2015-08-03","DataTypeExpr.java","102460","278339","380799"
"2015-08-20","DataTypeExpr.java","98753","106028","204781"
"2015-07-22","TestLogicalOptimizer.java","87619","174867","262486"
"2015-06-25","TestLogicalOptimizer.java","79554","165739","245293"
"2014-05-12","DropDatabase.java","114468","134996","249464"
"2015-09-28","GlobalPlanner.java","93151","180562","273713"
"2015-10-09","GlobalPlanner.java","93519","181632","275151"
"2015-05-27","GlobalPlanner.java","17370","60404","77774"
"2015-04-29","GlobalPlanner.java","1283","3647","4930"
"2015-08-04","GlobalPlanner.java","41182","95039","136221"
"2015-11-18","GlobalPlanner.java","95450","185591","281041"
"2015-12-03","GlobalPlanner.java","96065","188123","284188"
"2015-07-22","GlobalPlanner.java","34909","83293","118202"
"2015-07-30","GlobalPlanner.java","40421","92010","132431"
"2015-07-22","TestLogicalOptimizer.java","19007","20070","39077"
"2014-07-09","DropTable.java","82559","207722","290281"
"2014-03-20","DropTable.java","61949","150453","212402"
"2013-12-06","DropTable.java","47396","96507","143903"
"2013-07-26","DropTable.java","13757","7320","21077"
"2014-01-17","DropTable.java","50801","118239","169040"
"2014-07-09","DropTable.java","115215","151874","267089"
"2014-07-09","DropTable.java","119526","195578","315104"
"2014-03-20","DropTable.java","50135","89528","139663"
"2014-01-17","DropTable.java","16972","35299","52271"
"2014-08-11","GlobalPlanner.java","121969","197503","319472"
"2014-10-25","GlobalPlanner.java","122367","258898","381265"
"2014-02-20","GlobalPlanner.java","34172","52269","86441"
"2014-12-30","GlobalPlanner.java","123744","291091","414835"
"2015-09-28","GlobalPlanner.java","129311","405947","535258"
"2015-03-24","GlobalPlanner.java","126478","304242","430720"
"2015-10-09","GlobalPlanner.java","129362","406700","536062"
"2014-01-02","GlobalPlanner.java","1256","3726","4982"
"2015-05-27","GlobalPlanner.java","127331","359590","486921"
"2014-05-07","GlobalPlanner.java","120912","167665","288577"
"2014-06-26","GlobalPlanner.java","121307","182046","303353"
"2015-04-29","GlobalPlanner.java","127167","318756","445923"
"2015-08-04","GlobalPlanner.java","128468","371550","500018"
"2015-11-18","GlobalPlanner.java","129437","408803","538240"
"2014-01-25","GlobalPlanner.java","9589","20351","29940"
"2015-03-19","GlobalPlanner.java","126469","302765","429234"
"2014-01-28","GlobalPlanner.java","12194","22832","35026"
"2014-05-16","GlobalPlanner.java","121000","172712","293712"
"2015-12-03","GlobalPlanner.java","129467","410750","540217"
"2014-02-17","GlobalPlanner.java","33419","50098","83517"
"2014-01-07","GlobalPlanner.java","3288","5886","9174"
"2014-01-17","GlobalPlanner.java","7041","15251","22292"
"2015-04-27","GlobalPlanner.java","127167","316392","443559"
"2015-07-22","GlobalPlanner.java","128319","365928","494247"
"2014-07-09","GlobalPlanner.java","121396","187331","308727"
"2014-07-09","GlobalPlanner.java","121396","188768","310164"
"2014-02-04","GlobalPlanner.java","31525","44522","76047"
"2014-06-02","GlobalPlanner.java","121209","182027","303236"
"2015-07-30","GlobalPlanner.java","128409","369223","497632"
"2014-01-22","GlobalPlanner.java","8534","18617","27151"
"2014-03-20","TestLogicalOptimizer.java","53943","105308","159251"
"2014-08-11","TestLogicalOptimizer.java","113316","210939","324255"
"2015-07-22","TestLogicalOptimizer.java","115400","375098","490498"
"2014-11-25","TestLogicalOptimizer.java","113678","286128","399806"
"2015-06-25","TestLogicalOptimizer.java","114907","373542","488449"
"2014-10-25","TestLogicalOptimizer.java","113608","272228","385836"
"2014-02-20","TestLogicalOptimizer.java","47045","87208","134253"
"2014-07-09","DropTable.java","75237","206837","282074"
"2014-03-20","DropTable.java","51937","146878","198815"
"2013-12-06","DropTable.java","36153","91701","127854"
"2014-01-17","DropTable.java","40534","114409","154943"
"2015-07-22","TestLogicalOptimizer.java","85037","186115","271152"
"2014-11-25","TestLogicalOptimizer.java","9599","23429","33028"
"2015-06-25","TestLogicalOptimizer.java","77336","177351","254687"
"2014-07-09","DropTable.java","127179","184904","312083"
"2014-03-20","DropTable.java","38604","59670","98274"
"2014-03-20","TestLogicalOptimizer.java","48087","141977","190064"
"2014-08-11","TestLogicalOptimizer.java","75714","215862","291576"
"2015-07-22","TestLogicalOptimizer.java","77488","379711","457199"
"2014-11-25","TestLogicalOptimizer.java","75986","290961","366947"
"2015-06-25","TestLogicalOptimizer.java","77057","378217","455274"
"2013-10-11","TestLogicalOptimizer.java","16979","59504","76483"
"2014-10-25","TestLogicalOptimizer.java","75964","277109","353073"
"2014-02-20","TestLogicalOptimizer.java","46870","129558","176428"
"2013-09-04","TestLogicalOptimizer.java","6699","12201","18900"
"2014-03-20","TestLogicalOptimizer.java","49637","145077","194714"
"2014-08-11","TestLogicalOptimizer.java","74315","216013","290328"
"2015-07-22","TestLogicalOptimizer.java","76023","379796","455819"
"2014-11-25","TestLogicalOptimizer.java","74586","291111","365697"
"2015-06-25","TestLogicalOptimizer.java","75591","378301","453892"
"2013-10-11","TestLogicalOptimizer.java","20752","64827","85579"
"2014-10-25","TestLogicalOptimizer.java","74568","277263","351831"
"2013-08-19","TestLogicalOptimizer.java","7453","9003","16456"
"2014-02-20","TestLogicalOptimizer.java","48644","132882","181526"
"2013-09-04","TestLogicalOptimizer.java","11564","18616","30180"
"2014-03-20","TestLogicalOptimizer.java","51937","146878","198815"
"2014-08-11","TestLogicalOptimizer.java","75454","216653","292107"
"2015-07-22","TestLogicalOptimizer.java","77102","380376","457478"
"2014-11-25","TestLogicalOptimizer.java","75707","291733","367440"
"2015-06-25","TestLogicalOptimizer.java","76682","378893","455575"
"2013-10-11","TestLogicalOptimizer.java","23940","67516","91456"
"2014-10-25","TestLogicalOptimizer.java","75690","277886","353576"
"2013-08-19","TestLogicalOptimizer.java","11159","12210","23369"
"2013-08-12","TestLogicalOptimizer.java","3843","3344","7187"
"2014-02-20","TestLogicalOptimizer.java","50996","134735","185731"
"2013-09-04","TestLogicalOptimizer.java","15147","21700","36847"
"2015-03-24","Explain.java","152138","291070","443208"
"2014-07-09","Expr.java","82121","207772","289893"
"2013-07-26","Expr.java","13947","7998","21945"
"2014-05-12","Expr.java","82133","191653","273786"
"2014-07-09","Expr.java","75237","206837","282074"
"2014-05-12","Expr.java","75249","190718","265967"
"2014-07-09","Expr.java","7472","23603","31075"
"2013-07-26","FunctionExpr.java","13947","7998","21945"
"2014-02-27","FunctionExpr.java","60867","138384","199251"
"2014-02-27","FunctionExpr.java","60867","138384","199251"
"2014-01-17","FunctionExpr.java","50436","118362","168798"
"2014-02-27","FunctionExpr.java","51139","134605","185744"
"2014-02-27","FunctionExpr.java","51139","134605","185744"
"2014-01-17","FunctionExpr.java","40534","114409","154943"
"2015-12-09","TestRpcClientManager.java","98216","194783","292999"
"2015-04-28","TestRpcClientManager.java","4696","9687","14383"
"2015-09-23","TestRpcClientManager.java","94323","181925","276248"
"2014-02-27","FunctionExpr.java","34275","43866","78141"
"2014-02-27","FunctionExpr.java","34275","43866","78141"
"2014-04-16","GeneralSetFunctionExpr.java","8929","34848","43777"
"2015-12-09","TestRpcClientManager.java","95906","187482","283388"
"2015-09-23","TestRpcClientManager.java","91835","174446","266281"
"2014-01-17","Having.java","40534","114409","154943"
"2015-09-28","GlobalPlanner.java","114773","153800","268573"
"2015-10-09","GlobalPlanner.java","115364","155093","270457"
"2015-08-04","GlobalPlanner.java","7820","13293","21113"
"2015-11-18","GlobalPlanner.java","117470","159227","276697"
"2015-12-03","GlobalPlanner.java","118213","161887","280100"
"2015-07-30","GlobalPlanner.java","6598","9803","16401"
"2014-05-12","InPredicate.java","82133","191653","273786"
"2015-08-04","Insert.java","82480","385005","467485"
"2014-01-17","Insert.java","33046","100368","133414"
"2015-12-09","TestRpcClientManager.java","7354","16319","23673"
"2014-08-11","GlobalPlanner.java","3160","12759","15919"
"2014-10-25","GlobalPlanner.java","35808","106404","142212"
"2014-12-30","GlobalPlanner.java","69654","171066","240720"
"2015-09-28","GlobalPlanner.java","133532","344233","477765"
"2015-03-24","GlobalPlanner.java","82515","194344","276859"
"2015-10-09","GlobalPlanner.java","133668","345071","478739"
"2015-05-27","GlobalPlanner.java","93391","259715","353106"
"2015-04-29","GlobalPlanner.java","86946","212600","299546"
"2015-08-04","GlobalPlanner.java","102654","279801","382455"
"2015-11-18","GlobalPlanner.java","134154","347585","481739"
"2015-03-19","GlobalPlanner.java","82485","192846","275331"
"2015-12-03","GlobalPlanner.java","134315","349663","483978"
"2015-04-27","GlobalPlanner.java","86921","210211","297132"
"2015-07-22","GlobalPlanner.java","101142","272816","373958"
"2015-07-30","GlobalPlanner.java","102351","277230","379581"
"2014-03-20","TestLogicalOptimizer.java","11637","22839","34476"
"2014-08-11","TestLogicalOptimizer.java","113686","171146","284832"
"2015-07-22","TestLogicalOptimizer.java","142345","361880","504225"
"2014-11-25","TestLogicalOptimizer.java","123130","255417","378547"
"2015-06-25","TestLogicalOptimizer.java","141613","360085","501698"
"2014-10-25","TestLogicalOptimizer.java","120298","238755","359053"
"2015-08-04","Insert.java","134960","370163","505123"
"2013-10-13","IsNullPredicate.java","35321","73028","108349"
"2014-01-17","IsNullPredicate.java","50436","118362","168798"
"2014-01-17","IsNullPredicate.java","27178","57397","84575"
"2014-08-11","GlobalPlanner.java","3000","11162","14162"
"2014-10-25","GlobalPlanner.java","35704","104863","140567"
"2014-12-30","GlobalPlanner.java","69587","169562","239149"
"2015-09-28","GlobalPlanner.java","134947","344211","479158"
"2015-03-24","GlobalPlanner.java","82599","192991","275590"
"2015-10-09","GlobalPlanner.java","135083","345049","480132"
"2015-05-27","GlobalPlanner.java","94770","259657","354427"
"2015-04-29","GlobalPlanner.java","87030","211247","298277"
"2015-08-04","GlobalPlanner.java","104049","279759","383808"
"2015-11-18","GlobalPlanner.java","135569","347563","483132"
"2015-03-19","GlobalPlanner.java","82569","191493","274062"
"2015-12-03","GlobalPlanner.java","135730","349641","485371"
"2015-04-27","GlobalPlanner.java","87005","208858","295863"
"2015-07-22","GlobalPlanner.java","102537","272774","375311"
"2015-07-30","GlobalPlanner.java","103746","277188","380934"
"2015-04-06","GsonFeature.java","3540","11523","15063"
"2014-03-20","TestLogicalOptimizer.java","46502","134890","181392"
"2014-08-11","TestLogicalOptimizer.java","80524","215170","295694"
"2015-07-22","TestLogicalOptimizer.java","82392","379113","461505"
"2014-11-25","TestLogicalOptimizer.java","80799","290272","371071"
"2015-06-25","TestLogicalOptimizer.java","81960","377618","459578"
"2013-10-11","TestLogicalOptimizer.java","12051","49074","61125"
"2014-10-25","TestLogicalOptimizer.java","80777","276420","357197"
"2014-02-20","TestLogicalOptimizer.java","44692","121878","166570"
"2014-08-11","GlobalPlanner.java","110891","173428","284319"
"2014-10-25","GlobalPlanner.java","117380","240914","358294"
"2014-02-20","GlobalPlanner.java","4125","9225","13350"
"2014-12-30","GlobalPlanner.java","133145","287495","420640"
"2015-09-28","GlobalPlanner.java","139427","403066","542493"
"2015-03-24","GlobalPlanner.java","135948","300715","436663"
"2015-10-09","GlobalPlanner.java","139471","403812","543283"
"2015-05-27","GlobalPlanner.java","137222","356484","493706"
"2014-05-07","GlobalPlanner.java","109592","143348","252940"
"2014-06-26","GlobalPlanner.java","110106","157848","267954"
"2015-04-29","GlobalPlanner.java","137020","315612","452632"
"2015-08-04","GlobalPlanner.java","138396","368481","506877"
"2015-11-18","GlobalPlanner.java","139541","405910","545451"
"2015-03-19","GlobalPlanner.java","135938","299237","435175"
"2014-05-16","GlobalPlanner.java","109681","148396","258077"
"2015-12-03","GlobalPlanner.java","139576","407862","547438"
"2014-02-17","GlobalPlanner.java","2970","6652","9622"
"2015-04-27","GlobalPlanner.java","137020","313248","450268"
"2015-07-22","GlobalPlanner.java","138279","362891","501170"
"2014-07-09","GlobalPlanner.java","110229","163167","273396"
"2014-07-09","GlobalPlanner.java","110229","164604","274833"
"2014-06-02","GlobalPlanner.java","109993","157814","267807"
"2015-07-30","GlobalPlanner.java","138390","366207","504597"
"2014-05-12","Join.java","82133","191653","273786"
"2013-07-26","Join.java","13947","7998","21945"
"2014-01-17","Join.java","50436","118362","168798"
"2013-10-04","TestLogicalPlan.java","6526","18509","25035"
"2013-09-18","TestLogicalPlan.java","1038","761","1799"
"2015-09-23","TestLogicalPlan.java","93091","414659","507750"
"2015-09-23","TestLogicalPlan.java","101940","411525","513465"
"2014-05-12","Join.java","75249","190718","265967"
"2014-01-17","Join.java","40534","114409","154943"
"2013-10-04","TestLogicalPlan.java","5531","17791","23322"
"2015-09-23","TestLogicalPlan.java","92796","414641","507437"
"2015-08-19","AbstractScanner.java","84967","154628","239595"
"2015-09-17","AbstractScanner.java","93435","185425","278860"
"2014-05-12","Join.java","126729","168323","295052"
"2015-09-17","AbstractScanner.java","21890","44219","66109"
"2013-07-26","TestLogicalPlanner.java","13947","7998","21945"
"2015-07-17","TestLogicalPlanner.java","83567","381754","465321"
"2014-04-18","TestLogicalPlanner.java","62067","164631","226698"
"2015-07-22","TestLogicalPlanner.java","83983","381308","465291"
"2014-10-25","TestLogicalPlanner.java","82572","278819","361391"
"2014-05-07","TestLogicalPlanner.java","82117","188494","270611"
"2014-03-20","TestLogicalPlanner.java","61564","150556","212120"
"2015-09-16","TestLogicalPlanner.java","84372","399677","484049"
"2013-09-04","TestLogicalPlanner.java","28139","28743","56882"
"2014-11-25","TestLogicalPlanner.java","82590","292667","375257"
"2013-10-04","TestLogicalPlanner.java","34003","53379","87382"
"2014-02-16","TestLogicalPlanner.java","60372","135295","195667"
"2015-06-24","TestLogicalPlanner.java","83566","379726","463292"
"2014-08-11","TestLogicalPlanner.java","82338","217588","299926"
"2013-08-19","TestLogicalPlanner.java","24236","19338","43574"
"2013-09-16","TestLogicalPlanner.java","30877","41982","72859"
"2014-02-20","TestLogicalPlanner.java","60749","138539","199288"
"2013-09-18","TestLogicalPlanner.java","31063","41891","72954"
"2014-01-17","TestLogicalPlanner.java","50436","118362","168798"
"2015-01-02","TestLogicalPlanner.java","82703","312518","395221"
"2014-01-22","TestLogicalPlanner.java","50605","120404","171009"
"2015-09-23","TestLogicalPlanner.java","84547","417220","501767"
"2015-07-30","TestLogicalPlanner.java","84059","384589","468648"
"2015-05-11","TestLogicalPlanner.java","83578","335331","418909"
"2015-07-22","TestLogicalPlanner.java","83987","380456","464443"
"2015-10-09","TestLogicalPlanner.java","84572","421626","506198"
"2013-08-08","TestLogicalPlanner.java","16854","10029","26883"
"2015-05-06","TestLogicalPlanner.java","83576","334402","417978"
"2015-11-18","TestLogicalPlanner.java","84576","423658","508234"
"2015-09-24","TestLogicalPlanner.java","84547","417547","502094"
"2015-09-23","TestLogicalPlanner.java","84545","416586","501131"
"2015-07-17","TestLogicalPlanner.java","76683","380819","457502"
"2014-04-18","TestLogicalPlanner.java","52497","161010","213507"
"2015-07-22","TestLogicalPlanner.java","77102","380376","457478"
"2014-10-25","TestLogicalPlanner.java","75690","277886","353576"
"2014-05-07","TestLogicalPlanner.java","75233","187559","262792"
"2014-03-20","TestLogicalPlanner.java","51937","146878","198815"
"2015-09-16","TestLogicalPlanner.java","77493","398747","476240"
"2013-09-04","TestLogicalPlanner.java","15147","21700","36847"
"2014-11-25","TestLogicalPlanner.java","75707","291733","367440"
"2013-10-04","TestLogicalPlanner.java","22126","47451","69577"
"2014-02-16","TestLogicalPlanner.java","50545","131417","181962"
"2015-06-24","TestLogicalPlanner.java","76682","378791","455473"
"2014-08-11","TestLogicalPlanner.java","75454","216653","292107"
"2013-08-19","TestLogicalPlanner.java","11159","12210","23369"
"2013-09-16","TestLogicalPlanner.java","18148","35202","53350"
"2014-02-20","TestLogicalPlanner.java","50996","134735","185731"
"2013-09-18","TestLogicalPlanner.java","18896","35673","54569"
"2014-01-17","TestLogicalPlanner.java","40534","114409","154943"
"2015-01-02","TestLogicalPlanner.java","75819","311583","387402"
"2014-01-22","TestLogicalPlanner.java","40729","116477","157206"
"2015-09-23","TestLogicalPlanner.java","77668","416290","493958"
"2015-07-30","TestLogicalPlanner.java","77179","383658","460837"
"2015-05-11","TestLogicalPlanner.java","76694","334396","411090"
"2015-07-22","TestLogicalPlanner.java","77106","379524","456630"
"2015-10-09","TestLogicalPlanner.java","77694","420697","498391"
"2013-08-08","TestLogicalPlanner.java","3194","2318","5512"
"2015-05-06","TestLogicalPlanner.java","76692","333467","410159"
"2015-11-18","TestLogicalPlanner.java","77702","422733","500435"
"2015-09-24","TestLogicalPlanner.java","77668","416617","494285"
"2015-09-23","TestLogicalPlanner.java","77666","415656","493322"
"2014-05-12","JsonHelper.java","82133","191653","273786"
"2015-07-22","TestLogicalPlanner.java","17968","17106","35074"
"2015-09-16","TestLogicalPlanner.java","122764","139882","262646"
"2015-09-23","TestLogicalPlanner.java","124597","159083","283680"
"2015-07-30","TestLogicalPlanner.java","24399","26742","51141"
"2015-07-22","TestLogicalPlanner.java","20623","18905","39528"
"2015-10-09","TestLogicalPlanner.java","125439","164306","289745"
"2015-11-18","TestLogicalPlanner.java","127493","168388","295881"
"2015-09-24","TestLogicalPlanner.java","124623","159436","284059"
"2015-09-23","TestLogicalPlanner.java","123784","157638","281422"
"2015-07-17","TestLogicalPlanner.java","157605","353228","510833"
"2015-07-22","TestLogicalPlanner.java","158729","353490","512219"
"2014-10-25","TestLogicalPlanner.java","128748","222431","351179"
"2014-05-07","TestLogicalPlanner.java","119004","122817","241821"
"2015-09-16","TestLogicalPlanner.java","160501","373242","533743"
"2014-11-25","TestLogicalPlanner.java","133523","241036","374559"
"2015-06-24","TestLogicalPlanner.java","157498","351094","508592"
"2014-08-11","TestLogicalPlanner.java","121225","153911","275136"
"2015-01-02","TestLogicalPlanner.java","151024","278275","429299"
"2015-09-23","TestLogicalPlanner.java","160837","390946","551783"
"2015-07-30","TestLogicalPlanner.java","158960","356926","515886"
"2015-05-11","TestLogicalPlanner.java","157021","306210","463231"
"2015-07-22","TestLogicalPlanner.java","158733","352638","511371"
"2015-10-09","TestLogicalPlanner.java","160963","395453","556416"
"2015-05-06","TestLogicalPlanner.java","156981","305243","462224"
"2015-11-18","TestLogicalPlanner.java","161242","397760","559002"
"2015-09-24","TestLogicalPlanner.java","160848","391284","552132"
"2015-09-23","TestLogicalPlanner.java","160818","390295","551113"
"2015-09-16","TestLogicalPlanner.java","112342","130322","242664"
"2015-09-23","TestLogicalPlanner.java","114263","149611","263874"
"2015-07-30","TestLogicalPlanner.java","6598","9803","16401"
"2015-10-09","TestLogicalPlanner.java","115364","155093","270457"
"2015-11-18","TestLogicalPlanner.java","117470","159227","276697"
"2015-09-24","TestLogicalPlanner.java","114301","149976","264277"
"2015-09-23","TestLogicalPlanner.java","113376","148092","261468"
"2014-01-17","Limit.java","40534","114409","154943"
"2015-07-17","TestLogicalPlanner.java","77752","179692","257444"
"2015-07-22","TestLogicalPlanner.java","85037","186115","271152"
"2015-09-16","TestLogicalPlanner.java","123168","242226","365394"
"2014-11-25","TestLogicalPlanner.java","9599","23429","33028"
"2015-06-24","TestLogicalPlanner.java","77333","177246","254579"
"2015-01-02","TestLogicalPlanner.java","43648","77216","120864"
"2015-09-23","TestLogicalPlanner.java","123979","260405","384384"
"2015-07-30","TestLogicalPlanner.java","86568","190851","277419"
"2015-05-11","TestLogicalPlanner.java","65503","121009","186512"
"2015-07-22","TestLogicalPlanner.java","85693","185915","271608"
"2015-10-09","TestLogicalPlanner.java","124328","265135","389463"
"2015-05-06","TestLogicalPlanner.java","65234","119813","185047"
"2015-11-18","TestLogicalPlanner.java","125128","267963","393091"
"2015-09-24","TestLogicalPlanner.java","123999","260752","384751"
"2015-09-23","TestLogicalPlanner.java","123717","259511","383228"
"2013-07-26","Limit.java","13947","7998","21945"
"2014-01-17","Limit.java","50436","118362","168798"
"2015-07-17","TestLogicalPlanner.java","94074","285884","379958"
"2015-07-22","TestLogicalPlanner.java","99022","289970","388992"
"2014-10-25","TestLogicalPlanner.java","39174","129044","168218"
"2015-09-16","TestLogicalPlanner.java","125533","334461","459994"
"2014-11-25","TestLogicalPlanner.java","45542","149242","194784"
"2015-06-24","TestLogicalPlanner.java","93752","283535","377287"
"2014-08-11","TestLogicalPlanner.java","10383","39256","49639"
"2015-01-02","TestLogicalPlanner.java","71508","194946","266454"
"2015-09-23","TestLogicalPlanner.java","125992","352288","478280"
"2015-07-30","TestLogicalPlanner.java","100056","294209","394265"
"2015-05-11","TestLogicalPlanner.java","87549","232925","320474"
"2015-07-22","TestLogicalPlanner.java","99308","289400","388708"
"2015-10-09","TestLogicalPlanner.java","126177","356854","483031"
"2015-05-06","TestLogicalPlanner.java","87463","231912","319375"
"2015-11-18","TestLogicalPlanner.java","126605","359310","485915"
"2015-09-24","TestLogicalPlanner.java","126006","352629","478635"
"2015-09-23","TestLogicalPlanner.java","125928","351592","477520"
"2015-07-17","TestLogicalPlanner.java","147432","356627","504059"
"2014-04-18","TestLogicalPlanner.java","3384","16956","20340"
"2015-07-22","TestLogicalPlanner.java","148435","356768","505203"
"2014-10-25","TestLogicalPlanner.java","123305","230560","353865"
"2014-05-07","TestLogicalPlanner.java","114338","131723","246061"
"2015-09-16","TestLogicalPlanner.java","150042","376355","526397"
"2014-11-25","TestLogicalPlanner.java","127525","248610","376135"
"2015-06-24","TestLogicalPlanner.java","147333","354501","501834"
"2014-08-11","TestLogicalPlanner.java","116292","162550","278842"
"2015-01-02","TestLogicalPlanner.java","141417","282240","423657"
"2015-09-23","TestLogicalPlanner.java","150362","394043","544405"
"2015-07-30","TestLogicalPlanner.java","148637","360175","508812"
"2015-05-11","TestLogicalPlanner.java","146859","309620","456479"
"2015-07-22","TestLogicalPlanner.java","148438","355915","504353"
"2015-10-09","TestLogicalPlanner.java","150329","398391","548720"
"2015-05-06","TestLogicalPlanner.java","146819","308653","455472"
"2015-11-18","TestLogicalPlanner.java","150574","400664","551238"
"2015-09-24","TestLogicalPlanner.java","150373","394381","544754"
"2015-09-23","TestLogicalPlanner.java","150344","393393","543737"
"2015-11-13","Appender.java","84573","423058","507631"
"2014-08-11","Appender.java","82338","217588","299926"
"2013-07-26","LiteralValue.java","13947","7998","21945"
"2014-01-17","LiteralValue.java","50436","118362","168798"
"2014-01-17","LiteralValue.java","40534","114409","154943"
"2015-09-23","TestLogicalPlanner.java","2648","20016","22664"
"2015-10-09","TestLogicalPlanner.java","4214","25963","30177"
"2015-11-18","TestLogicalPlanner.java","6916","30693","37609"
"2015-09-24","TestLogicalPlanner.java","2713","20408","23121"
"2015-09-23","TestLogicalPlanner.java","1564","18300","19864"
"2015-07-17","TestLogicalPlanner.java","81962","379545","461507"
"2014-04-18","TestLogicalPlanner.java","47222","149182","196404"
"2015-07-22","TestLogicalPlanner.java","82392","379113","461505"
"2014-10-25","TestLogicalPlanner.java","80777","276420","357197"
"2014-05-07","TestLogicalPlanner.java","80279","186052","266331"
"2014-03-20","TestLogicalPlanner.java","46502","134890","181392"
"2015-09-16","TestLogicalPlanner.java","82812","397513","480325"
"2014-11-25","TestLogicalPlanner.java","80799","290272","371071"
"2013-10-04","TestLogicalPlanner.java","9847","28619","38466"
"2014-02-16","TestLogicalPlanner.java","43993","118312","162305"
"2015-06-24","TestLogicalPlanner.java","81960","377516","459476"
"2014-08-11","TestLogicalPlanner.java","80524","215170","295694"
"2013-09-16","TestLogicalPlanner.java","4863","15364","20227"
"2014-02-20","TestLogicalPlanner.java","44692","121878","166570"
"2013-09-18","TestLogicalPlanner.java","5734","15958","21692"
"2014-01-17","TestLogicalPlanner.java","33046","100368","133414"
"2015-01-02","TestLogicalPlanner.java","80989","310200","391189"
"2014-01-22","TestLogicalPlanner.java","33373","102568","135941"
"2015-09-23","TestLogicalPlanner.java","82989","415058","498047"
"2015-07-30","TestLogicalPlanner.java","82475","382401","464876"
"2015-05-11","TestLogicalPlanner.java","81972","333121","415093"
"2015-07-22","TestLogicalPlanner.java","82395","378260","460655"
"2015-10-09","TestLogicalPlanner.java","83015","419465","502480"
"2015-05-06","TestLogicalPlanner.java","81970","332192","414162"
"2015-11-18","TestLogicalPlanner.java","83037","421515","504552"
"2015-09-24","TestLogicalPlanner.java","82989","415385","498374"
"2015-09-23","TestLogicalPlanner.java","82986","414423","497409"
"2014-08-11","GlobalPlanner.java","8566","23282","31848"
"2014-10-25","GlobalPlanner.java","38653","114366","153019"
"2014-12-30","GlobalPlanner.java","72201","178730","250931"
"2015-09-28","GlobalPlanner.java","130977","346795","477772"
"2015-03-24","GlobalPlanner.java","84811","201757","286568"
"2015-10-09","GlobalPlanner.java","131113","347633","478746"
"2015-05-27","GlobalPlanner.java","93898","265339","359237"
"2014-06-26","GlobalPlanner.java","4970","4891","9861"
"2015-04-29","GlobalPlanner.java","88712","219483","308195"
"2015-08-04","GlobalPlanner.java","102992","285256","388248"
"2015-11-18","GlobalPlanner.java","131594","350142","481736"
"2015-03-19","GlobalPlanner.java","84781","200259","285040"
"2015-12-03","GlobalPlanner.java","131750","352215","483965"
"2015-04-27","GlobalPlanner.java","88688","217095","305783"
"2015-07-22","GlobalPlanner.java","101547","278338","379885"
"2014-07-09","GlobalPlanner.java","5595","10712","16307"
"2014-07-09","GlobalPlanner.java","5777","12331","18108"
"2015-07-30","GlobalPlanner.java","102707","282703","385410"
"2015-07-17","TestLogicalPlanner.java","79976","168086","248062"
"2015-07-22","TestLogicalPlanner.java","87619","174867","262486"
"2015-09-16","TestLogicalPlanner.java","127466","232694","360160"
"2015-06-24","TestLogicalPlanner.java","79551","165634","245185"
"2015-01-02","TestLogicalPlanner.java","40393","60131","100524"
"2015-09-23","TestLogicalPlanner.java","128303","250899","379202"
"2015-07-30","TestLogicalPlanner.java","89294","179747","269041"
"2015-05-11","TestLogicalPlanner.java","67506","109182","176688"
"2015-07-22","TestLogicalPlanner.java","88298","174690","262988"
"2015-10-09","TestLogicalPlanner.java","128693","255670","384363"
"2015-05-06","TestLogicalPlanner.java","67217","107966","175183"
"2015-11-18","TestLogicalPlanner.java","129511","258516","388027"
"2015-09-24","TestLogicalPlanner.java","128323","251246","379569"
"2015-09-23","TestLogicalPlanner.java","128019","249983","378002"
"2015-11-13","Appender.java","139929","343164","483093"
"2013-07-26","NotExpr.java","13947","7998","21945"
"2015-07-17","TestLogicalPlanner.java","97272","376083","473355"
"2014-04-18","TestLogicalPlanner.java","53298","136486","189784"
"2015-07-22","TestLogicalPlanner.java","97763","375712","473475"
"2014-10-25","TestLogicalPlanner.java","96033","272904","368937"
"2014-05-07","TestLogicalPlanner.java","95293","182294","277587"
"2014-03-20","TestLogicalPlanner.java","52377","121993","174370"
"2015-09-16","TestLogicalPlanner.java","98152","394081","492233"
"2014-11-25","TestLogicalPlanner.java","96071","286772","382843"
"2014-02-16","TestLogicalPlanner.java","46376","101923","148299"
"2015-06-24","TestLogicalPlanner.java","97270","374054","471324"
"2014-08-11","TestLogicalPlanner.java","95754","211628","307382"
"2014-02-20","TestLogicalPlanner.java","47315","105729","153044"
"2014-01-17","TestLogicalPlanner.java","32025","80575","112600"
"2015-01-02","TestLogicalPlanner.java","96262","306701","402963"
"2014-01-22","TestLogicalPlanner.java","32486","82909","115395"
"2015-09-23","TestLogicalPlanner.java","98335","411632","509967"
"2015-07-30","TestLogicalPlanner.java","97848","379002","476850"
"2015-05-11","TestLogicalPlanner.java","97282","329659","426941"
"2015-07-22","TestLogicalPlanner.java","97766","374859","472625"
"2015-10-09","TestLogicalPlanner.java","98367","416045","514412"
"2015-05-06","TestLogicalPlanner.java","97269","328719","425988"
"2015-11-18","TestLogicalPlanner.java","98402","418108","516510"
"2015-09-24","TestLogicalPlanner.java","98335","411959","510294"
"2015-09-23","TestLogicalPlanner.java","98330","410995","509325"
"2013-12-23","NullLiteral.java","48415","106907","155322"
"2015-11-09","BaseTupleComparator.java","126971","262752","389723"
"2015-11-26","BaseTupleComparator.java","127506","264948","392454"
"2015-11-26","BaseTupleComparator.java","3145","4806","7951"
"2014-04-24","OpType.java","125276","171050","296326"
"2014-02-24","OpType.java","46204","65069","111273"
"2013-12-23","OpType.java","48415","106907","155322"
"2013-07-26","OpType.java","13947","7998","21945"
"2013-09-23","OpType.java","31264","43210","74474"
"2013-12-16","OpType.java","47476","104167","151643"
"2014-04-24","OpType.java","81830","186096","267926"
"2014-02-24","OpType.java","60863","138220","199083"
"2013-12-23","OpType.java","37329","101770","139099"
"2013-09-23","OpType.java","19183","37078","56261"
"2013-12-16","OpType.java","36337","98977","135314"
"2014-04-24","OpType.java","74942","185157","260099"
"2014-02-24","OpType.java","51135","134441","185576"
"2015-07-17","TestLogicalPlanner.java","139418","362682","502100"
"2014-04-18","TestLogicalPlanner.java","16483","44124","60607"
"2015-07-22","TestLogicalPlanner.java","140010","362412","502422"
"2014-10-25","TestLogicalPlanner.java","118562","239886","358448"
"2014-05-07","TestLogicalPlanner.java","110343","141797","252140"
"2014-03-20","TestLogicalPlanner.java","13765","27834","41599"
"2015-09-16","TestLogicalPlanner.java","140843","381225","522068"
"2014-11-25","TestLogicalPlanner.java","121313","256467","377780"
"2015-06-24","TestLogicalPlanner.java","139324","360561","499885"
"2014-08-11","TestLogicalPlanner.java","112006","172333","284339"
"2014-02-20","TestLogicalPlanner.java","3068","5935","9003"
"2015-01-02","TestLogicalPlanner.java","134840","289732","424572"
"2015-09-23","TestLogicalPlanner.java","141133","398883","540016"
"2015-07-30","TestLogicalPlanner.java","140124","365731","505855"
"2015-05-11","TestLogicalPlanner.java","138912","315742","454654"
"2015-07-22","TestLogicalPlanner.java","140015","361561","501576"
"2015-10-09","TestLogicalPlanner.java","141206","403337","544543"
"2015-05-06","TestLogicalPlanner.java","138879","314782","453661"
"2015-11-18","TestLogicalPlanner.java","141276","405435","546711"
"2015-09-24","TestLogicalPlanner.java","141144","399221","540365"
"2015-09-23","TestLogicalPlanner.java","141118","398236","539354"
"2013-12-23","OpType.java","27303","73849","101152"
"2013-12-16","OpType.java","26075","70820","96895"
"2014-04-24","OpType.java","90567","182887","273454"
"2014-02-24","OpType.java","51501","116912","168413"
"2015-07-17","TestLogicalPlanner.java","2257","4284","6541"
"2015-07-22","TestLogicalPlanner.java","20138","21303","41441"
"2015-09-16","TestLogicalPlanner.java","123278","142423","265701"
"2015-09-23","TestLogicalPlanner.java","125009","161522","286531"
"2015-07-30","TestLogicalPlanner.java","26550","30920","57470"
"2015-07-22","TestLogicalPlanner.java","22779","23088","45867"
"2015-10-09","TestLogicalPlanner.java","125811","166705","292516"
"2015-11-18","TestLogicalPlanner.java","127849","170771","298620"
"2015-09-24","TestLogicalPlanner.java","125035","161875","286910"
"2015-09-23","TestLogicalPlanner.java","124199","160080","284279"
"2015-07-17","TestLogicalPlanner.java","99476","262413","361889"
"2015-07-22","TestLogicalPlanner.java","105001","267076","372077"
"2014-10-25","TestLogicalPlanner.java","33915","94912","128827"
"2015-09-16","TestLogicalPlanner.java","138818","318873","457691"
"2014-11-25","TestLogicalPlanner.java","41797","116624","158421"
"2015-06-24","TestLogicalPlanner.java","99090","260000","359090"
"2015-01-02","TestLogicalPlanner.java","70934","165499","236433"
"2015-09-23","TestLogicalPlanner.java","139331","336754","476085"
"2015-07-30","TestLogicalPlanner.java","106242","271522","377764"
"2015-05-11","TestLogicalPlanner.java","89175","205678","294853"
"2015-07-22","TestLogicalPlanner.java","105466","266685","372151"
"2015-10-09","TestLogicalPlanner.java","139529","341333","480862"
"2015-05-06","TestLogicalPlanner.java","89085","204661","293746"
"2015-11-18","TestLogicalPlanner.java","140016","343848","483864"
"2015-09-24","TestLogicalPlanner.java","139345","337095","476440"
"2015-09-23","TestLogicalPlanner.java","139236","336027","475263"
"2013-12-23","OpType.java","2950","4751","7701"
"2014-04-24","OpType.java","124367","171942","296309"
"2014-02-24","OpType.java","47219","67885","115104"
"2015-07-17","TestLogicalPlanner.java","77059","380144","457203"
"2014-04-18","TestLogicalPlanner.java","48728","156190","204918"
"2015-07-22","TestLogicalPlanner.java","77488","379711","457199"
"2014-10-25","TestLogicalPlanner.java","75964","277109","353073"
"2014-05-07","TestLogicalPlanner.java","75480","186755","262235"
"2014-03-20","TestLogicalPlanner.java","48087","141977","190064"
"2015-09-16","TestLogicalPlanner.java","77901","398104","476005"
"2013-09-04","TestLogicalPlanner.java","6699","12201","18900"
"2014-11-25","TestLogicalPlanner.java","75986","290961","366947"
"2013-10-04","TestLogicalPlanner.java","15062","39336","54398"
"2014-02-16","TestLogicalPlanner.java","46298","126119","172417"
"2015-06-24","TestLogicalPlanner.java","77057","378115","455172"
"2014-08-11","TestLogicalPlanner.java","75714","215862","291576"
"2013-09-16","TestLogicalPlanner.java","10352","26355","36707"
"2014-02-20","TestLogicalPlanner.java","46870","129558","176428"
"2013-09-18","TestLogicalPlanner.java","11199","26925","38124"
"2014-01-17","TestLogicalPlanner.java","36229","109053","145282"
"2015-01-02","TestLogicalPlanner.java","76094","310807","386901"
"2014-01-22","TestLogicalPlanner.java","36394","111091","147485"
"2015-09-23","TestLogicalPlanner.java","78077","415648","493725"
"2015-07-30","TestLogicalPlanner.java","77571","382999","460570"
"2015-05-11","TestLogicalPlanner.java","77069","333720","410789"
"2015-07-22","TestLogicalPlanner.java","77491","378858","456349"
"2015-10-09","TestLogicalPlanner.java","78099","420051","498150"
"2015-05-06","TestLogicalPlanner.java","77067","332791","409858"
"2015-11-18","TestLogicalPlanner.java","78120","422100","500220"
"2015-09-24","TestLogicalPlanner.java","78077","415975","494052"
"2015-09-23","TestLogicalPlanner.java","78075","415014","493089"
"2013-12-18","BinarySerializerDeserializer.java","5062","20116","25178"
"2015-06-02","BinarySerializerDeserializer.java","117849","368326","486175"
"2015-05-14","BinarySerializerDeserializer.java","117863","327845","445708"
"2013-12-09","BinarySerializerDeserializer.java","3267","13248","16515"
"2015-09-16","BinarySerializerDeserializer.java","118906","403266","522172"
"2015-07-17","TestLogicalPlanner.java","92060","379142","471202"
"2014-04-18","TestLogicalPlanner.java","54420","145879","200299"
"2015-07-22","TestLogicalPlanner.java","92493","378713","471206"
"2014-10-25","TestLogicalPlanner.java","90841","275983","366824"
"2014-05-07","TestLogicalPlanner.java","90169","185441","275610"
"2014-03-20","TestLogicalPlanner.java","53620","131507","185127"
"2015-09-16","TestLogicalPlanner.java","92914","397114","490028"
"2014-11-25","TestLogicalPlanner.java","90879","289851","380730"
"2013-10-04","TestLogicalPlanner.java","5958","14229","20187"
"2014-02-16","TestLogicalPlanner.java","47868","111686","159554"
"2015-06-24","TestLogicalPlanner.java","92058","377113","469171"
"2014-08-11","TestLogicalPlanner.java","90587","214732","305319"
"2014-02-20","TestLogicalPlanner.java","48668","115353","164021"
"2013-09-18","TestLogicalPlanner.java","1038","761","1799"
"2014-01-17","TestLogicalPlanner.java","33977","90798","124775"
"2015-01-02","TestLogicalPlanner.java","91070","309780","400850"
"2014-01-22","TestLogicalPlanner.java","34327","93021","127348"
"2015-09-23","TestLogicalPlanner.java","93091","414659","507750"
"2015-07-30","TestLogicalPlanner.java","92576","382001","474577"
"2015-05-11","TestLogicalPlanner.java","92070","332718","424788"
"2015-07-22","TestLogicalPlanner.java","92496","377860","470356"
"2015-10-09","TestLogicalPlanner.java","93119","419068","512187"
"2015-05-06","TestLogicalPlanner.java","92068","331789","423857"
"2015-11-18","TestLogicalPlanner.java","93152","421129","514281"
"2015-09-24","TestLogicalPlanner.java","93091","414986","508077"
"2015-09-23","TestLogicalPlanner.java","93088","414024","507112"
"2015-06-02","BinarySerializerDeserializer.java","129946","365369","495315"
"2015-05-14","BinarySerializerDeserializer.java","129960","324888","454848"
"2015-09-16","BinarySerializerDeserializer.java","131057","400363","531420"
"2015-09-28","GlobalPlanner.java","112269","148091","260360"
"2015-10-09","GlobalPlanner.java","112907","149431","262338"
"2015-08-04","GlobalPlanner.java","1403","3671","5074"
"2015-11-18","GlobalPlanner.java","115107","153659","268766"
"2015-12-03","GlobalPlanner.java","115906","156375","272281"
"2015-09-16","BinarySerializerDeserializer.java","123408","157291","280699"
"2015-07-17","TestLogicalPlanner.java","141706","362103","503809"
"2014-04-18","TestLogicalPlanner.java","14411","39185","53596"
"2015-07-22","TestLogicalPlanner.java","142345","361880","504225"
"2014-10-25","TestLogicalPlanner.java","120298","238755","359053"
"2014-05-07","TestLogicalPlanner.java","111951","140538","252489"
"2014-03-20","TestLogicalPlanner.java","11637","22839","34476"
"2015-09-16","TestLogicalPlanner.java","143287","380802","524089"
"2014-11-25","TestLogicalPlanner.java","123130","255417","378547"
"2015-06-24","TestLogicalPlanner.java","141613","359983","501596"
"2014-08-11","TestLogicalPlanner.java","113686","171146","284832"
"2015-01-02","TestLogicalPlanner.java","136696","288721","425417"
"2015-09-23","TestLogicalPlanner.java","143572","398455","542027"
"2015-07-30","TestLogicalPlanner.java","142467","365207","507674"
"2015-05-11","TestLogicalPlanner.java","141192","315155","456347"
"2015-07-22","TestLogicalPlanner.java","142349","361028","503377"
"2015-10-09","TestLogicalPlanner.java","143644","402908","546552"
"2015-05-06","TestLogicalPlanner.java","141156","314192","455348"
"2015-11-18","TestLogicalPlanner.java","143736","405028","548764"
"2015-09-24","TestLogicalPlanner.java","143583","398793","542376"
"2015-09-23","TestLogicalPlanner.java","143557","397808","541365"
"2015-06-02","BinarySerializerDeserializer.java","15331","55826","71157"
"2015-09-16","BinarySerializerDeserializer.java","89823","164201","254024"
"2014-08-11","GlobalPlanner.java","128684","194135","322819"
"2014-10-25","GlobalPlanner.java","129240","255688","384928"
"2014-02-20","GlobalPlanner.java","26930","34944","61874"
"2014-12-30","GlobalPlanner.java","131478","288742","420220"
"2015-09-28","GlobalPlanner.java","137353","403906","541259"
"2015-03-24","GlobalPlanner.java","134259","301940","436199"
"2015-10-09","GlobalPlanner.java","137394","404649","542043"
"2015-05-27","GlobalPlanner.java","135374","357550","492924"
"2014-05-07","GlobalPlanner.java","127535","164205","291740"
"2014-06-26","GlobalPlanner.java","127978","178634","306612"
"2015-04-29","GlobalPlanner.java","135191","316697","451888"
"2015-08-04","GlobalPlanner.java","136518","369517","506035"
"2015-11-18","GlobalPlanner.java","137470","406753","544223"
"2014-01-25","GlobalPlanner.java","1265","1944","3209"
"2015-03-19","GlobalPlanner.java","134250","300463","434713"
"2014-01-28","GlobalPlanner.java","4149","4704","8853"
"2014-05-16","GlobalPlanner.java","127623","169252","296875"
"2015-12-03","GlobalPlanner.java","137505","408705","546210"
"2014-02-17","GlobalPlanner.java","26102","32698","58800"
"2015-04-27","GlobalPlanner.java","135191","314333","449524"
"2015-07-22","GlobalPlanner.java","136371","363897","500268"
"2014-07-09","GlobalPlanner.java","128079","183931","312010"
"2014-07-09","GlobalPlanner.java","128079","185368","313447"
"2014-02-04","GlobalPlanner.java","23714","26628","50342"
"2014-06-02","GlobalPlanner.java","127880","178615","306495"
"2015-07-30","GlobalPlanner.java","136459","367190","503649"
"2014-04-24","OpType.java","110855","137764","248619"
"2014-01-17","PatternMatchPredicate.java","33390","89370","122760"
"2014-01-02","MasterPlan.java","30737","81818","112555"
"2015-05-27","MasterPlan.java","92072","372942","465014"
"2013-11-24","MasterPlan.java","24811","57332","82143"
"2013-09-26","MasterPlan.java","3536","3968","7504"
"2014-07-11","MasterPlan.java","90186","206457","296643"
"2014-06-26","MasterPlan.java","90189","199539","289728"
"2014-02-20","MasterPlan.java","48468","115176","163644"
"2015-05-27","MasterPlan.java","129764","359553","489317"
"2014-07-11","MasterPlan.java","123816","189006","312822"
"2014-06-26","MasterPlan.java","123727","181996","305723"
"2014-02-20","MasterPlan.java","33084","48711","81795"
"2013-09-16","MasterPlan.java","30877","41982","72859"
"2014-01-02","MasterPlan.java","49672","111858","161530"
"2015-05-27","MasterPlan.java","83580","375555","459135"
"2013-11-24","MasterPlan.java","46301","89927","136228"
"2013-09-26","MasterPlan.java","32311","43848","76159"
"2014-07-11","MasterPlan.java","82121","209497","291618"
"2014-06-26","MasterPlan.java","82124","202579","284703"
"2014-02-20","MasterPlan.java","60682","138495","199177"
"2014-05-12","Projection.java","82133","191653","273786"
"2014-01-17","Projection.java","50436","118362","168798"
"2014-05-12","Projection.java","126729","168323","295052"
"2013-12-18","BinarySerializerDeserializer.java","1878","6951","8829"
"2015-06-02","BinarySerializerDeserializer.java","125529","366025","491554"
"2015-05-14","BinarySerializerDeserializer.java","125543","325544","451087"
"2015-09-16","BinarySerializerDeserializer.java","126601","400980","527581"
"2015-08-14","Relation.java","77329","389852","467181"
"2014-01-17","Relation.java","40534","114409","154943"
"2015-08-14","Relation.java","84209","390783","474992"
"2013-07-26","Relation.java","13947","7998","21945"
"2014-01-17","Relation.java","50436","118362","168798"
"2013-09-02","CodecPool.java","27905","26805","54710"
"2014-01-02","MasterPlan.java","14338","32898","47236"
"2015-05-27","MasterPlan.java","117881","366230","484111"
"2014-07-11","MasterPlan.java","113984","197734","311718"
"2014-06-26","MasterPlan.java","113943","190772","304715"
"2014-02-20","MasterPlan.java","41140","75327","116467"
"2015-08-14","Relation.java","135186","373834","509020"
"2014-01-02","MasterPlan.java","28286","78935","107221"
"2015-05-27","MasterPlan.java","92355","372793","465148"
"2013-11-24","MasterPlan.java","22238","54327","76565"
"2014-07-11","MasterPlan.java","90463","206302","296765"
"2014-06-26","MasterPlan.java","90466","199384","289850"
"2014-02-20","MasterPlan.java","46635","112911","159546"
"2015-10-20","RelationList.java","77699","420840","498539"
"2015-08-14","RelationList.java","77329","389852","467181"
"2014-01-17","RelationList.java","40534","114409","154943"
"2015-10-20","RelationList.java","111268","141886","253154"
"2015-05-27","MasterPlan.java","94888","259487","354375"
"2015-10-20","RelationList.java","135856","405122","540978"
"2015-08-14","RelationList.java","135186","373834","509020"
"2015-05-27","MasterPlan.java","91531","263051","354582"
"2014-07-11","MasterPlan.java","1197","8118","9315"
"2013-07-26","ScalarSubQuery.java","13947","7998","21945"
"2015-05-27","MasterPlan.java","141410","355572","496982"
"2014-07-11","MasterPlan.java","112957","162520","275477"
"2014-06-26","MasterPlan.java","112800","155442","268242"
"2014-01-17","Selection.java","40534","114409","154943"
"2013-07-26","Selection.java","13947","7998","21945"
"2014-01-17","Selection.java","50436","118362","168798"
"2015-10-09","ParallelExecutionQueue.java","127186","171988","299174"
"2014-05-12","SetOperation.java","82133","191653","273786"
"2013-07-26","SetOperation.java","13947","7998","21945"
"2014-01-17","SetOperation.java","50436","118362","168798"
"2015-05-27","BaseGlobalPlanRewriteRuleProvider.java","47050","111962","159012"
"2014-05-12","SetOperation.java","75249","190718","265967"
"2014-01-17","SetOperation.java","40534","114409","154943"
"2015-07-17","TestLogicalPlanner.java","91765","379124","470889"
"2014-04-18","TestLogicalPlanner.java","53908","145644","199552"
"2015-07-22","TestLogicalPlanner.java","92198","378695","470893"
"2014-10-25","TestLogicalPlanner.java","90546","275965","366511"
"2014-05-07","TestLogicalPlanner.java","89875","185424","275299"
"2014-03-20","TestLogicalPlanner.java","53108","131272","184380"
"2015-09-16","TestLogicalPlanner.java","92619","397096","489715"
"2014-11-25","TestLogicalPlanner.java","90584","289833","380417"
"2013-10-04","TestLogicalPlanner.java","4958","13506","18464"
"2014-02-16","TestLogicalPlanner.java","47315","111410","158725"
"2015-06-24","TestLogicalPlanner.java","91763","377095","468858"
"2014-08-11","TestLogicalPlanner.java","90292","214714","305006"
"2014-02-20","TestLogicalPlanner.java","48148","115110","163258"
"2014-01-17","TestLogicalPlanner.java","33422","90520","123942"
"2015-01-02","TestLogicalPlanner.java","90775","309762","400537"
"2014-01-22","TestLogicalPlanner.java","33772","92743","126515"
"2015-09-23","TestLogicalPlanner.java","92796","414641","507437"
"2015-07-30","TestLogicalPlanner.java","92281","381983","474264"
"2015-05-11","TestLogicalPlanner.java","91775","332700","424475"
"2015-07-22","TestLogicalPlanner.java","92201","377842","470043"
"2015-10-09","TestLogicalPlanner.java","92824","419050","511874"
"2015-05-06","TestLogicalPlanner.java","91773","331771","423544"
"2015-11-18","TestLogicalPlanner.java","92857","421111","513968"
"2015-09-24","TestLogicalPlanner.java","92796","414968","507764"
"2015-09-23","TestLogicalPlanner.java","92793","414006","506799"
"2014-05-12","SetOperation.java","126729","168323","295052"
"2014-01-27","DiskMountInfo.java","35675","97302","132977"
"2014-01-17","SignedExpr.java","16836","34771","51607"
"2015-11-03","GlobalPlanRewriteEngine.java","110986","221786","332772"
"2015-08-14","SimpleTableSubquery.java","84209","390783","474992"
"2014-01-17","Sort.java","50436","118362","168798"
"2014-07-09","Sort.java","82121","207772","289893"
"2015-11-18","Sort.java","84587","423733","508320"
"2014-04-10","DiskUtil.java","53875","144531","198406"
"2014-01-27","DiskUtil.java","35675","97302","132977"
"2014-07-09","Sort.java","127179","184904","312083"
"2015-11-18","Sort.java","135930","407150","543080"
"2014-04-10","DiskUtil.java","35807","64836","100643"
"2015-11-18","Sort.java","134180","347675","481855"
"2015-08-25","BroadcastJoinRule.java","117300","134799","252099"
"2015-09-04","BroadcastJoinRule.java","121251","139598","260849"
"2015-11-03","BroadcastJoinRule.java","127920","173808","301728"
"2015-08-20","BroadcastJoinRule.java","116525","133066","249591"
"2015-09-04","BroadcastJoinRule.java","4665","5513","10178"
"2015-11-03","BroadcastJoinRule.java","17006","45395","62401"
"2015-11-03","BroadcastJoinRule.java","12510","40051","52561"
"2014-04-05","FragmentConvertor.java","47181","107036","154217"
"2015-08-14","TablePrimarySubQuery.java","84209","390783","474992"
"2015-05-15","FrameTuple.java","83580","334734","418314"
"2015-08-19","FrameTuple.java","84217","392368","476585"
"2015-06-02","FrameTuple.java","83566","375934","459500"
"2015-07-22","FrameTuple.java","83983","381677","465660"
"2014-02-04","FrameTuple.java","59834","133461","193295"
"2014-08-23","FrameTuple.java","82390","271489","353879"
"2014-11-04","FrameTuple.java","82577","284823","367400"
"2013-09-11","FrameTuple.java","28589","34262","62851"
"2014-05-12","TimeValue.java","125703","176731","302434"
"2015-07-17","TestLogicalPlanner.java","134285","364546","498831"
"2014-04-18","TestLogicalPlanner.java","40792","75430","116222"
"2015-07-22","TestLogicalPlanner.java","134808","364207","499015"
"2014-10-25","TestLogicalPlanner.java","128255","256576","384831"
"2014-05-07","TestLogicalPlanner.java","126642","165093","291735"
"2014-03-20","TestLogicalPlanner.java","38604","59670","98274"
"2015-09-16","TestLogicalPlanner.java","135552","382931","518483"
"2014-11-25","TestLogicalPlanner.java","129723","271874","401597"
"2014-02-16","TestLogicalPlanner.java","26629","33626","60255"
"2015-06-24","TestLogicalPlanner.java","134197","362431","496628"
"2014-08-11","TestLogicalPlanner.java","127765","195089","322854"
"2014-02-20","TestLogicalPlanner.java","28966","38830","67796"
"2015-01-02","TestLogicalPlanner.java","129965","291854","421819"
"2014-01-22","TestLogicalPlanner.java","1916","3789","5705"
"2015-09-23","TestLogicalPlanner.java","135764","400511","536275"
"2015-07-30","TestLogicalPlanner.java","134898","367502","502400"
"2015-05-11","TestLogicalPlanner.java","133792","317619","451411"
"2015-07-22","TestLogicalPlanner.java","134812","363355","498167"
"2015-10-09","TestLogicalPlanner.java","135831","404959","540790"
"2015-05-06","TestLogicalPlanner.java","133764","316664","450428"
"2015-11-18","TestLogicalPlanner.java","135907","407063","542970"
"2015-09-24","TestLogicalPlanner.java","135775","400849","536624"
"2015-09-23","TestLogicalPlanner.java","135749","399864","535613"
"2013-07-26","UnaryOperator.java","13947","7998","21945"
"2015-08-19","FrameTuple.java","79713","136710","216423"
"2015-06-02","FrameTuple.java","13886","55100","68986"
"2015-07-22","FrameTuple.java","31147","77687","108834"
"2014-05-12","ValueListExpr.java","82133","191653","273786"
"2014-07-09","ValueListExpr.java","82121","207772","289893"
"2014-07-09","ValueListExpr.java","7472","23603","31075"
"2015-08-19","FrameTuple.java","114299","130082","244381"
"2015-07-22","FrameTuple.java","22769","28095","50864"
"2015-08-19","FrameTuple.java","102241","112698","214939"
"2014-07-09","WindowFunctionExpr.java","120710","143085","263795"
"2013-07-26","TestExpr.java","13947","7998","21945"
"2014-01-17","TestExpr.java","50436","118362","168798"
"2014-01-17","TestExpr.java","40534","114409","154943"
"2015-08-25","BroadcastJoinRule.java","6682","7640","14322"
"2015-09-04","BroadcastJoinRule.java","11326","13132","24458"
"2015-11-03","BroadcastJoinRule.java","23490","52837","76327"
"2015-05-15","FrameTuple.java","137763","315290","453053"
"2015-08-19","FrameTuple.java","139297","373821","513118"
"2015-06-02","FrameTuple.java","137868","356609","494477"
"2015-07-22","FrameTuple.java","138836","362903","501739"
"2014-08-23","FrameTuple.java","111018","226490","337508"
"2014-11-04","FrameTuple.java","119497","248116","367613"
"2015-05-15","FrameTuple.java","94538","156593","251131"
"2015-08-19","FrameTuple.java","140308","259360","399668"
"2015-06-02","FrameTuple.java","102294","205563","307857"
"2015-07-22","FrameTuple.java","109738","218333","328071"
"2014-11-04","FrameTuple.java","41338","54485","95823"
"2015-05-15","FrameTuple.java","67644","116552","184196"
"2015-08-19","FrameTuple.java","119588","225493","345081"
"2015-06-02","FrameTuple.java","76797","166919","243716"
"2015-07-22","FrameTuple.java","86693","182141","268834"
"2015-05-15","FrameTuple.java","86880","332361","419241"
"2015-08-19","FrameTuple.java","87563","390041","477604"
"2015-06-02","FrameTuple.java","86866","373561","460427"
"2015-07-22","FrameTuple.java","87301","379322","466623"
"2014-02-04","FrameTuple.java","44778","112732","157510"
"2014-08-23","FrameTuple.java","85485","268911","354396"
"2014-11-04","FrameTuple.java","85681","282254","367935"
"2015-04-02","AggregationExec.java","134828","302594","437422"
"2015-08-17","FSDataInputChannel.java","85801","148391","234192"
"2014-01-25","AggregationExec.java","51141","121619","172760"
"2015-04-02","AggregationExec.java","83604","321848","405452"
"2015-07-17","TestLogicalPlanner.java","52814","121186","174000"
"2015-07-22","TestLogicalPlanner.java","61744","129254","190998"
"2015-09-16","TestLogicalPlanner.java","110655","196145","306800"
"2015-06-24","TestLogicalPlanner.java","52107","118452","170559"
"2015-09-23","TestLogicalPlanner.java","111687","214545","326232"
"2015-07-30","TestLogicalPlanner.java","66799","137514","204313"
"2015-05-11","TestLogicalPlanner.java","34834","56772","91606"
"2015-07-22","TestLogicalPlanner.java","63933","130587","194520"
"2015-10-09","TestLogicalPlanner.java","112237","219476","331713"
"2015-05-06","TestLogicalPlanner.java","34280","55291","89571"
"2015-11-18","TestLogicalPlanner.java","113960","223227","337187"
"2015-09-24","TestLogicalPlanner.java","111706","214891","326597"
"2015-09-23","TestLogicalPlanner.java","111241","213467","324708"
"2015-06-02","LazyTuple.java","137868","356609","494477"
"2015-07-22","LazyTuple.java","138836","362903","501739"
"2014-08-21","LazyTuple.java","110950","179189","290139"
"2014-02-04","LazyTuple.java","47713","111971","159684"
"2013-12-18","LazyTuple.java","28160","75736","103896"
"2013-09-27","LazyTuple.java","5635","7922","13557"
"2015-06-02","LazyTuple.java","90388","373387","463775"
"2015-07-22","LazyTuple.java","90823","379148","469971"
"2013-09-23","LazyTuple.java","4010","6698","10708"
"2013-09-23","LazyTuple.java","3994","6658","10652"
"2014-08-21","LazyTuple.java","88938","221435","310373"
"2014-01-27","LazyTuple.java","35700","96427","132127"
"2014-02-04","LazyTuple.java","39752","56434","96186"
"2015-06-02","LazyTuple.java","129946","365369","495315"
"2015-07-22","LazyTuple.java","130482","371231","501713"
"2014-08-21","LazyTuple.java","125873","210794","336667"
"2014-01-27","LazyTuple.java","20628","33779","54407"
"2014-01-17","BasicPhysicalExecutorVisitor.java","33977","90798","124775"
"2014-02-01","BasicPhysicalExecutorVisitor.java","47038","107395","154433"
"2015-08-25","BasicPhysicalExecutorVisitor.java","92755","391124","483879"
"2014-02-01","BasicPhysicalExecutorVisitor.java","25210","28746","53956"
"2015-08-25","BasicPhysicalExecutorVisitor.java","135384","376932","512316"
"2014-02-04","LazyTuple.java","45453","107424","152877"
"2013-12-18","LazyTuple.java","24544","69833","94377"
"2015-06-02","LazyTuple.java","92456","373168","465624"
"2015-07-22","LazyTuple.java","92891","378929","471820"
"2014-08-21","LazyTuple.java","90990","221200","312190"
"2014-01-27","LazyTuple.java","33338","91778","125116"
"2015-08-25","BasicPhysicalExecutorVisitor.java","137755","375767","513522"
"2015-07-22","LazyTuple.java","22769","28095","50864"
"2015-08-13","AbstractCatalogClient.java","84208","389145","473353"
"2015-04-30","AbstractCatalogClient.java","83576","334269","417845"
"2014-08-19","AbstractCatalogClient.java","82348","220509","302857"
"2015-07-20","AbstractCatalogClient.java","83983","380705","464688"
"2014-03-20","AbstractCatalogClient.java","61564","150556","212120"
"2015-08-06","AbstractCatalogClient.java","84081","388309","472390"
"2014-12-30","AbstractCatalogClient.java","82703","312427","395130"
"2014-04-14","AbstractCatalogClient.java","61921","162669","224590"
"2015-09-16","AbstractCatalogClient.java","84372","399677","484049"
"2015-07-30","AbstractCatalogClient.java","84059","384589","468648"
"2014-01-26","AbstractCatalogClient.java","51164","121407","172571"
"2015-09-24","AbstractCatalogClient.java","84547","420612","505159"
"2015-03-27","AbstractCatalogClient.java","83604","321973","405577"
"2015-09-17","AbstractCatalogClient.java","84376","413341","497717"
"2015-07-31","AbstractCatalogClient.java","84059","385261","469320"
"2013-10-28","AbstractCatalogClient.java","43884","81749","125633"
"2014-03-31","AbstractCatalogClient.java","61876","155730","217606"
"2015-08-04","AbstractCatalogClient.java","84062","386860","470922"
"2013-09-27","AbstractCatalogClient.java","32461","44668","77129"
"2014-12-07","AbstractCatalogClient.java","82592","294528","377120"
"2015-09-16","AbstractCatalogClient.java","107209","117577","224786"
"2015-09-24","AbstractCatalogClient.java","109517","140645","250162"
"2015-09-17","AbstractCatalogClient.java","107558","131586","239144"
"2015-08-13","AbstractCatalogClient.java","40801","95045","135846"
"2015-07-20","AbstractCatalogClient.java","32060","78089","110149"
"2015-08-06","AbstractCatalogClient.java","39489","93024","132513"
"2015-09-16","AbstractCatalogClient.java","90112","154724","244836"
"2015-07-30","AbstractCatalogClient.java","38538","88375","126913"
"2015-09-24","AbstractCatalogClient.java","91527","176899","268426"
"2015-09-17","AbstractCatalogClient.java","90243","168515","258758"
"2015-07-31","AbstractCatalogClient.java","38762","89271","128033"
"2015-08-04","AbstractCatalogClient.java","39303","91408","130711"
"2015-08-13","AbstractCatalogClient.java","109388","276164","385552"
"2015-04-30","AbstractCatalogClient.java","91094","203626","294720"
"2015-07-20","AbstractCatalogClient.java","106913","265474","372387"
"2015-08-06","AbstractCatalogClient.java","108758","274825","383583"
"2014-12-30","AbstractCatalogClient.java","72108","163671","235779"
"2015-09-16","AbstractCatalogClient.java","141196","318340","459536"
"2015-07-30","AbstractCatalogClient.java","108336","270705","379041"
"2015-09-24","AbstractCatalogClient.java","141723","339627","481350"
"2015-03-27","AbstractCatalogClient.java","86487","186695","273182"
"2015-09-17","AbstractCatalogClient.java","141281","332085","473366"
"2015-07-31","AbstractCatalogClient.java","108373","271414","379787"
"2015-08-04","AbstractCatalogClient.java","108642","273279","381921"
"2014-12-07","AbstractCatalogClient.java","44129","117904","162033"
"2015-08-13","AbstractCatalogClient.java","11470","19685","31155"
"2015-08-06","AbstractCatalogClient.java","9039","16545","25584"
"2015-09-16","AbstractCatalogClient.java","112672","131255","243927"
"2015-07-30","AbstractCatalogClient.java","7595","11403","18998"
"2015-09-24","AbstractCatalogClient.java","114698","154041","268739"
"2015-09-17","AbstractCatalogClient.java","112876","145119","257995"
"2015-07-31","AbstractCatalogClient.java","7917","12397","20314"
"2015-08-04","AbstractCatalogClient.java","8785","14861","23646"
"2015-07-17","TestLogicalPlanner.java","135843","364231","500074"
"2014-04-18","TestLogicalPlanner.java","39498","72263","111761"
"2015-07-22","TestLogicalPlanner.java","136371","363897","500268"
"2014-10-25","TestLogicalPlanner.java","129240","255688","384928"
"2014-05-07","TestLogicalPlanner.java","127535","164113","291648"
"2014-03-20","TestLogicalPlanner.java","37186","56379","93565"
"2015-09-16","TestLogicalPlanner.java","137113","382619","519732"
"2014-11-25","TestLogicalPlanner.java","131242","271520","402762"
"2014-02-16","TestLogicalPlanner.java","24936","30060","54996"
"2015-06-24","TestLogicalPlanner.java","135755","362116","497871"
"2014-08-11","TestLogicalPlanner.java","128684","194135","322819"
"2014-02-20","TestLogicalPlanner.java","27348","35339","62687"
"2015-01-02","TestLogicalPlanner.java","131484","291500","422984"
"2015-09-23","TestLogicalPlanner.java","137327","400201","537528"
"2015-07-30","TestLogicalPlanner.java","136459","367190","503649"
"2015-05-11","TestLogicalPlanner.java","135350","317304","452654"
"2015-07-22","TestLogicalPlanner.java","136373","363043","499416"
"2015-10-09","TestLogicalPlanner.java","137394","404649","542043"
"2015-05-06","TestLogicalPlanner.java","135322","316349","451671"
"2015-11-18","TestLogicalPlanner.java","137470","406753","544223"
"2015-09-24","TestLogicalPlanner.java","137338","400539","537877"
"2015-09-23","TestLogicalPlanner.java","137312","399554","536866"
"2014-02-04","LazyTuple.java","46761","108331","155092"
"2013-12-18","LazyTuple.java","26053","70941","96994"
"2013-09-27","LazyTuple.java","1921","1520","3441"
"2015-06-02","LazyTuple.java","92890","373201","466091"
"2015-07-22","LazyTuple.java","93326","378963","472289"
"2014-08-21","LazyTuple.java","91424","221233","312657"
"2014-01-27","LazyTuple.java","34705","92744","127449"
"2014-02-04","LazyTuple.java","46745","108339","155084"
"2013-12-18","LazyTuple.java","26072","70984","97056"
"2013-09-27","LazyTuple.java","1941","1564","3505"
"2015-06-02","LazyTuple.java","92866","373201","466067"
"2015-07-22","LazyTuple.java","93302","378963","472265"
"2014-08-21","LazyTuple.java","91400","221233","312633"
"2014-01-27","LazyTuple.java","34697","92760","127457"
"2015-08-13","AbstractCatalogClient.java","149312","365257","514569"
"2015-04-30","AbstractCatalogClient.java","146814","308515","455329"
"2014-08-19","AbstractCatalogClient.java","116376","165545","281921"
"2015-07-20","AbstractCatalogClient.java","148435","356165","504600"
"2015-08-06","AbstractCatalogClient.java","148765","364001","512766"
"2014-12-30","AbstractCatalogClient.java","141417","282149","423566"
"2014-04-14","AbstractCatalogClient.java","2519","14275","16794"
"2015-09-16","AbstractCatalogClient.java","150042","376355","526397"
"2015-07-30","AbstractCatalogClient.java","148637","360175","508812"
"2015-09-24","AbstractCatalogClient.java","150253","397326","547579"
"2015-03-27","AbstractCatalogClient.java","144946","294323","439269"
"2015-09-17","AbstractCatalogClient.java","150056","390029","540085"
"2015-07-31","AbstractCatalogClient.java","148680","360890","509570"
"2014-03-31","AbstractCatalogClient.java","1166","6028","7194"
"2015-08-04","AbstractCatalogClient.java","148691","362497","511188"
"2014-12-07","AbstractCatalogClient.java","128515","251459","379974"
"2015-08-13","AbstractCatalogClient.java","3254","3963","7217"
"2015-09-16","AbstractCatalogClient.java","109588","120665","230253"
"2015-09-24","AbstractCatalogClient.java","111852","143689","255541"
"2015-09-17","AbstractCatalogClient.java","109923","134660","244583"
"2015-08-13","AbstractCatalogClient.java","68433","143646","212079"
"2015-04-30","AbstractCatalogClient.java","34215","55184","89399"
"2015-07-20","AbstractCatalogClient.java","60763","127761","188524"
"2015-08-06","AbstractCatalogClient.java","67458","141962","209420"
"2015-09-16","AbstractCatalogClient.java","110570","196151","306721"
"2015-07-30","AbstractCatalogClient.java","66729","137535","204264"
"2015-09-24","AbstractCatalogClient.java","111626","217967","329593"
"2015-03-27","AbstractCatalogClient.java","26822","35467","62289"
"2015-09-17","AbstractCatalogClient.java","110646","209887","320533"
"2015-07-31","AbstractCatalogClient.java","66775","138253","205028"
"2015-08-04","AbstractCatalogClient.java","67299","140373","207672"
"2015-06-02","LazyTuple.java","101997","252499","354496"
"2015-07-22","LazyTuple.java","109343","265171","374514"
"2014-02-04","LazyTuple.java","20374","23905","44279"
"2015-06-02","LazyTuple.java","135023","357295","492318"
"2015-07-22","LazyTuple.java","135977","363575","499552"
"2014-08-21","LazyTuple.java","128061","199831","327892"
"2015-08-13","AbstractCatalogClient.java","158333","362522","520855"
"2015-04-30","AbstractCatalogClient.java","155736","305681","461417"
"2014-08-19","AbstractCatalogClient.java","121227","158640","279867"
"2015-07-20","AbstractCatalogClient.java","157450","353424","510874"
"2015-08-06","AbstractCatalogClient.java","157818","361298","519116"
"2014-12-30","AbstractCatalogClient.java","149862","278838","428700"
"2015-09-16","AbstractCatalogClient.java","159193","373750","532943"
"2015-07-30","AbstractCatalogClient.java","157670","357452","515122"
"2015-09-24","AbstractCatalogClient.java","159537","394854","554391"
"2015-03-27","AbstractCatalogClient.java","153492","291113","444605"
"2015-09-17","AbstractCatalogClient.java","159194","387411","546605"
"2015-07-31","AbstractCatalogClient.java","157705","358159","515864"
"2015-08-04","AbstractCatalogClient.java","157717","359767","517484"
"2014-12-07","AbstractCatalogClient.java","134172","245360","379532"
"2015-07-29","LocalFileInputChannel.java","41398","95910","137308"
"2015-10-20","BSTIndexScanExec.java","113141","149803","262944"
"2015-12-07","BSTIndexScanExec.java","116213","157344","273557"
"2015-08-25","BSTIndexScanExec.java","99780","108724","208504"
"2014-12-12","MergeScanner.java","82600","306204","388804"
"2014-03-01","MergeScanner.java","60888","140564","201452"
"2013-11-30","MergeScanner.java","47322","91544","138866"
"2013-10-27","MergeScanner.java","43599","80820","124419"
"2015-06-25","MergeScanner.java","83566","379828","463394"
"2014-10-08","MergeScanner.java","82390","276431","358821"
"2013-08-26","MergeScanner.java","25900","25205","51105"
"2015-09-17","MergeScanner.java","84545","415025","499570"
"2015-08-19","MergeScanner.java","84217","392368","476585"
"2013-08-26","MergeScanner.java","24356","19797","44153"
"2015-07-30","BSTIndexScanExec.java","84059","384589","468648"
"2015-07-22","BSTIndexScanExec.java","83983","381677","465660"
"2015-10-20","BSTIndexScanExec.java","84573","421765","506338"
"2015-12-07","BSTIndexScanExec.java","84587","426248","510835"
"2015-08-25","BSTIndexScanExec.java","84220","393694","477914"
"2014-03-01","BSTIndexScanExec.java","60888","140564","201452"
"2015-04-02","BSTIndexScanExec.java","83604","321848","405452"
"2014-02-17","BSTIndexScanExec.java","60532","135764","196296"
"2015-06-25","MergeScanner.java","56229","128887","185116"
"2015-09-17","MergeScanner.java","113411","220287","333698"
"2015-08-19","MergeScanner.java","106029","190576","296605"
"2015-09-24","AbstractCatalogClient.java","2838","23598","26436"
"2015-09-17","AbstractCatalogClient.java","362","14022","14384"
"2014-12-12","MergeScanner.java","138158","282086","420244"
"2015-06-25","MergeScanner.java","143293","359879","503172"
"2014-10-08","MergeScanner.java","115429","229794","345223"
"2015-09-17","MergeScanner.java","145221","396025","541246"
"2015-08-19","MergeScanner.java","144586","373061","517647"
"2015-10-09","TestLogicalPlanner.java","1719","6100","7819"
"2015-11-18","TestLogicalPlanner.java","4523","10932","15455"
"2015-09-24","TestLogicalPlanner.java","88","415","503"
"2014-12-12","MergeScanner.java","115401","294783","410184"
"2014-03-01","MergeScanner.java","46816","82270","129086"
"2015-06-25","MergeScanner.java","118324","370364","488688"
"2014-10-08","MergeScanner.java","115025","264844","379869"
"2015-09-17","MergeScanner.java","119550","405808","525358"
"2015-08-19","MergeScanner.java","119205","383134","502339"
"2015-07-30","BSTIndexScanExec.java","5635","8471","14106"
"2015-10-20","BSTIndexScanExec.java","114802","154300","269102"
"2015-12-07","BSTIndexScanExec.java","117781","161748","279529"
"2015-08-25","BSTIndexScanExec.java","103717","115497","219214"
"2014-12-12","MergeScanner.java","111265","297648","408913"
"2014-03-01","MergeScanner.java","45323","87778","133101"
"2013-11-30","MergeScanner.java","7929","14930","22859"
"2015-06-25","MergeScanner.java","113463","372504","485967"
"2014-10-08","MergeScanner.java","110902","267722","378624"
"2015-09-17","MergeScanner.java","114703","407962","522665"
"2015-08-19","MergeScanner.java","114369","385299","499668"
"2015-09-17","MergeScanner.java","123084","157302","280386"
"2015-08-19","MergeScanner.java","113384","125273","238657"
"2014-12-12","MergeScanner.java","65892","95455","161347"
"2015-06-25","MergeScanner.java","104297","206518","310815"
"2015-09-17","MergeScanner.java","147756","284195","431951"
"2015-08-19","MergeScanner.java","142326","256436","398762"
"2015-12-07","BSTIndexScanExec.java","4712","9181","13893"
"2015-10-20","BSTIndexScanExec.java","16321","44039","60360"
"2015-12-07","BSTIndexScanExec.java","20463","52650","73113"
"2015-07-30","BSTIndexScanExec.java","144154","365008","509162"
"2015-07-22","BSTIndexScanExec.java","144032","362050","506082"
"2015-10-20","BSTIndexScanExec.java","145356","402872","548228"
"2015-12-07","BSTIndexScanExec.java","145460","407445","552905"
"2015-08-25","BSTIndexScanExec.java","144754","374552","519306"
"2015-04-02","BSTIndexScanExec.java","141628","300196","441824"
"2015-09-16","TestLogicalPlanner.java","109666","124441","234107"
"2015-09-23","TestLogicalPlanner.java","111715","143858","255573"
"2015-10-09","TestLogicalPlanner.java","112907","149431","262338"
"2015-11-18","TestLogicalPlanner.java","115107","153659","268766"
"2015-09-24","TestLogicalPlanner.java","111755","144225","255980"
"2015-09-23","TestLogicalPlanner.java","110826","142337","253163"
"2015-07-30","BSTIndexScanExec.java","43690","105976","149666"
"2015-07-22","BSTIndexScanExec.java","39036","98486","137522"
"2015-10-20","BSTIndexScanExec.java","93903","192851","286754"
"2015-12-07","BSTIndexScanExec.java","96528","199945","296473"
"2015-08-25","BSTIndexScanExec.java","84905","156135","241040"
"2014-12-12","MergeScanner.java","79783","304082","383865"
"2014-03-01","MergeScanner.java","45672","126043","171715"
"2013-11-30","MergeScanner.java","27770","72687","100457"
"2013-10-27","MergeScanner.java","23578","61494","85072"
"2015-06-25","MergeScanner.java","80935","377892","458827"
"2014-10-08","MergeScanner.java","79567","274303","353870"
"2015-09-17","MergeScanner.java","81954","413129","495083"
"2015-08-19","MergeScanner.java","81624","390470","472094"
"2015-07-30","BSTIndexScanExec.java","140413","365711","506124"
"2015-07-22","BSTIndexScanExec.java","140301","362763","503064"
"2015-10-20","BSTIndexScanExec.java","141520","403480","545000"
"2015-12-07","BSTIndexScanExec.java","141600","408029","549629"
"2015-08-25","BSTIndexScanExec.java","140930","375172","516102"
"2014-03-01","BSTIndexScanExec.java","9608","14052","23660"
"2015-04-02","BSTIndexScanExec.java","138044","301056","439100"
"2015-07-17","TestLogicalPlanner.java","20731","67165","87896"
"2015-07-22","TestLogicalPlanner.java","32669","78241","110910"
"2015-09-16","TestLogicalPlanner.java","90186","153738","243924"
"2015-06-24","TestLogicalPlanner.java","19373","63780","83153"
"2015-09-23","TestLogicalPlanner.java","91608","172528","264136"
"2015-07-30","TestLogicalPlanner.java","38236","87013","125249"
"2015-07-22","TestLogicalPlanner.java","35015","79731","114746"
"2015-10-09","TestLogicalPlanner.java","92263","177564","269827"
"2015-11-18","TestLogicalPlanner.java","94212","181541","275753"
"2015-09-24","TestLogicalPlanner.java","91630","172877","264507"
"2015-09-23","TestLogicalPlanner.java","90849","171137","261986"
"2014-08-21","ColPartitionStoreExec.java","110754","180202","290956"
"2014-07-11","ColPartitionStoreExec.java","110071","165762","275833"
"2014-07-15","ColPartitionStoreExec.java","110116","169199","279315"
"2015-07-31","ColPartitionStoreExec.java","137231","366971","504202"
"2015-09-24","ColPartitionStoreExec.java","138207","402810","541017"
"2014-12-12","ColPartitionStoreExec.java","131779","283921","415700"
"2015-09-17","MergeScanner.java","21890","44219","66109"
"2015-07-31","ColPartitionStoreExec.java","110210","270502","380712"
"2015-09-24","ColPartitionStoreExec.java","144164","339319","483483"
"2014-12-12","ColPartitionStoreExec.java","66674","149368","216042"
"2014-08-21","ColPartitionStoreExec.java","3649","17406","21055"
"2014-07-15","ColPartitionStoreExec.java","389","3781","4170"
"2015-07-31","ColPartitionStoreExec.java","103846","277895","381741"
"2015-09-24","ColPartitionStoreExec.java","134954","343866","478820"
"2014-12-12","ColPartitionStoreExec.java","63515","159966","223481"
"2014-12-12","MergeScanner.java","76330","304493","380823"
"2014-03-01","MergeScanner.java","47401","131636","179037"
"2013-11-30","MergeScanner.java","30300","79081","109381"
"2013-10-27","MergeScanner.java","26187","67967","94154"
"2015-06-25","MergeScanner.java","77396","378217","455613"
"2014-10-08","MergeScanner.java","76114","274714","350828"
"2015-09-17","MergeScanner.java","78415","413454","491869"
"2015-08-19","MergeScanner.java","78085","390795","468880"
"2015-08-19","NullScanner.java","106029","190576","296605"
"2015-09-17","NullScanner.java","113411","220287","333698"
"2015-09-17","NullScanner.java","21890","44219","66109"
"2014-08-21","ColPartitionStoreExec.java","3394","13759","17153"
"2015-07-31","ColPartitionStoreExec.java","106110","276767","382877"
"2015-09-24","ColPartitionStoreExec.java","137973","343493","481466"
"2014-12-12","ColPartitionStoreExec.java","65261","158320","223581"
"2015-09-24","ColPartitionStoreExec.java","111935","146798","258733"
"2015-07-31","ColPartitionStoreExec.java","70006","147604","217610"
"2015-09-24","ColPartitionStoreExec.java","113974","226435","340409"
"2015-08-25","CommonHashJoinExec.java","80699","139019","219718"
"2015-10-30","CommonHashJoinExec.java","91133","177815","268948"
"2015-07-22","CommonHashJoinExec.java","31147","77687","108834"
"2015-09-16","TestLogicalPlanner.java","110012","128848","238860"
"2015-09-23","TestLogicalPlanner.java","111956","148160","260116"
"2015-07-30","TestLogicalPlanner.java","3947","8008","11955"
"2015-10-09","TestLogicalPlanner.java","113083","153668","266751"
"2015-11-18","TestLogicalPlanner.java","115248","157861","273109"
"2015-09-24","TestLogicalPlanner.java","111996","148527","260523"
"2015-09-23","TestLogicalPlanner.java","111055","146627","257682"
"2014-04-08","RowStoreUtil.java","61921","160469","222390"
"2014-03-26","RowStoreUtil.java","61637","151555","213192"
"2013-12-11","RowStoreUtil.java","47415","100369","147784"
"2013-12-30","RowStoreUtil.java","49263","109010","158273"
"2014-04-24","RowStoreUtil.java","81830","186096","267926"
"2014-07-22","RowStoreUtil.java","82247","213856","296103"
"2014-02-20","RowStoreUtil.java","60749","138539","199288"
"2014-11-04","RowStoreUtil.java","82577","284823","367400"
"2015-02-14","RowStoreUtil.java","82704","313326","396030"
"2015-06-03","RowStoreUtil.java","83566","375973","459539"
"2015-09-03","RowStoreUtil.java","84320","394076","478396"
"2015-05-14","RowStoreUtil.java","83580","335453","419033"
"2015-08-19","RowStoreUtil.java","84217","392368","476585"
"2015-10-30","CommonHashJoinExec.java","16902","45264","62166"
"2015-08-13","AbstractCatalogClient.java","4268","8675","12943"
"2015-08-06","AbstractCatalogClient.java","1659","5357","7016"
"2015-09-16","AbstractCatalogClient.java","109666","124441","234107"
"2015-09-24","AbstractCatalogClient.java","111830","147365","259195"
"2015-09-17","AbstractCatalogClient.java","109987","138422","248409"
"2015-07-31","AbstractCatalogClient.java","340","1012","1352"
"2015-08-04","AbstractCatalogClient.java","1403","3671","5074"
"2015-11-18","TestLogicalPlanner.java","2872","4900","7772"
"2014-04-24","RowStoreUtil.java","118138","123856","241994"
"2014-07-22","RowStoreUtil.java","120507","153568","274075"
"2014-11-04","RowStoreUtil.java","131073","234771","365844"
"2015-02-14","RowStoreUtil.java","149253","281327","430580"
"2015-06-03","RowStoreUtil.java","154633","348492","503125"
"2015-09-03","RowStoreUtil.java","157665","368873","526538"
"2015-05-14","RowStoreUtil.java","154527","307852","462379"
"2015-08-19","RowStoreUtil.java","157112","366715","523827"
"2015-08-25","CommonHashJoinExec.java","103717","115497","219214"
"2015-10-30","CommonHashJoinExec.java","115273","155415","270688"
"2014-04-08","RowStoreUtil.java","1553","10183","11736"
"2014-04-24","RowStoreUtil.java","114336","128684","243020"
"2014-07-22","RowStoreUtil.java","116601","158292","274893"
"2014-11-04","RowStoreUtil.java","126991","239319","366310"
"2015-02-14","RowStoreUtil.java","142498","283202","425700"
"2015-06-03","RowStoreUtil.java","147606","350095","497701"
"2015-09-03","RowStoreUtil.java","150460","370298","520758"
"2015-05-14","RowStoreUtil.java","147500","309455","456955"
"2015-08-19","RowStoreUtil.java","149977","368210","518187"
"2015-08-13","AbstractCatalogClient.java","136570","371264","507834"
"2015-04-30","AbstractCatalogClient.java","135112","315562","450674"
"2014-08-19","AbstractCatalogClient.java","128300","196218","324518"
"2015-07-20","AbstractCatalogClient.java","136191","362670","498861"
"2014-03-20","AbstractCatalogClient.java","34723","53472","88195"
"2015-08-06","AbstractCatalogClient.java","136368","370353","506721"
"2014-12-30","AbstractCatalogClient.java","131137","290618","421755"
"2014-04-14","AbstractCatalogClient.java","36350","66855","103205"
"2015-09-16","AbstractCatalogClient.java","137024","382086","519110"
"2015-07-30","AbstractCatalogClient.java","136302","366589","502891"
"2015-09-24","AbstractCatalogClient.java","137277","403099","540376"
"2015-03-27","AbstractCatalogClient.java","134003","302129","436132"
"2015-09-17","AbstractCatalogClient.java","137050","395772","532822"
"2015-07-31","AbstractCatalogClient.java","136297","367256","503553"
"2014-03-31","AbstractCatalogClient.java","35422","59033","94455"
"2015-08-04","AbstractCatalogClient.java","136309","368864","505173"
"2014-12-07","AbstractCatalogClient.java","130882","272575","403457"
"2014-04-08","RowStoreUtil.java","51299","96893","148192"
"2014-03-26","RowStoreUtil.java","50622","87586","138208"
"2013-12-30","RowStoreUtil.java","10573","17366","27939"
"2014-04-24","RowStoreUtil.java","121041","172353","293394"
"2014-07-22","RowStoreUtil.java","122082","200737","322819"
"2014-02-20","RowStoreUtil.java","41934","66770","108704"
"2014-11-04","RowStoreUtil.java","122585","271877","394462"
"2015-02-14","RowStoreUtil.java","122978","300646","423624"
"2015-06-03","RowStoreUtil.java","126244","365697","491941"
"2015-09-03","RowStoreUtil.java","127272","384074","511346"
"2015-05-14","RowStoreUtil.java","126258","325177","451435"
"2015-08-19","RowStoreUtil.java","127161","382358","509519"
"2015-07-22","CommonJoinExec.java","31147","77687","108834"
"2015-05-15","CommonJoinExec.java","10213","23123","33336"
"2015-07-22","CommonJoinExec.java","39036","98486","137522"
"2015-08-13","AbstractCatalogClient.java","48357","114925","163282"
"2015-04-30","AbstractCatalogClient.java","9880","22204","32084"
"2015-07-20","AbstractCatalogClient.java","39940","98293","138233"
"2015-08-06","AbstractCatalogClient.java","47151","113010","160161"
"2015-09-16","AbstractCatalogClient.java","94225","171161","265386"
"2015-07-30","AbstractCatalogClient.java","46231","108392","154623"
"2015-09-24","AbstractCatalogClient.java","95347","193043","288390"
"2015-09-17","AbstractCatalogClient.java","94330","184926","279256"
"2015-07-31","AbstractCatalogClient.java","46438","109271","155709"
"2015-08-04","AbstractCatalogClient.java","46966","111395","158361"
"2014-04-08","RowStoreUtil.java","44871","83672","128543"
"2014-03-26","RowStoreUtil.java","44033","74204","118237"
"2014-04-24","RowStoreUtil.java","120509","165028","285537"
"2014-07-22","RowStoreUtil.java","121808","193670","315478"
"2014-02-20","RowStoreUtil.java","34543","52586","87129"
"2014-11-04","RowStoreUtil.java","123362","265861","389223"
"2015-02-14","RowStoreUtil.java","123964","294839","418803"
"2015-06-03","RowStoreUtil.java","127422","360082","487504"
"2015-09-03","RowStoreUtil.java","129019","379028","508047"
"2015-05-14","RowStoreUtil.java","127331","319457","446788"
"2015-08-19","RowStoreUtil.java","128718","377122","505840"
"2014-07-22","RowStoreUtil.java","10625","37968","48593"
"2014-11-04","RowStoreUtil.java","43889","141869","185758"
"2015-02-14","RowStoreUtil.java","79484","205840","285324"
"2015-06-03","RowStoreUtil.java","92612","280753","373365"
"2015-09-03","RowStoreUtil.java","120557","326047","446604"
"2015-05-14","RowStoreUtil.java","87345","234952","322297"
"2015-08-19","RowStoreUtil.java","119670","323555","443225"
"2015-09-24","AbstractCatalogClient.java","3001","10101","13102"
"2015-08-13","AbstractCatalogClient.java","4085","7820","11905"
"2015-08-06","AbstractCatalogClient.java","1322","4348","5670"
"2015-09-16","AbstractCatalogClient.java","109751","123854","233605"
"2015-09-24","AbstractCatalogClient.java","111935","146798","258733"
"2015-09-17","AbstractCatalogClient.java","110080","137843","247923"
"2015-08-04","AbstractCatalogClient.java","1066","2662","3728"
"2014-11-04","RowStoreUtil.java","40600","111237","151837"
"2015-02-14","RowStoreUtil.java","80515","179528","260043"
"2015-06-03","RowStoreUtil.java","97916","258714","356630"
"2015-09-03","RowStoreUtil.java","133314","311461","444775"
"2015-05-14","RowStoreUtil.java","89387","209651","299038"
"2015-08-19","RowStoreUtil.java","132415","308957","441372"
"2014-04-08","RowStoreUtil.java","13235","33993","47228"
"2014-03-26","RowStoreUtil.java","11963","24091","36054"
"2014-04-24","RowStoreUtil.java","111525","138001","249526"
"2014-07-22","RowStoreUtil.java","113507","167326","280833"
"2014-11-04","RowStoreUtil.java","122361","246817","369178"
"2015-02-14","RowStoreUtil.java","136953","289785","426738"
"2015-06-03","RowStoreUtil.java","141321","355938","497259"
"2015-09-03","RowStoreUtil.java","143188","375154","518342"
"2015-05-14","RowStoreUtil.java","141216","315299","456515"
"2015-08-19","RowStoreUtil.java","142899","373260","516159"
"2015-02-14","RowStoreUtil.java","55032","83408","138440"
"2015-06-03","RowStoreUtil.java","76796","166957","243753"
"2015-09-03","RowStoreUtil.java","120694","228204","348898"
"2015-05-14","RowStoreUtil.java","66405","116032","182437"
"2015-08-19","RowStoreUtil.java","119588","225493","345081"
"2015-11-18","ComparableVector.java","96633","197289","293922"
"2015-04-06","ComparableVector.java","1299","6754","8053"
"2015-08-19","ComparableVector.java","84967","154628","239595"
"2015-07-17","TestLogicalPlanner.java","75216","380228","455444"
"2014-04-18","TestLogicalPlanner.java","50274","159663","209937"
"2015-07-22","TestLogicalPlanner.java","75646","379796","455442"
"2014-10-25","TestLogicalPlanner.java","74191","277263","351454"
"2014-05-07","TestLogicalPlanner.java","73717","186919","260636"
"2014-03-20","TestLogicalPlanner.java","49702","145519","195221"
"2015-09-16","TestLogicalPlanner.java","76055","398185","474240"
"2013-09-04","TestLogicalPlanner.java","12127","19556","31683"
"2014-11-25","TestLogicalPlanner.java","74209","291111","365320"
"2013-10-04","TestLogicalPlanner.java","19309","45510","64819"
"2014-02-16","TestLogicalPlanner.java","48252","130000","178252"
"2015-06-24","TestLogicalPlanner.java","75214","378199","453413"
"2014-08-11","TestLogicalPlanner.java","73938","216013","289951"
"2013-08-19","TestLogicalPlanner.java","8076","10003","18079"
"2013-09-16","TestLogicalPlanner.java","15184","33114","48298"
"2014-02-20","TestLogicalPlanner.java","48716","133331","182047"
"2013-09-18","TestLogicalPlanner.java","16010","33663","49673"
"2014-01-17","TestLogicalPlanner.java","38255","113006","151261"
"2015-01-02","TestLogicalPlanner.java","74321","310961","385282"
"2014-01-22","TestLogicalPlanner.java","38425","115049","153474"
"2015-09-23","TestLogicalPlanner.java","76230","415728","491958"
"2015-07-30","TestLogicalPlanner.java","75736","383091","458827"
"2015-05-11","TestLogicalPlanner.java","75226","333804","409030"
"2015-07-22","TestLogicalPlanner.java","75650","378944","454594"
"2015-10-09","TestLogicalPlanner.java","76258","420137","496395"
"2015-05-06","TestLogicalPlanner.java","75224","332875","408099"
"2015-11-18","TestLogicalPlanner.java","76272","422179","498451"
"2015-09-24","TestLogicalPlanner.java","76230","416055","492285"
"2015-09-23","TestLogicalPlanner.java","76228","415094","491322"
"2015-07-17","TestLogicalPlanner.java","20987","68348","89335"
"2015-07-22","TestLogicalPlanner.java","32911","79410","112321"
"2015-09-16","TestLogicalPlanner.java","90098","154577","244675"
"2015-06-24","TestLogicalPlanner.java","19648","64982","84630"
"2015-09-23","TestLogicalPlanner.java","91506","173353","264859"
"2015-07-30","TestLogicalPlanner.java","38454","88158","126612"
"2015-05-11","TestLogicalPlanner.java","688","1615","2303"
"2015-07-22","TestLogicalPlanner.java","35234","80877","116111"
"2015-10-09","TestLogicalPlanner.java","92160","178388","270548"
"2015-11-18","TestLogicalPlanner.java","94120","182376","276496"
"2015-09-24","TestLogicalPlanner.java","91528","173702","265230"
"2015-09-23","TestLogicalPlanner.java","90744","171959","262703"
"2015-08-13","AbstractCatalogClient.java","114923","381995","496918"
"2015-04-30","AbstractCatalogClient.java","114105","326933","441038"
"2014-08-19","AbstractCatalogClient.java","110797","211093","321890"
"2015-07-20","AbstractCatalogClient.java","114661","373518","488179"
"2014-03-20","AbstractCatalogClient.java","46571","97698","144269"
"2015-08-06","AbstractCatalogClient.java","114810","381173","495983"
"2014-12-30","AbstractCatalogClient.java","111422","303281","414703"
"2014-04-14","AbstractCatalogClient.java","47298","110181","157479"
"2015-09-16","AbstractCatalogClient.java","115154","392594","507748"
"2015-07-30","AbstractCatalogClient.java","114748","377413","492161"
"2014-01-26","AbstractCatalogClient.java","21142","53520","74662"
"2015-09-24","AbstractCatalogClient.java","115361","413561","528922"
"2015-03-27","AbstractCatalogClient.java","113945","314449","428394"
"2015-09-17","AbstractCatalogClient.java","115161","406261","521422"
"2015-07-31","AbstractCatalogClient.java","114746","378083","492829"
"2014-03-31","AbstractCatalogClient.java","47012","103001","150013"
"2015-08-04","AbstractCatalogClient.java","114786","379719","494505"
"2014-12-07","AbstractCatalogClient.java","111225","285296","396521"
"2015-11-18","ComparableVector.java","97700","192901","290601"
"2015-08-19","ComparableVector.java","85922","150128","236050"
"2015-11-18","ComparableVector.java","27938","58933","86871"
"2015-07-22","DistinctGroupbyFirstAggregationExec.java","111591","213498","325089"
"2014-12-30","DistinctGroupbyFirstAggregationExec.java","72906","104182","177088"
"2015-04-02","DistinctGroupbyFirstAggregationExec.java","90094","132551","222645"
"2015-12-03","DistinctGroupbyFirstAggregationExec.java","149607","294819","444426"
"2015-09-23","DistinctGroupbyFirstAggregationExec.java","148528","285414","433942"
"2015-12-03","DistinctGroupbyFirstAggregationExec.java","117502","160807","278309"
"2015-09-23","DistinctGroupbyFirstAggregationExec.java","113469","148448","261917"
"2015-07-22","DistinctGroupbyFirstAggregationExec.java","61137","131768","192905"
"2015-04-02","DistinctGroupbyFirstAggregationExec.java","28691","39872","68563"
"2015-12-03","DistinctGroupbyFirstAggregationExec.java","112632","226568","339200"
"2015-09-23","DistinctGroupbyFirstAggregationExec.java","109952","215562","325514"
"2014-12-12","Scanner.java","82600","306204","388804"
"2015-09-17","Scanner.java","84545","415025","499570"
"2015-05-11","Scanner.java","83578","335331","418909"
"2015-06-28","Scanner.java","83567","380219","463786"
"2013-08-26","Scanner.java","24356","19797","44153"
"2015-08-13","AbstractCatalogClient.java","152914","363997","516911"
"2015-04-30","AbstractCatalogClient.java","150395","307234","457629"
"2014-08-19","AbstractCatalogClient.java","117790","162097","279887"
"2015-07-20","AbstractCatalogClient.java","152080","354948","507028"
"2015-08-06","AbstractCatalogClient.java","152435","362809","515244"
"2014-12-30","AbstractCatalogClient.java","144795","280665","425460"
"2014-04-14","AbstractCatalogClient.java","1493","8387","9880"
"2015-09-16","AbstractCatalogClient.java","153728","375179","528907"
"2015-07-30","AbstractCatalogClient.java","152293","358969","511262"
"2015-09-24","AbstractCatalogClient.java","154077","396288","550365"
"2015-03-27","AbstractCatalogClient.java","148386","292901","441287"
"2015-09-17","AbstractCatalogClient.java","153745","388856","542601"
"2015-07-31","AbstractCatalogClient.java","152328","359676","512004"
"2015-08-04","AbstractCatalogClient.java","152339","361283","513622"
"2014-12-07","AbstractCatalogClient.java","130057","248139","378196"
"2015-09-17","Scanner.java","113411","220287","333698"
"2015-05-11","Scanner.java","39567","67716","107283"
"2015-06-28","Scanner.java","56587","129635","186222"
"2015-09-17","Scanner.java","90655","169382","260037"
"2015-06-28","Scanner.java","20095","64994","85089"
"2015-09-17","Scanner.java","122809","156637","279446"
"2014-12-12","Scanner.java","76330","304493","380823"
"2015-09-17","Scanner.java","78415","413454","491869"
"2015-05-11","Scanner.java","77408","333720","411128"
"2015-06-28","Scanner.java","77398","378609","456007"
"2015-07-22","DistinctGroupbyFirstAggregationExec.java","39036","98486","137522"
"2015-12-03","DistinctGroupbyFirstAggregationExec.java","96252","199007","295259"
"2015-09-23","DistinctGroupbyFirstAggregationExec.java","93184","187613","280797"
"2015-06-02","SerializerDeserializer.java","117849","368326","486175"
"2015-10-09","TestLogicalPlanner.java","1667","5721","7388"
"2015-11-18","TestLogicalPlanner.java","4483","10565","15048"
"2015-06-25","StorageProperty.java","83566","379828","463394"
"2015-06-24","StorageProperty.java","83566","379726","463292"
"2014-12-12","StorageProperty.java","82600","306204","388804"
"2015-06-25","StorageProperty.java","1142","1244","2386"
"2015-10-09","TestLogicalPlanner.java","2801","7814","10615"
"2015-11-18","TestLogicalPlanner.java","5581","12622","18203"
"2015-09-24","TestLogicalPlanner.java","1182","2141","3323"
"2015-06-25","StorageProperty.java","56229","128887","185116"
"2015-06-24","StorageProperty.java","56224","128780","185004"
"2014-07-22","StorageUtil.java","82247","213251","295498"
"2015-06-24","StorageUtil.java","83566","379726","463292"
"2014-07-15","StorageUtil.java","82121","212666","294787"
"2015-03-11","StorageUtil.java","82764","315340","398104"
"2014-07-17","StorageUtil.java","82121","212689","294810"
"2015-06-24","StorageUtil.java","98313","263469","361782"
"2015-03-11","StorageUtil.java","80788","182360","263148"
"2014-07-22","StorageUtil.java","889","1348","2237"
"2015-06-24","StorageUtil.java","98988","264603","363591"
"2015-03-11","StorageUtil.java","81541","183572","265113"
"2014-07-17","StorageUtil.java","10","33","43"
"2015-06-24","StorageUtil.java","31659","95243","126902"
"2014-07-22","StorageUtil.java","879","1315","2194"
"2015-06-24","StorageUtil.java","99006","264598","363604"
"2015-03-11","StorageUtil.java","81559","183567","265126"
"2015-12-03","DistinctGroupbyFirstAggregationExec.java","6211","14537","20748"
"2015-06-24","Tablespace.java","56224","128780","185004"
"2015-05-19","Tablespace.java","51242","115196","166438"
"2015-09-17","Tablespace.java","113411","220287","333698"
"2015-06-25","Tablespace.java","56229","128887","185116"
"2015-07-30","Tablespace.java","69968","146894","216862"
"2015-09-28","Tablespace.java","114154","226902","341056"
"2014-11-25","TestPlannerUtil.java","9599","23429","33028"
"2015-06-25","TestPlannerUtil.java","77336","177351","254687"
"2014-10-25","TestPlannerUtil.java","82572","278819","361391"
"2014-03-20","TestPlannerUtil.java","61564","150556","212120"
"2014-11-25","TestPlannerUtil.java","82590","292667","375257"
"2015-06-25","TestPlannerUtil.java","83566","379828","463394"
"2013-08-19","TestPlannerUtil.java","24236","19338","43574"
"2014-04-18","TestPlannerUtil.java","62067","164631","226698"
"2013-10-04","TestPlannerUtil.java","34003","53379","87382"
"2014-02-20","TestPlannerUtil.java","60749","138539","199288"
"2014-09-22","TestPlannerUtil.java","82389","274013","356402"
"2015-09-17","Tablespace.java","123914","158234","282148"
"2015-06-25","Tablespace.java","1142","1244","2386"
"2015-07-30","Tablespace.java","26550","30920","57470"
"2015-09-28","Tablespace.java","125417","165609","291026"
"2014-10-25","TestPlannerUtil.java","123305","230560","353865"
"2014-11-25","TestPlannerUtil.java","127525","248610","376135"
"2015-06-25","TestPlannerUtil.java","147333","354603","501936"
"2014-04-18","TestPlannerUtil.java","3384","16956","20340"
"2014-09-22","TestPlannerUtil.java","116582","219214","335796"
"2015-06-24","Tablespace.java","10605","19207","29812"
"2015-09-17","Tablespace.java","122997","165919","288916"
"2015-06-25","Tablespace.java","11050","19754","30804"
"2015-07-30","Tablespace.java","33337","46309","79646"
"2015-09-28","Tablespace.java","124329","173123","297452"
"2015-06-25","TestPlannerUtil.java","79554","165739","245293"
"2015-09-28","Tablespace.java","2492","8364","10856"
"2014-10-25","TestPlannerUtil.java","75964","277109","353073"
"2014-03-20","TestPlannerUtil.java","48087","141977","190064"
"2014-11-25","TestPlannerUtil.java","75986","290961","366947"
"2015-06-25","TestPlannerUtil.java","77057","378217","455274"
"2014-04-18","TestPlannerUtil.java","48728","156190","204918"
"2013-10-04","TestPlannerUtil.java","15062","39336","54398"
"2014-02-20","TestPlannerUtil.java","46870","129558","176428"
"2014-09-22","TestPlannerUtil.java","75774","272296","348070"
"2015-08-13","AbstractCatalogClient.java","3446","5585","9031"
"2015-08-06","AbstractCatalogClient.java","293","1723","2016"
"2015-09-16","AbstractCatalogClient.java","109680","122187","231867"
"2015-09-24","AbstractCatalogClient.java","111906","145173","257079"
"2015-09-17","AbstractCatalogClient.java","110009","136176","246185"
"2015-08-13","AbstractCatalogClient.java","93536","386266","479802"
"2015-04-30","AbstractCatalogClient.java","92827","331313","424140"
"2014-08-19","AbstractCatalogClient.java","91332","217286","308618"
"2015-07-20","AbstractCatalogClient.java","93320","377835","471155"
"2014-03-20","AbstractCatalogClient.java","52004","128789","180793"
"2015-08-06","AbstractCatalogClient.java","93430","385451","478881"
"2014-12-30","AbstractCatalogClient.java","91824","309341","401165"
"2014-04-14","AbstractCatalogClient.java","52595","141136","193731"
"2015-09-16","AbstractCatalogClient.java","93708","396806","490514"
"2015-07-30","AbstractCatalogClient.java","93405","381728","475133"
"2014-01-26","AbstractCatalogClient.java","33184","91220","124404"
"2015-09-24","AbstractCatalogClient.java","93888","417746","511634"
"2015-03-27","AbstractCatalogClient.java","92843","319005","411848"
"2015-09-17","AbstractCatalogClient.java","93713","410471","504184"
"2015-07-31","AbstractCatalogClient.java","93404","382399","475803"
"2013-10-28","AbstractCatalogClient.java","19254","44912","64166"
"2014-03-31","AbstractCatalogClient.java","52414","134061","186475"
"2015-08-04","AbstractCatalogClient.java","93407","383998","477405"
"2014-12-07","AbstractCatalogClient.java","91635","291364","382999"
"2014-10-25","DistinctGroupbyHashAggregationExec.java","39295","124114","163409"
"2015-07-22","DistinctGroupbyHashAggregationExec.java","100467","286733","387200"
"2015-04-02","DistinctGroupbyHashAggregationExec.java","85408","212224","297632"
"2014-05-19","DistinctGroupbyHashAggregationExec.java","89","615","704"
"2014-12-30","DistinctGroupbyHashAggregationExec.java","72201","187836","260037"
"2014-07-11","DistinctGroupbyHashAggregationExec.java","7563","23712","31275"
"2014-06-11","DistinctGroupbyHashAggregationExec.java","2015","12521","14536"
"2014-05-21","DistinctGroupbyHashAggregationExec.java","90","633","723"
"2015-12-03","DistinctGroupbyHashAggregationExec.java","129324","358895","488219"
"2015-09-23","DistinctGroupbyHashAggregationExec.java","128510","349755","478265"
"2015-04-18","DistinctGroupbyHashAggregationExec.java","87966","224961","312927"
"2015-07-22","DistinctGroupbyHashAggregationExec.java","85640","187087","272727"
"2015-04-02","DistinctGroupbyHashAggregationExec.java","61354","103351","164705"
"2014-12-30","DistinctGroupbyHashAggregationExec.java","43464","74280","117744"
"2015-12-03","DistinctGroupbyHashAggregationExec.java","125468","270220","395688"
"2015-09-23","DistinctGroupbyHashAggregationExec.java","123979","260405","384384"
"2015-04-18","DistinctGroupbyHashAggregationExec.java","64683","116859","181542"
"2015-12-03","DistinctGroupbyHashAggregationExec.java","117502","160807","278309"
"2015-09-23","DistinctGroupbyHashAggregationExec.java","113469","148448","261917"
"2014-10-25","TestPlannerUtil.java","128748","222431","351179"
"2014-11-25","TestPlannerUtil.java","133523","241036","374559"
"2015-06-25","TestPlannerUtil.java","157498","351196","508694"
"2014-09-22","TestPlannerUtil.java","121575","210635","332210"
"2015-07-22","DistinctGroupbyHashAggregationExec.java","39036","98486","137522"
"2015-12-03","DistinctGroupbyHashAggregationExec.java","96252","199007","295259"
"2015-09-23","DistinctGroupbyHashAggregationExec.java","93184","187613","280797"
"2015-04-18","DistinctGroupbyHashAggregationExec.java","4981","15160","20141"
"2014-10-25","TestPlannerUtil.java","96033","272904","368937"
"2014-03-20","TestPlannerUtil.java","52377","121993","174370"
"2014-11-25","TestPlannerUtil.java","96071","286772","382843"
"2015-06-25","TestPlannerUtil.java","97270","374156","471426"
"2014-04-18","TestPlannerUtil.java","53298","136486","189784"
"2014-02-20","TestPlannerUtil.java","47315","105729","153044"
"2014-09-22","TestPlannerUtil.java","95821","268069","363890"
"2014-10-25","DistinctGroupbyHashAggregationExec.java","39263","123556","162819"
"2015-07-22","DistinctGroupbyHashAggregationExec.java","100958","286698","387656"
"2015-04-02","DistinctGroupbyHashAggregationExec.java","85873","212163","298036"
"2014-12-30","DistinctGroupbyHashAggregationExec.java","72220","187329","259549"
"2014-07-11","DistinctGroupbyHashAggregationExec.java","7501","23124","30625"
"2014-06-11","DistinctGroupbyHashAggregationExec.java","1944","11924","13868"
"2014-05-21","DistinctGroupbyHashAggregationExec.java","18","35","53"
"2015-12-03","DistinctGroupbyHashAggregationExec.java","129834","358879","488713"
"2015-09-23","DistinctGroupbyHashAggregationExec.java","129020","349739","478759"
"2015-04-18","DistinctGroupbyHashAggregationExec.java","88431","224900","313331"
"2015-07-22","DistinctGroupbyHashAggregationExec.java","61137","131768","192905"
"2015-04-02","DistinctGroupbyHashAggregationExec.java","28691","39872","68563"
"2015-12-03","DistinctGroupbyHashAggregationExec.java","112632","226568","339200"
"2015-09-23","DistinctGroupbyHashAggregationExec.java","109952","215562","325514"
"2015-04-18","DistinctGroupbyHashAggregationExec.java","32432","53792","86224"
"2015-09-17","Tablespace.java","123084","157302","280386"
"2015-07-30","Tablespace.java","25423","29691","55114"
"2015-09-28","Tablespace.java","124638","164728","289366"
"2015-09-17","Tablespace.java","110487","140437","250924"
"2015-09-28","Tablespace.java","112269","148091","260360"
"2015-08-13","AbstractCatalogClient.java","91926","184927","276853"
"2015-04-30","AbstractCatalogClient.java","67701","106458","174159"
"2015-07-20","AbstractCatalogClient.java","88012","172798","260810"
"2015-08-06","AbstractCatalogClient.java","91138","183430","274568"
"2014-12-30","AbstractCatalogClient.java","40210","57998","98208"
"2015-09-16","AbstractCatalogClient.java","129034","232403","361437"
"2015-07-30","AbstractCatalogClient.java","90550","179144","269694"
"2015-09-24","AbstractCatalogClient.java","129920","254049","383969"
"2015-03-27","AbstractCatalogClient.java","61410","87843","149253"
"2015-09-17","AbstractCatalogClient.java","129147","246176","375323"
"2015-07-31","AbstractCatalogClient.java","90585","179851","270436"
"2015-08-04","AbstractCatalogClient.java","91017","181879","272896"
"2014-10-25","DistinctGroupbyHashAggregationExec.java","35733","104403","140136"
"2015-07-22","DistinctGroupbyHashAggregationExec.java","103209","273326","376535"
"2015-04-02","DistinctGroupbyHashAggregationExec.java","84242","194909","279151"
"2014-12-30","DistinctGroupbyHashAggregationExec.java","69649","169135","238784"
"2015-12-03","DistinctGroupbyHashAggregationExec.java","136059","349481","485540"
"2015-09-23","DistinctGroupbyHashAggregationExec.java","135215","340311","475526"
"2015-04-18","DistinctGroupbyHashAggregationExec.java","86970","207816","294786"
"2015-04-30","CatalogClient.java","83576","334269","417845"
"2015-09-23","CatalogClient.java","84545","417217","501762"
"2013-09-04","CatalogClient.java","28139","28743","56882"
"2015-09-23","CatalogClient.java","91005","172984","263989"
"2014-10-25","TestPlannerUtil.java","120298","238755","359053"
"2014-03-20","TestPlannerUtil.java","11637","22839","34476"
"2014-11-25","TestPlannerUtil.java","123130","255417","378547"
"2015-06-25","TestPlannerUtil.java","141613","360085","501698"
"2014-04-18","TestPlannerUtil.java","14411","39185","53596"
"2014-09-22","TestPlannerUtil.java","113894","227728","341622"
"2014-10-25","DistinctGroupbyHashAggregationExec.java","38598","112911","151509"
"2015-07-22","DistinctGroupbyHashAggregationExec.java","102184","277944","380128"
"2015-04-02","DistinctGroupbyHashAggregationExec.java","86051","202361","288412"
"2014-12-30","DistinctGroupbyHashAggregationExec.java","72258","177387","249645"
"2014-07-11","DistinctGroupbyHashAggregationExec.java","5632","11275","16907"
"2015-12-03","DistinctGroupbyHashAggregationExec.java","132608","351673","484281"
"2015-09-23","DistinctGroupbyHashAggregationExec.java","131774","342513","474287"
"2015-04-18","DistinctGroupbyHashAggregationExec.java","88748","215237","303985"
"2014-10-25","DistinctGroupbyHashAggregationExec.java","39237","123513","162750"
"2015-07-22","DistinctGroupbyHashAggregationExec.java","100935","286658","387593"
"2015-04-02","DistinctGroupbyHashAggregationExec.java","85847","212120","297967"
"2014-12-30","DistinctGroupbyHashAggregationExec.java","72194","187286","259480"
"2014-07-11","DistinctGroupbyHashAggregationExec.java","7474","23080","30554"
"2014-06-11","DistinctGroupbyHashAggregationExec.java","1926","11889","13815"
"2015-12-03","DistinctGroupbyHashAggregationExec.java","129811","358839","488650"
"2015-09-23","DistinctGroupbyHashAggregationExec.java","128997","349699","478696"
"2015-04-18","DistinctGroupbyHashAggregationExec.java","88405","224857","313262"
"2014-10-25","TestPlannerUtil.java","33275","37898","71173"
"2014-11-25","TestPlannerUtil.java","41824","60277","102101"
"2015-06-25","TestPlannerUtil.java","104000","208638","312638"
"2015-04-30","CatalogClient.java","81970","332059","414029"
"2015-09-23","CatalogClient.java","82986","415054","498040"
"2015-09-01","AlterTableDesc.java","153594","368778","522372"
"2014-04-14","AlterTableDesc.java","1559","8505","10064"
"2015-04-05","AlterTableDesc.java","148486","293626","442112"
"2015-03-27","AlterTableDesc.java","148386","292901","441287"
"2014-10-08","AlterTableDesc.java","118322","220513","338835"
"2015-09-10","TestQueryValidation.java","147935","264817","412752"
"2015-05-27","TestQueryValidation.java","101319","194626","295945"
"2014-12-24","TestQueryValidation.java","71557","99893","171450"
"2015-09-10","TestQueryValidation.java","122499","146074","268573"
"2015-09-01","AlterTableDesc.java","159030","367268","526298"
"2015-04-05","AlterTableDesc.java","153647","291841","445488"
"2015-03-27","AlterTableDesc.java","153444","291013","444457"
"2014-10-08","AlterTableDesc.java","121737","216982","338719"
"2015-09-17","TablespaceManager.java","123914","158234","282148"
"2015-10-20","TablespaceManager.java","126000","167025","293025"
"2015-06-25","TablespaceManager.java","1142","1244","2386"
"2015-09-07","TablespaceManager.java","119525","133662","253187"
"2015-10-09","TablespaceManager.java","125811","166705","292516"
"2015-09-22","TablespaceManager.java","124080","158662","282742"
"2015-11-06","TablespaceManager.java","126540","168403","294943"
"2015-09-01","AlterTableDesc.java","85707","155751","241458"
"2015-10-20","TablespaceManager.java","3618","10323","13941"
"2015-10-09","TablespaceManager.java","3330","9904","13234"
"2015-09-22","TablespaceManager.java","446","708","1154"
"2015-11-06","TablespaceManager.java","4375","11918","16293"
"2015-11-06","TablespaceManager.java","785","1623","2408"
"2015-06-24","TablespaceManager.java","16903","61846","78749"
"2015-09-17","TablespaceManager.java","88888","168151","257039"
"2015-10-20","TablespaceManager.java","90742","176710","267452"
"2015-06-25","TablespaceManager.java","17320","62365","79685"
"2015-09-07","TablespaceManager.java","84710","143790","228500"
"2015-10-09","TablespaceManager.java","90561","176398","266959"
"2015-09-22","TablespaceManager.java","88974","168499","257473"
"2015-11-06","TablespaceManager.java","91267","178073","269340"
"2015-09-10","TestQueryValidation.java","110620","199166","309786"
"2015-05-27","TestQueryValidation.java","48461","113432","161893"
"2015-09-17","TablespaceManager.java","123084","157302","280386"
"2015-10-20","TablespaceManager.java","125229","166152","291381"
"2015-09-07","TablespaceManager.java","118656","132691","251347"
"2015-10-09","TablespaceManager.java","125034","165826","290860"
"2015-09-22","TablespaceManager.java","123300","157780","281080"
"2015-11-06","TablespaceManager.java","125771","167532","293303"
"2015-09-01","AlterTableDesc.java","87714","158383","246097"
"2015-04-05","AlterTableDesc.java","3201","3826","7027"
"2014-08-04","TestUniformRangePartition.java","82324","215856","298180"
"2014-08-21","TestUniformRangePartition.java","82350","224216","306566"
"2015-06-02","TestUniformRangePartition.java","83566","375934","459500"
"2014-02-10","TestUniformRangePartition.java","60372","134470","194842"
"2014-03-29","TestUniformRangePartition.java","61851","154068","215919"
"2014-03-25","TestUniformRangePartition.java","61613","150833","212446"
"2014-08-21","TestUniformRangePartition.java","1982","10316","12298"
"2015-06-02","TestUniformRangePartition.java","97969","256805","354774"
"2015-06-02","TestUniformRangePartition.java","101997","252499","354496"
"2015-09-01","AlterTableDesc.java","143970","256963","400933"
"2015-04-05","AlterTableDesc.java","90224","133173","223397"
"2015-03-27","AlterTableDesc.java","88676","131000","219676"
"2015-12-03","DistinctGroupbyHashAggregationExec.java","6211","14537","20748"
"2015-07-22","DistinctGroupbyHashAggregationExec.java","36014","85285","121299"
"2015-12-03","DistinctGroupbyHashAggregationExec.java","95871","188447","284318"
"2015-09-23","DistinctGroupbyHashAggregationExec.java","92671","176921","269592"
"2015-09-17","TablespaceManager.java","7576","27759","35335"
"2015-10-20","TablespaceManager.java","10870","37758","48628"
"2015-10-09","TablespaceManager.java","10590","37347","47937"
"2015-09-22","TablespaceManager.java","7977","28422","36399"
"2015-11-06","TablespaceManager.java","11599","39325","50924"
"2014-12-30","CatalogService.java","141417","282149","423566"
"2014-04-14","CatalogService.java","2519","14275","16794"
"2015-08-13","CatalogService.java","149312","365257","514569"
"2015-07-30","CatalogService.java","148637","360175","508812"
"2015-09-16","CatalogService.java","150042","376355","526397"
"2015-09-24","CatalogService.java","150253","397326","547579"
"2014-03-31","CatalogService.java","1166","6028","7194"
"2015-09-29","CatalogService.java","150271","397681","547952"
"2015-08-13","CatalogService.java","68433","143646","212079"
"2015-07-30","CatalogService.java","66729","137535","204264"
"2015-09-16","CatalogService.java","110570","196151","306721"
"2015-09-24","CatalogService.java","111626","217967","329593"
"2015-09-29","CatalogService.java","111840","218518","330358"
"2014-12-30","CatalogService.java","149862","278838","428700"
"2015-08-13","CatalogService.java","158333","362522","520855"
"2015-07-30","CatalogService.java","157670","357452","515122"
"2015-09-16","CatalogService.java","159193","373750","532943"
"2015-09-24","CatalogService.java","159537","394854","554391"
"2015-09-29","CatalogService.java","159562","395216","554778"
"2015-09-16","CatalogService.java","107209","117577","224786"
"2015-09-24","CatalogService.java","109517","140645","250162"
"2015-09-29","CatalogService.java","109984","141449","251433"
"2015-10-20","TablespaceManager.java","334","465","799"
"2015-11-06","TablespaceManager.java","1118","2087","3205"
"2014-03-20","CatalogService.java","61564","150556","212120"
"2014-12-30","CatalogService.java","82703","312427","395130"
"2014-04-14","CatalogService.java","61921","162669","224590"
"2015-08-13","CatalogService.java","84208","389145","473353"
"2015-07-30","CatalogService.java","84059","384589","468648"
"2014-01-26","CatalogService.java","51164","121407","172571"
"2015-09-16","CatalogService.java","84372","399677","484049"
"2015-09-24","CatalogService.java","84547","420612","505159"
"2014-03-31","CatalogService.java","61876","155730","217606"
"2015-09-29","CatalogService.java","84555","420957","505512"
"2015-09-23","DistinctGroupbySecondAggregationExec.java","113469","148448","261917"
"2015-12-03","DistinctGroupbySecondAggregationExec.java","117502","160807","278309"
"2015-07-22","DistinctGroupbySecondAggregationExec.java","111591","213498","325089"
"2015-09-23","DistinctGroupbySecondAggregationExec.java","148528","285414","433942"
"2015-12-03","DistinctGroupbySecondAggregationExec.java","149607","294819","444426"
"2014-08-04","TestUniformRangePartition.java","111207","170641","281848"
"2014-08-21","TestUniformRangePartition.java","111316","179084","290400"
"2015-06-02","TestUniformRangePartition.java","138305","356575","494880"
"2014-03-29","TestUniformRangePartition.java","14483","32602","47085"
"2014-03-25","TestUniformRangePartition.java","13968","29090","43058"
"2015-12-03","DistinctGroupbySecondAggregationExec.java","6211","14537","20748"
"2015-08-13","CatalogService.java","4268","8675","12943"
"2015-09-16","CatalogService.java","109666","124441","234107"
"2015-09-24","CatalogService.java","111830","147365","259195"
"2015-09-29","CatalogService.java","112287","148159","260446"
"2014-03-20","CatalogService.java","34723","53472","88195"
"2014-12-30","CatalogService.java","131137","290618","421755"
"2014-04-14","CatalogService.java","36350","66855","103205"
"2015-08-13","CatalogService.java","136570","371264","507834"
"2015-07-30","CatalogService.java","136302","366589","502891"
"2015-09-16","CatalogService.java","137024","382086","519110"
"2015-09-24","CatalogService.java","137277","403099","540376"
"2014-03-31","CatalogService.java","35422","59033","94455"
"2015-09-29","CatalogService.java","137293","403452","540745"
"2015-09-24","CatalogService.java","2838","23598","26436"
"2015-09-29","CatalogService.java","3451","24548","27999"
"2015-10-20","TablespaceManager.java","3238","9681","12919"
"2015-10-09","TablespaceManager.java","2947","9259","12206"
"2015-11-06","TablespaceManager.java","3996","11277","15273"
"2015-09-29","CatalogService.java","653","990","1643"
"2014-12-30","CatalogService.java","144795","280665","425460"
"2014-04-14","CatalogService.java","1493","8387","9880"
"2015-08-13","CatalogService.java","152914","363997","516911"
"2015-07-30","CatalogService.java","152293","358969","511262"
"2015-09-16","CatalogService.java","153728","375179","528907"
"2015-09-24","CatalogService.java","154077","396288","550365"
"2015-09-29","CatalogService.java","154098","396646","550744"
"2014-01-26","CatalogUtil.java","51164","121407","172571"
"2015-03-13","CatalogUtil.java","82779","315961","398740"
"2015-04-20","CatalogUtil.java","83621","332197","415818"
"2013-08-29","CatalogUtil.java","26006","25388","51394"
"2014-04-16","CatalogUtil.java","62056","163147","225203"
"2014-10-15","CatalogUtil.java","82548","281343","363891"
"2015-08-13","CatalogUtil.java","84208","389145","473353"
"2014-04-30","CatalogUtil.java","81946","188259","270205"
"2014-02-19","CatalogUtil.java","60663","137490","198153"
"2014-03-26","CatalogUtil.java","61614","151470","213084"
"2014-03-31","CatalogUtil.java","61876","155730","217606"
"2015-09-01","CatalogUtil.java","84320","393358","477678"
"2015-04-05","CatalogUtil.java","83604","322598","406202"
"2015-07-17","CatalogUtil.java","83567","381754","465321"
"2015-09-24","CatalogUtil.java","84547","420612","505159"
"2015-09-09","CatalogUtil.java","84320","394940","479260"
"2014-12-12","CatalogUtil.java","82595","298135","380730"
"2015-07-30","CatalogUtil.java","84059","384589","468648"
"2015-03-13","CatalogUtil.java","131718","294657","426375"
"2015-04-20","CatalogUtil.java","134965","313298","448263"
"2014-04-16","CatalogUtil.java","36877","67725","104602"
"2014-10-15","CatalogUtil.java","128768","257320","386088"
"2015-08-13","CatalogUtil.java","136570","371264","507834"
"2014-04-30","CatalogUtil.java","126831","162901","289732"
"2014-02-19","CatalogUtil.java","23850","30434","54284"
"2014-03-26","CatalogUtil.java","34867","54480","89347"
"2014-03-31","CatalogUtil.java","35422","59033","94455"
"2015-09-01","CatalogUtil.java","136941","375736","512677"
"2015-04-05","CatalogUtil.java","134041","302792","436833"
"2015-07-17","CatalogUtil.java","135634","363578","499212"
"2015-09-24","CatalogUtil.java","137277","403099","540376"
"2015-09-09","CatalogUtil.java","136938","377315","514253"
"2014-12-12","CatalogUtil.java","130890","276187","407077"
"2015-07-30","CatalogUtil.java","136302","366589","502891"
"2015-04-20","CatalogUtil.java","11585","26979","38564"
"2015-08-13","CatalogUtil.java","50297","122052","172349"
"2015-09-01","CatalogUtil.java","88809","164665","253474"
"2015-04-05","CatalogUtil.java","7615","13427","21042"
"2015-07-17","CatalogUtil.java","32318","97323","129641"
"2015-09-24","CatalogUtil.java","96218","199101","295319"
"2015-09-09","CatalogUtil.java","95897","173335","269232"
"2015-07-30","CatalogUtil.java","48365","115713","164078"
"2015-08-13","CatalogUtil.java","42826","99187","142013"
"2015-09-01","CatalogUtil.java","84667","145129","229796"
"2015-07-17","CatalogUtil.java","23693","73304","96997"
"2015-09-24","CatalogUtil.java","92589","180078","272667"
"2015-09-09","CatalogUtil.java","91927","153971","245898"
"2015-07-30","CatalogUtil.java","40566","92520","133086"
"2014-06-11","DistinctGroupbySortAggregationExec.java","2015","12521","14536"
"2015-01-08","DistinctGroupbySortAggregationExec.java","73298","191626","264924"
"2015-11-02","DistinctGroupbySortAggregationExec.java","129074","355494","484568"
"2014-01-26","CatalogUtil.java","35067","105928","140995"
"2015-03-13","CatalogUtil.java","80084","313884","393968"
"2015-04-20","CatalogUtil.java","80994","330188","411182"
"2014-04-16","CatalogUtil.java","47287","148996","196283"
"2014-10-15","CatalogUtil.java","79733","279146","358879"
"2015-08-13","CatalogUtil.java","81618","387173","468791"
"2014-04-30","CatalogUtil.java","79056","185987","265043"
"2014-02-19","CatalogUtil.java","44983","122428","167411"
"2014-03-26","CatalogUtil.java","46762","137236","183998"
"2014-03-31","CatalogUtil.java","47074","141546","188620"
"2015-09-01","CatalogUtil.java","81731","391387","473118"
"2015-04-05","CatalogUtil.java","80974","320586","401560"
"2015-07-17","CatalogUtil.java","80941","379746","460687"
"2015-09-24","CatalogUtil.java","81961","418644","500605"
"2015-09-09","CatalogUtil.java","81731","392969","474700"
"2014-12-12","CatalogUtil.java","79784","295942","375726"
"2015-07-30","CatalogUtil.java","81454","382602","464056"
"2015-03-13","CatalogUtil.java","150770","282861","433631"
"2015-04-20","CatalogUtil.java","155394","302879","458273"
"2014-10-15","CatalogUtil.java","121785","219489","341274"
"2015-08-13","CatalogUtil.java","158291","362137","520428"
"2014-04-30","CatalogUtil.java","118250","123472","241722"
"2015-09-01","CatalogUtil.java","159013","366960","525973"
"2015-04-05","CatalogUtil.java","153569","291472","445041"
"2015-07-17","CatalogUtil.java","156281","353377","509658"
"2015-09-24","CatalogUtil.java","159514","394488","554002"
"2015-09-09","CatalogUtil.java","159014","368543","527557"
"2014-12-12","CatalogUtil.java","134037","248486","382523"
"2015-07-30","CatalogUtil.java","157627","357066","514693"
"2015-03-13","CatalogUtil.java","84387","118774","203161"
"2015-04-20","CatalogUtil.java","92521","142302","234823"
"2015-08-13","CatalogUtil.java","113876","220018","333894"
"2015-09-01","CatalogUtil.java","144221","254464","398685"
"2015-04-05","CatalogUtil.java","89348","129547","218895"
"2015-07-17","CatalogUtil.java","105118","204510","309628"
"2015-09-24","CatalogUtil.java","149032","286302","435334"
"2015-09-09","CatalogUtil.java","148150","259975","408125"
"2014-12-12","CatalogUtil.java","45438","62183","107621"
"2015-07-30","CatalogUtil.java","112698","214433","327131"
"2015-01-08","DistinctGroupbySortAggregationExec.java","73419","181241","254660"
"2015-11-02","DistinctGroupbySortAggregationExec.java","132346","348260","480606"
"2015-11-13","TableStatistics.java","143733","404428","548161"
"2015-09-01","CatalogUtil.java","98008","102109","200117"
"2015-09-24","CatalogUtil.java","109517","140645","250162"
"2015-09-09","CatalogUtil.java","105831","111514","217345"
"2015-03-13","CatalogUtil.java","80776","207645","288421"
"2015-04-20","CatalogUtil.java","87295","229558","316853"
"2014-10-15","CatalogUtil.java","14122","106604","120726"
"2015-08-13","CatalogUtil.java","101224","299848","401072"
"2015-09-01","CatalogUtil.java","122059","324784","446843"
"2015-04-05","CatalogUtil.java","84855","217536","302391"
"2015-07-17","CatalogUtil.java","94257","286131","380388"
"2015-09-24","CatalogUtil.java","126153","355905","482058"
"2015-09-09","CatalogUtil.java","125519","329826","455345"
"2014-12-12","CatalogUtil.java","49461","158688","208149"
"2015-07-30","CatalogUtil.java","100234","294451","394685"
"2015-11-13","TableStatistics.java","84573","423058","507631"
"2014-02-20","TableStatistics.java","60749","138539","199288"
"2013-10-04","TableStatistics.java","34003","53379","87382"
"2013-10-27","TableStatistics.java","43599","80820","124419"
"2015-11-13","TableStatistics.java","98399","417508","515907"
"2014-02-20","TableStatistics.java","47315","105729","153044"
"2013-10-27","TableStatistics.java","18365","36210","54575"
"2015-11-13","TableStatistics.java","114837","416101","530938"
"2014-02-20","TableStatistics.java","39513","80082","119595"
"2015-11-02","DistinctGroupbySortAggregationExec.java","111924","220016","331940"
"2014-01-27","TextSerializerDeserializer.java","21979","50184","72163"
"2015-06-02","TextSerializerDeserializer.java","117849","368326","486175"
"2015-05-14","TextSerializerDeserializer.java","117863","327845","445708"
"2014-05-22","TextSerializerDeserializer.java","113901","190211","304112"
"2014-04-24","TextSerializerDeserializer.java","113505","175880","289385"
"2015-06-02","TextSerializerDeserializer.java","135023","357295","492318"
"2015-05-14","TextSerializerDeserializer.java","134932","316709","451641"
"2014-05-22","TextSerializerDeserializer.java","127213","175318","302531"
"2014-04-24","TextSerializerDeserializer.java","126415","160585","287000"
"2015-03-13","CatalogUtil.java","136631","292986","429617"
"2015-04-20","CatalogUtil.java","140209","311958","452167"
"2014-04-16","CatalogUtil.java","14871","39135","54006"
"2014-10-15","CatalogUtil.java","113590","235558","349148"
"2015-08-13","CatalogUtil.java","142146","370256","512402"
"2014-04-30","CatalogUtil.java","111011","140497","251508"
"2014-03-26","CatalogUtil.java","12562","25591","38153"
"2014-03-31","CatalogUtil.java","13258","30285","43543"
"2015-09-01","CatalogUtil.java","142518","374729","517247"
"2015-04-05","CatalogUtil.java","139172","301339","440511"
"2015-07-17","CatalogUtil.java","140919","362279","503198"
"2015-09-24","CatalogUtil.java","142904","402142","545046"
"2015-09-09","CatalogUtil.java","142515","376308","518823"
"2014-12-12","CatalogUtil.java","123431","262144","385575"
"2015-07-30","CatalogUtil.java","141676","365379","507055"
"2015-03-13","CatalogUtil.java","142942","286268","429210"
"2015-04-20","CatalogUtil.java","147124","305844","452968"
"2014-04-16","CatalogUtil.java","2876","14111","16987"
"2014-10-15","CatalogUtil.java","117703","226642","344345"
"2015-08-13","CatalogUtil.java","149790","364871","514661"
"2014-04-30","CatalogUtil.java","114525","130982","245507"
"2014-03-31","CatalogUtil.java","835","4833","5668"
"2015-09-01","CatalogUtil.java","150398","369580","519978"
"2015-04-05","CatalogUtil.java","145595","294733","440328"
"2015-07-17","CatalogUtil.java","147984","356315","504299"
"2015-09-24","CatalogUtil.java","150871","397080","547951"
"2015-09-09","CatalogUtil.java","150399","371163","521562"
"2014-12-12","CatalogUtil.java","129106","254790","383896"
"2015-07-30","CatalogUtil.java","149199","359873","509072"
"2015-03-13","CatalogUtil.java","145792","285120","430912"
"2015-04-20","CatalogUtil.java","150148","304870","455018"
"2014-04-16","CatalogUtil.java","2176","9413","11589"
"2014-10-15","CatalogUtil.java","118613","223554","342167"
"2015-08-13","CatalogUtil.java","152914","363997","516911"
"2014-04-30","CatalogUtil.java","115380","127839","243219"
"2015-09-01","CatalogUtil.java","153594","368778","522372"
"2015-04-05","CatalogUtil.java","148486","293626","442112"
"2015-07-17","CatalogUtil.java","151019","355352","506371"
"2015-09-24","CatalogUtil.java","154077","396288","550365"
"2015-09-09","CatalogUtil.java","153595","370361","523956"
"2014-12-12","CatalogUtil.java","130138","251824","381962"
"2015-07-30","CatalogUtil.java","152293","358969","511262"
"2015-06-02","TextSerializerDeserializer.java","15331","55826","71157"
"2015-09-24","CatalogUtil.java","13791","40818","54609"
"2015-09-09","CatalogUtil.java","9263","10845","20108"
"2015-07-22","DistinctGroupbyThirdAggregationExec.java","111591","213498","325089"
"2015-03-03","DistinctGroupbyThirdAggregationExec.java","84390","120082","204472"
"2015-05-27","DistinctGroupbyThirdAggregationExec.java","101974","198162","300136"
"2015-12-03","DistinctGroupbyThirdAggregationExec.java","149607","294819","444426"
"2015-06-02","TextSerializerDeserializer.java","94265","268432","362697"
"2015-05-14","TextSerializerDeserializer.java","88726","222398","311124"
"2015-04-20","CatalogUtil.java","5080","14662","19742"
"2015-08-13","CatalogUtil.java","45758","111701","157459"
"2015-09-01","CatalogUtil.java","85707","155751","241458"
"2015-07-17","CatalogUtil.java","27280","86473","113753"
"2015-09-24","CatalogUtil.java","93378","190449","283827"
"2015-09-09","CatalogUtil.java","92834","164460","257294"
"2015-07-30","CatalogUtil.java","43607","105143","148750"
"2015-08-13","CatalogUtil.java","26976","33726","60702"
"2015-09-01","CatalogUtil.java","115803","126654","242457"
"2015-09-24","CatalogUtil.java","124631","162509","287140"
"2015-09-09","CatalogUtil.java","123271","135704","258975"
"2015-07-30","CatalogUtil.java","24399","26742","51141"
"2015-12-03","DistinctGroupbyThirdAggregationExec.java","117502","160807","278309"
"2015-09-24","CatalogUtil.java","4783","30228","35011"
"2015-07-22","DistinctGroupbyThirdAggregationExec.java","44176","110391","154567"
"2015-05-27","DistinctGroupbyThirdAggregationExec.java","27500","87996","115496"
"2015-12-03","DistinctGroupbyThirdAggregationExec.java","99188","208708","307896"
"2015-06-02","TextSerializerDeserializer.java","92613","280715","373328"
"2015-05-14","TextSerializerDeserializer.java","87345","234952","322297"
"2014-05-22","TextSerializerDeserializer.java","2925","16860","19785"
"2014-08-04","TestUniformRangePartition.java","117006","158321","275327"
"2014-08-21","TestUniformRangePartition.java","117218","166867","284085"
"2015-06-02","TestUniformRangePartition.java","149757","349908","499665"
"2015-03-13","CatalogUtil.java","55209","72851","128060"
"2015-04-20","CatalogUtil.java","64802","97838","162640"
"2015-08-13","CatalogUtil.java","90018","179415","269433"
"2015-09-01","CatalogUtil.java","123157","216655","339812"
"2015-04-05","CatalogUtil.java","61328","84782","146110"
"2015-07-17","CatalogUtil.java","78574","161221","239795"
"2015-09-24","CatalogUtil.java","128839","249364","378203"
"2015-09-09","CatalogUtil.java","127171","222251","349422"
"2015-07-30","CatalogUtil.java","88641","173631","262272"
"2015-08-13","CatalogUtil.java","4268","8675","12943"
"2015-09-01","CatalogUtil.java","100577","109085","209662"
"2015-09-24","CatalogUtil.java","111830","147365","259195"
"2015-09-09","CatalogUtil.java","108354","118444","226798"
"2014-08-21","TupleRange.java","82350","224216","306566"
"2014-11-04","TupleRange.java","82577","284823","367400"
"2014-11-04","TupleRange.java","41334","101714","143048"
"2013-09-21","Column.java","31160","42541","73701"
"2015-03-13","Column.java","82779","315961","398740"
"2014-02-20","Column.java","60749","138539","199288"
"2013-08-29","Column.java","26006","25388","51394"
"2014-03-23","Column.java","61612","150751","212363"
"2013-09-16","Column.java","30877","41982","72859"
"2013-08-08","Column.java","16854","10029","26883"
"2015-03-13","Column.java","91418","313219","404637"
"2014-02-20","Column.java","48193","114602","162795"
"2014-03-23","Column.java","53223","130981","184204"
"2015-03-13","Column.java","137414","292806","430220"
"2014-03-23","Column.java","11849","23198","35047"
"2013-09-21","Column.java","8197","20196","28393"
"2015-03-13","Column.java","80084","313884","393968"
"2014-02-20","Column.java","45138","123546","168684"
"2014-03-23","Column.java","46759","136516","183275"
"2013-09-16","Column.java","7148","18871","26019"
"2014-08-04","TestUniformRangePartition.java","116325","160637","276962"
"2014-08-21","TestUniformRangePartition.java","116536","169182","285718"
"2015-06-02","TestUniformRangePartition.java","147138","350286","497424"
"2014-03-29","TestUniformRangePartition.java","645","3642","4287"
"2015-03-13","Column.java","142454","286497","428951"
"2013-09-21","Column.java","1466","1742","3208"
"2015-03-13","Column.java","91195","313272","404467"
"2014-02-20","Column.java","48668","115353","164021"
"2014-03-23","Column.java","53688","131722","185410"
"2015-07-22","DistinctGroupbyThirdAggregationExec.java","25095","30814","55909"
"2015-12-03","DistinctGroupbyThirdAggregationExec.java","129889","178913","308802"
"2013-12-18","TestLazyTuple.java","28160","75736","103896"
"2013-09-27","TestLazyTuple.java","5635","7922","13557"
"2015-06-02","TestLazyTuple.java","90388","373387","463775"
"2014-02-04","TestLazyTuple.java","47713","111971","159684"
"2013-12-06","TestLazyTuple.java","27757","67950","95707"
"2014-01-27","TestLazyTuple.java","35700","96427","132127"
"2015-06-02","TestLazyTuple.java","129946","365369","495315"
"2014-02-04","TestLazyTuple.java","39752","56434","96186"
"2014-01-27","TestLazyTuple.java","20628","33779","54407"
"2013-12-18","TestLazyTuple.java","24544","69833","94377"
"2015-06-02","TestLazyTuple.java","92456","373168","465624"
"2014-02-04","TestLazyTuple.java","45453","107424","152877"
"2013-12-06","TestLazyTuple.java","24060","61966","86026"
"2014-01-27","TestLazyTuple.java","33338","91778","125116"
"2014-05-12","EvalExprExec.java","82133","191901","274034"
"2015-04-18","EvalExprExec.java","83614","332037","415651"
"2015-11-18","EvalExprExec.java","84576","423658","508234"
"2014-03-01","EvalExprExec.java","60888","140564","201452"
"2015-04-18","EvalExprExec.java","87529","226184","313713"
"2015-11-18","EvalExprExec.java","128456","357770","486226"
"2015-11-18","EvalExprExec.java","95256","185915","281171"
"2015-06-02","TestLazyTuple.java","137868","356609","494477"
"2013-09-21","Column.java","16150","34356","50506"
"2015-03-13","Column.java","74427","314434","388861"
"2014-02-20","Column.java","48716","133331","182047"
"2013-08-29","Column.java","9923","16130","26053"
"2014-03-23","Column.java","49752","145716","195468"
"2013-09-16","Column.java","15184","33114","48298"
"2015-09-28","DDLBuilder.java","101652","415254","516906"
"2013-10-27","DDLBuilder.java","18137","32608","50745"
"2014-01-26","DDLBuilder.java","33393","80886","114279"
"2014-03-20","DDLBuilder.java","55626","121868","177494"
"2015-07-30","DDLBuilder.java","101144","378924","480068"
"2015-03-13","DDLBuilder.java","99690","310122","409812"
"2015-09-23","DDLBuilder.java","101642","411591","513233"
"2015-10-07","DDLBuilder.java","101662","415509","517171"
"2013-12-03","DDLBuilder.java","23279","48434","71713"
"2014-01-29","DDLBuilder.java","48738","96772","145510"
"2015-09-11","DDLBuilder.java","101390","391797","493187"
"2015-10-07","DDLBuilder.java","765","1010","1775"
"2015-09-28","DDLBuilder.java","114747","413878","528625"
"2014-01-26","DDLBuilder.java","21455","54477","75932"
"2014-03-20","DDLBuilder.java","46782","98553","145335"
"2015-07-30","DDLBuilder.java","114119","377428","491547"
"2015-03-13","DDLBuilder.java","111786","307747","419533"
"2015-09-23","DDLBuilder.java","114729","410207","524936"
"2015-10-07","DDLBuilder.java","114757","414133","528890"
"2013-12-03","DDLBuilder.java","8465","19149","27614"
"2014-01-29","DDLBuilder.java","37096","70659","107755"
"2015-09-11","DDLBuilder.java","114467","390403","504870"
"2013-12-18","TestLazyTuple.java","2139","9522","11661"
"2015-06-02","TestLazyTuple.java","123502","366308","489810"
"2014-02-04","TestLazyTuple.java","39230","63295","102525"
"2014-01-27","TestLazyTuple.java","21087","41621","62708"
"2015-09-28","DDLBuilder.java","137292","403401","540693"
"2014-03-20","DDLBuilder.java","34723","53472","88195"
"2015-07-30","DDLBuilder.java","136302","366589","502891"
"2015-03-13","DDLBuilder.java","131718","294657","426375"
"2015-09-23","DDLBuilder.java","137274","399730","537004"
"2015-10-07","DDLBuilder.java","137325","403679","541004"
"2014-01-29","DDLBuilder.java","19781","20322","40103"
"2015-09-11","DDLBuilder.java","136940","379854","516794"
"2014-05-12","EvalExprExec.java","113432","143524","256956"
"2015-04-18","EvalExprExec.java","142650","311397","454047"
"2015-11-18","EvalExprExec.java","145423","404829","550252"
"2015-06-02","TestLazyTuple.java","135023","357295","492318"
"2014-02-04","TestLazyTuple.java","20374","23905","44279"
"2015-09-28","DDLBuilder.java","150270","397630","547900"
"2015-07-30","DDLBuilder.java","148637","360175","508812"
"2015-03-13","DDLBuilder.java","142394","286584","428978"
"2015-09-23","DDLBuilder.java","150373","394080","544453"
"2015-10-07","DDLBuilder.java","150318","397923","548241"
"2015-09-11","DDLBuilder.java","149921","374086","524007"
"2015-11-26","ExternalSortExec.java","140132","406193","546325"
"2015-11-17","ExternalSortExec.java","140097","405459","545556"
"2014-02-10","ExternalSortExec.java","951","1422","2373"
"2014-03-01","ExternalSortExec.java","11007","17056","28063"
"2014-09-24","ExternalSortExec.java","111116","229698","340814"
"2015-09-21","ExternalSortExec.java","139913","396853","536766"
"2015-04-02","ExternalSortExec.java","136610","301473","438083"
"2014-11-04","ExternalSortExec.java","119497","248116","367613"
"2015-07-22","ExternalSortExec.java","138836","362903","501739"
"2014-08-21","ExternalSortExec.java","110945","177894","288839"
"2014-02-17","ExternalSortExec.java","1551","3156","4707"
"2014-05-16","ExternalSortExec.java","109714","147515","257229"
"2014-12-12","TestTupleComparator.java","82600","306334","388934"
"2015-06-02","TestTupleComparator.java","83566","375934","459500"
"2014-11-04","TestTupleComparator.java","82577","284823","367400"
"2015-11-09","TestTupleComparator.java","84573","422600","507173"
"2015-06-02","TestTupleComparator.java","54161","122795","176956"
"2015-11-09","TestTupleComparator.java","115007","229300","344307"
"2015-09-28","DDLBuilder.java","112269","148091","260360"
"2015-09-23","DDLBuilder.java","111746","143915","255661"
"2015-10-07","DDLBuilder.java","112767","148834","261601"
"2015-09-11","DDLBuilder.java","108963","121590","230553"
"2014-02-04","ExternalSortExec.java","59834","133461","193295"
"2015-11-26","ExternalSortExec.java","84587","424275","508862"
"2015-11-17","ExternalSortExec.java","84576","423565","508141"
"2014-02-10","ExternalSortExec.java","60372","134470","194842"
"2014-03-01","ExternalSortExec.java","60888","140564","201452"
"2014-09-24","ExternalSortExec.java","82389","274598","356987"
"2015-09-21","ExternalSortExec.java","84545","415112","499657"
"2015-04-02","ExternalSortExec.java","83604","322094","405698"
"2014-11-04","ExternalSortExec.java","82577","284823","367400"
"2015-07-22","ExternalSortExec.java","83983","381677","465660"
"2014-08-21","ExternalSortExec.java","82349","222925","305274"
"2014-02-17","ExternalSortExec.java","60532","135764","196296"
"2014-05-16","ExternalSortExec.java","82133","193561","275694"
"2015-11-09","TestTupleComparator.java","126274","171933","298207"
"2014-12-12","TestTupleComparator.java","31589","53077","84666"
"2015-06-02","TestTupleComparator.java","76797","166919","243716"
"2015-11-09","TestTupleComparator.java","126971","262752","389723"
"2015-11-26","ExternalSortExec.java","1906","2605","4511"
"2015-09-28","DDLBuilder.java","96457","199627","296084"
"2015-07-30","DDLBuilder.java","48365","115713","164078"
"2015-09-23","DDLBuilder.java","96207","195724","291931"
"2015-10-07","DDLBuilder.java","96699","200114","296813"
"2015-09-11","DDLBuilder.java","94757","174732","269489"
"2015-09-28","DDLBuilder.java","745","4398","5143"
"2015-10-07","DDLBuilder.java","1468","5366","6834"
"2015-09-28","DDLBuilder.java","123119","411566","534685"
"2014-01-26","DDLBuilder.java","20869","43207","64076"
"2014-03-20","DDLBuilder.java","50390","91477","141867"
"2015-07-30","DDLBuilder.java","122474","375099","497573"
"2015-03-13","DDLBuilder.java","119474","304751","424225"
"2015-09-23","DDLBuilder.java","123103","407897","531000"
"2015-10-07","DDLBuilder.java","123130","411822","534952"
"2014-01-29","DDLBuilder.java","39214","62093","101307"
"2015-09-11","DDLBuilder.java","122851","388103","510954"
"2015-09-24","TestAlterTable.java","124623","159436","284059"
"2015-10-05","TestAlterTable.java","125221","163797","289018"
"2015-10-13","TestAlterTable.java","125439","164354","289793"
"2015-07-17","TestAlterTable.java","27280","86473","113753"
"2015-09-24","TestAlterTable.java","93382","187388","280770"
"2015-10-05","TestAlterTable.java","93794","191563","285357"
"2015-10-13","TestAlterTable.java","93976","192084","286060"
"2014-02-04","TestVTuple.java","59834","133461","193295"
"2014-01-27","TestVTuple.java","51302","121398","172700"
"2015-07-17","TestAlterTable.java","151019","355352","506371"
"2015-04-05","TestAlterTable.java","148486","293626","442112"
"2015-09-24","TestAlterTable.java","154061","393207","547268"
"2015-10-05","TestAlterTable.java","154147","397056","551203"
"2015-10-13","TestAlterTable.java","154163","397411","551574"
"2015-09-28","DDLBuilder.java","137606","403174","540780"
"2014-03-20","DDLBuilder.java","15630","33838","49468"
"2015-07-30","DDLBuilder.java","136620","366366","502986"
"2015-03-13","DDLBuilder.java","131978","294376","426354"
"2015-09-23","DDLBuilder.java","137588","399503","537091"
"2015-10-07","DDLBuilder.java","137639","403452","541091"
"2015-09-11","DDLBuilder.java","137255","379628","516883"
"2015-09-28","DDLBuilder.java","4719","27914","32633"
"2015-09-23","DDLBuilder.java","4045","23587","27632"
"2015-10-07","DDLBuilder.java","5320","28760","34080"
"2015-11-26","ExternalSortExec.java","140575","406165","546740"
"2015-11-17","ExternalSortExec.java","140540","405431","545971"
"2014-03-01","ExternalSortExec.java","10097","15675","25772"
"2014-09-24","ExternalSortExec.java","111485","229596","341081"
"2015-09-21","ExternalSortExec.java","140355","396824","537179"
"2015-04-02","ExternalSortExec.java","137035","301427","438462"
"2014-11-04","ExternalSortExec.java","119874","248022","367896"
"2015-07-22","ExternalSortExec.java","139276","362872","502148"
"2014-08-21","ExternalSortExec.java","111308","177786","289094"
"2014-02-17","ExternalSortExec.java","607","1741","2348"
"2014-05-16","ExternalSortExec.java","110075","147405","257480"
"2014-02-04","TestVTuple.java","20374","23905","44279"
"2015-11-13","AbstractHBaseAppender.java","115294","230175","345469"
"2015-08-13","AbstractHBaseAppender.java","71495","152828","224323"
"2013-08-08","FunctionDesc.java","16854","10029","26883"
"2015-08-13","FunctionDesc.java","84208","389145","473353"
"2014-10-15","FunctionDesc.java","82548","281343","363891"
"2015-09-23","FunctionDesc.java","84547","417220","501767"
"2014-01-20","FunctionDesc.java","50514","119658","170172"
"2013-12-15","FunctionDesc.java","47419","103169","150588"
"2015-12-21","FunctionDesc.java","84591","428949","513540"
"2015-08-13","FunctionDesc.java","75889","387651","463540"
"2014-10-15","FunctionDesc.java","74167","279787","353954"
"2015-09-23","FunctionDesc.java","76230","415728","491958"
"2014-01-20","FunctionDesc.java","38346","114315","152661"
"2013-12-15","FunctionDesc.java","33651","96226","129877"
"2015-12-21","FunctionDesc.java","76296","427479","503775"
"2015-09-23","FunctionDesc.java","109350","137086","246436"
"2015-12-21","FunctionDesc.java","114321","153742","268063"
"2015-08-13","FunctionDesc.java","113876","220018","333894"
"2015-09-23","FunctionDesc.java","149016","282894","431910"
"2015-12-21","FunctionDesc.java","150215","295778","445993"
"2015-11-13","AbstractHBaseAppender.java","111911","145459","257370"
"2015-12-21","FunctionDesc.java","11307","22992","34299"
"2015-10-05","TestAlterTable.java","1181","4944","6125"
"2015-10-13","TestAlterTable.java","1677","5779","7456"
"2015-10-13","TestAlterTable.java","522","861","1383"
"2015-06-24","ColumnMapping.java","56224","128780","185004"
"2015-08-13","ColumnMapping.java","71495","152828","224323"
"2015-03-06","ColumnMapping.java","28414","38089","66503"
"2015-08-13","ColumnMapping.java","28997","37774","66771"
"2015-08-13","FunctionDesc.java","136043","371836","507879"
"2014-10-15","FunctionDesc.java","129084","258735","387819"
"2015-09-23","FunctionDesc.java","136679","400208","536887"
"2015-12-21","FunctionDesc.java","136861","412075","548936"
"2015-08-13","FunctionDesc.java","129670","378857","508527"
"2014-10-15","FunctionDesc.java","125092","268137","393229"
"2015-09-23","FunctionDesc.java","130114","407037","537151"
"2014-01-20","FunctionDesc.java","17552","30946","48498"
"2015-12-21","FunctionDesc.java","130272","418880","549152"
"2015-11-26","ExternalSortExec.java","145460","405472","550932"
"2015-11-17","ExternalSortExec.java","145423","404736","550159"
"2014-09-24","ExternalSortExec.java","115372","227905","343277"
"2015-09-21","ExternalSortExec.java","145221","396112","541333"
"2015-04-02","ExternalSortExec.java","141625","300439","442064"
"2014-11-04","ExternalSortExec.java","123853","246423","370276"
"2015-07-22","ExternalSortExec.java","144032","362050","506082"
"2014-08-21","ExternalSortExec.java","115163","176063","291226"
"2014-05-16","ExternalSortExec.java","113431","145183","258614"
"2015-06-24","ColumnMapping.java","31364","94245","125609"
"2015-08-13","ColumnMapping.java","50227","121885","172112"
"2015-05-11","HBaseBinarySerializerDeserializer.java","39567","67716","107283"
"2015-11-26","ExternalSortExec.java","148677","296156","444833"
"2015-11-17","ExternalSortExec.java","148496","295276","443772"
"2015-09-21","ExternalSortExec.java","147538","285896","433434"
"2015-04-02","ExternalSortExec.java","89120","135401","224521"
"2014-11-04","ExternalSortExec.java","39862","49899","89761"
"2015-07-22","ExternalSortExec.java","111155","216640","327795"
"2015-07-30","IndexDesc.java","84059","384589","468648"
"2014-03-20","IndexDesc.java","61564","150556","212120"
"2013-08-08","IndexDesc.java","16854","10029","26883"
"2015-06-24","HBasePutAppender.java","56224","128780","185004"
"2014-03-23","TestCreateDatabase.java","316","463","779"
"2015-07-30","IndexDesc.java","148637","360175","508812"
"2014-04-10","TestCreateTable.java","2451","12939","15390"
"2014-03-31","TestCreateTable.java","1166","6028","7194"
"2015-06-24","TestCreateTable.java","147333","354501","501834"
"2014-06-05","TestCreateTable.java","114823","146742","261565"
"2014-03-23","TestCreateTable.java","316","463","779"
"2014-05-27","TestCreateTable.java","114808","144976","259784"
"2015-11-25","TestCreateTable.java","150607","400743","551350"
"2015-07-20","TestCreateTable.java","148435","356200","504635"
"2014-07-11","TestCreateTable.java","115263","153926","269189"
"2015-06-24","TestCreateTable.java","155480","352160","507640"
"2014-06-05","TestCreateTable.java","119170","140601","259771"
"2014-05-27","TestCreateTable.java","119152","138832","257984"
"2015-11-25","TestCreateTable.java","159064","398712","557776"
"2015-07-20","TestCreateTable.java","156647","353924","510571"
"2014-07-11","TestCreateTable.java","119631","147806","267437"
"2015-09-17","HBaseScanner.java","113411","220287","333698"
"2015-05-11","HBaseScanner.java","39567","67716","107283"
"2015-08-13","HBaseScanner.java","71495","152828","224323"
"2015-06-24","HBaseScanner.java","56224","128780","185004"
"2015-03-06","HBaseScanner.java","28414","38089","66503"
"2015-08-19","HBaseScanner.java","106029","190576","296605"
"2015-09-17","HBaseScanner.java","90655","169382","260037"
"2015-08-13","HBaseScanner.java","40547","93731","134278"
"2015-06-24","HBaseScanner.java","19373","63780","83153"
"2015-08-19","HBaseScanner.java","81795","138193","219988"
"2015-07-30","IndexDesc.java","75736","383091","458827"
"2014-03-20","IndexDesc.java","49702","145519","195221"
"2014-04-10","TestCreateTable.java","1413","7039","8452"
"2015-06-24","TestCreateTable.java","150913","353219","504132"
"2014-06-05","TestCreateTable.java","116215","143272","259487"
"2014-05-27","TestCreateTable.java","116199","141505","257704"
"2015-11-25","TestCreateTable.java","154467","399741","554208"
"2015-07-20","TestCreateTable.java","152080","354983","507063"
"2014-07-11","TestCreateTable.java","116672","150473","267145"
"2015-09-17","HBaseScanner.java","108071","133614","241685"
"2015-08-19","HBaseScanner.java","95447","98661","194108"
"2015-09-17","HBaseScanner.java","123914","158234","282148"
"2015-08-13","HBaseScanner.java","28997","37774","66771"
"2015-08-19","HBaseScanner.java","114261","126252","240513"
"2015-11-25","TestCreateTable.java","128077","171045","299122"
"2015-07-20","TestCreateTable.java","19166","19763","38929"
"2015-09-17","HBaseScanner.java","95505","192706","288211"
"2015-05-11","HBaseScanner.java","13355","31829","45184"
"2015-08-13","HBaseScanner.java","50227","121885","172112"
"2015-06-24","HBaseScanner.java","31364","94245","125609"
"2015-08-19","HBaseScanner.java","87412","162284","249696"
"2013-08-19","FunctionAdapter.java","24236","19338","43574"
"2015-11-26","ExternalSortExec.java","7293","16414","23707"
"2015-11-17","ExternalSortExec.java","5523","13945","19468"
"2015-09-17","HBaseScanner.java","21890","44219","66109"
"2013-08-08","TableMetaAdapter.java","16854","10029","26883"
"2014-11-18","TableMetaAdapter.java","82589","292140","374729"
"2015-11-25","TableMetaAdapter.java","84587","423715","508302"
"2015-06-24","TestCreateTable.java","95750","270999","366749"
"2015-11-25","TestCreateTable.java","131841","350058","481899"
"2015-07-20","TestCreateTable.java","101396","277242","378638"
"2014-07-11","TestCreateTable.java","5832","12576","18408"
"2014-11-18","TableMetaAdapter.java","74208","290584","364792"
"2015-11-25","TableMetaAdapter.java","76291","422244","498535"
"2015-08-13","HBaseTablespace.java","71495","152828","224323"
"2015-09-17","HBaseTablespace.java","113411","220287","333698"
"2015-05-19","HBaseTablespace.java","51242","115196","166438"
"2015-06-24","HBaseTablespace.java","56224","128780","185004"
"2015-11-25","HBaseTablespace.java","116215","231739","347954"
"2015-06-25","HBaseTablespace.java","56229","128887","185116"
"2015-12-14","HBaseTablespace.java","116839","234870","351709"
"2015-11-26","HBaseTablespace.java","116272","231751","348023"
"2015-05-15","HBaseTablespace.java","42047","69660","111707"
"2015-03-06","HBaseTablespace.java","28414","38089","66503"
"2015-07-30","HBaseTablespace.java","69968","146894","216862"
"2015-05-11","HBaseTablespace.java","39567","67716","107283"
"2014-04-10","TestCreateTable.java","2185","12526","14711"
"2014-03-31","TestCreateTable.java","860","5575","6435"
"2015-06-24","TestCreateTable.java","147396","354417","501813"
"2014-06-05","TestCreateTable.java","114887","146659","261546"
"2014-05-27","TestCreateTable.java","114872","144893","259765"
"2015-11-25","TestCreateTable.java","150726","400715","551441"
"2015-07-20","TestCreateTable.java","148503","356121","504624"
"2014-07-11","TestCreateTable.java","115327","153843","269170"
"2015-11-25","TableMetaAdapter.java","129166","258743","387909"
"2015-09-17","HBaseTablespace.java","108071","133614","241685"
"2015-11-25","HBaseTablespace.java","113125","147316","260441"
"2015-12-14","HBaseTablespace.java","114186","150884","265070"
"2015-11-26","HBaseTablespace.java","113247","147393","260640"
"2015-11-25","HBaseTablespace.java","7041","15689","22730"
"2015-12-14","HBaseTablespace.java","8270","19425","27695"
"2015-11-26","HBaseTablespace.java","7262","15865","23127"
"2015-09-17","MetadataProvider.java","110444","136696","247140"
"2015-06-24","TestCreateTable.java","95605","272605","368210"
"2014-06-05","TestCreateTable.java","690","2441","3131"
"2015-11-25","TestCreateTable.java","130617","350585","481202"
"2015-07-20","TestCreateTable.java","100861","278458","379319"
"2014-07-11","TestCreateTable.java","6499","14994","21493"
"2015-11-25","TestCreateTable.java","118052","160423","278475"
"2015-08-13","HBaseTablespace.java","35683","53062","88745"
"2015-09-17","HBaseTablespace.java","122997","165919","288916"
"2015-06-24","HBaseTablespace.java","10605","19207","29812"
"2015-11-25","HBaseTablespace.java","126880","178450","305330"
"2015-06-25","HBaseTablespace.java","11050","19754","30804"
"2015-12-14","HBaseTablespace.java","127780","181857","309637"
"2015-11-26","HBaseTablespace.java","126994","178519","305513"
"2015-07-30","HBaseTablespace.java","33337","46309","79646"
"2015-06-24","TestCreateTable.java","96902","265407","362309"
"2015-11-25","TestCreateTable.java","136014","347487","483501"
"2015-07-20","TestCreateTable.java","102564","271666","374230"
"2015-08-13","HBaseTablespace.java","28997","37774","66771"
"2015-09-17","HBaseTablespace.java","123914","158234","282148"
"2015-11-25","HBaseTablespace.java","128077","171045","299122"
"2015-06-25","HBaseTablespace.java","1142","1244","2386"
"2015-12-14","HBaseTablespace.java","129026","174501","303527"
"2015-11-26","HBaseTablespace.java","128196","171119","299315"
"2015-07-30","HBaseTablespace.java","26550","30920","57470"
"2015-07-17","PartitionDesc.java","30019","89837","119856"
"2015-09-24","PartitionDesc.java","95347","193043","288390"
"2015-03-27","PartitionDesc.java","129979","310376","440355"
"2014-01-26","PartitionDesc.java","19549","31820","51369"
"2015-07-17","PartitionDesc.java","130899","371114","502013"
"2015-09-24","PartitionDesc.java","132125","410218","542343"
"2014-02-19","PartitionDesc.java","41485","60340","101825"
"2013-12-30","PartitionDesc.java","1814","2898","4712"
"2015-11-26","ExternalSortExec.java","96960","198158","295118"
"2015-11-17","ExternalSortExec.java","96292","196791","293083"
"2015-09-21","ExternalSortExec.java","93515","185592","279107"
"2015-07-22","ExternalSortExec.java","40013","99217","139230"
"2015-03-27","PartitionDesc.java","134003","302129","436132"
"2015-07-17","PartitionDesc.java","135634","363578","499212"
"2015-09-24","PartitionDesc.java","137277","403099","540376"
"2014-02-19","PartitionDesc.java","23850","30434","54284"
"2015-09-24","PartitionDesc.java","124631","162509","287140"
"2015-03-27","PartitionDesc.java","139134","300676","439810"
"2015-07-17","PartitionDesc.java","140919","362279","503198"
"2015-09-24","PartitionDesc.java","142904","402142","545046"
"2014-04-15","TestCTASQuery.java","50977","92530","143507"
"2014-03-23","TestCTASQuery.java","49921","80004","129925"
"2014-01-04","TestCTASQuery.java","8112","11297","19409"
"2014-01-28","TestCTASQuery.java","18647","29945","48592"
"2014-01-14","TestCTASQuery.java","10467","14834","25301"
"2014-02-04","TestCTASQuery.java","37978","51635","89613"
"2014-01-26","TestCTASQuery.java","18028","29215","47243"
"2015-06-24","TestCTASQuery.java","131023","368127","499150"
"2015-03-19","TestCTASQuery.java","130188","307144","437332"
"2014-03-25","TestCTASQuery.java","49930","80199","130129"
"2015-01-15","TestCTASQuery.java","127687","296394","424081"
"2014-04-01","TestCTASQuery.java","50365","86246","136611"
"2014-04-10","TestCTASQuery.java","50697","91121","141818"
"2014-03-31","TestCTASQuery.java","50365","85163","135528"
"2015-06-24","TestCTASQuery.java","155943","351494","507437"
"2015-03-19","TestCTASQuery.java","152896","288299","441195"
"2015-01-15","TestCTASQuery.java","149717","276871","426588"
"2014-04-15","TestCTASQuery.java","2866","14336","17202"
"2015-06-24","TestCTASQuery.java","147396","354417","501813"
"2015-03-19","TestCTASQuery.java","144784","291657","436441"
"2014-03-25","TestCTASQuery.java","18","204","222"
"2015-01-15","TestCTASQuery.java","141696","280320","422016"
"2014-04-01","TestCTASQuery.java","891","6689","7580"
"2014-04-10","TestCTASQuery.java","2185","12526","14711"
"2014-03-31","TestCTASQuery.java","860","5575","6435"
"2014-04-15","TestCTASQuery.java","44498","82866","127364"
"2014-03-23","TestCTASQuery.java","42999","69897","112896"
"2014-01-28","TestCTASQuery.java","11086","19199","30285"
"2014-01-14","TestCTASQuery.java","2413","3595","6008"
"2014-02-04","TestCTASQuery.java","30429","40901","71330"
"2014-01-26","TestCTASQuery.java","10446","18448","28894"
"2015-06-24","TestCTASQuery.java","130199","364118","494317"
"2015-03-19","TestCTASQuery.java","128957","302728","431685"
"2014-03-25","TestCTASQuery.java","43008","70092","113100"
"2015-01-15","TestCTASQuery.java","126274","291796","418070"
"2014-04-01","TestCTASQuery.java","43454","76150","119604"
"2014-04-10","TestCTASQuery.java","44131","81370","125501"
"2014-03-31","TestCTASQuery.java","43454","75067","118521"
"2015-11-26","ExternalSortExec.java","127506","264948","392454"
"2015-11-17","ExternalSortExec.java","127071","263814","390885"
"2015-09-21","ExternalSortExec.java","125813","254134","379947"
"2015-04-02","ExternalSortExec.java","60711","96955","157666"
"2015-07-22","ExternalSortExec.java","86693","182141","268834"
"2014-04-15","TestCTASQuery.java","36508","66763","103271"
"2014-03-23","TestCTASQuery.java","34485","53270","87755"
"2014-02-04","TestCTASQuery.java","19930","22289","42219"
"2015-06-24","TestCTASQuery.java","135551","361357","496908"
"2015-03-19","TestCTASQuery.java","133898","299556","433454"
"2014-03-25","TestCTASQuery.java","34497","53468","87965"
"2015-01-15","TestCTASQuery.java","131167","288576","419743"
"2014-04-01","TestCTASQuery.java","35059","59642","94701"
"2014-04-10","TestCTASQuery.java","35929","65055","100984"
"2014-03-31","TestCTASQuery.java","35059","58559","93618"
"2015-12-14","HBaseTablespace.java","1448","3955","5403"
"2015-11-26","HBaseTablespace.java","257","212","469"
"2014-04-15","TestCTASQuery.java","42930","80116","123046"
"2014-03-23","TestCTASQuery.java","41180","66896","108076"
"2014-01-28","TestCTASQuery.java","9020","15951","24971"
"2014-02-04","TestCTASQuery.java","28399","37689","66088"
"2014-01-26","TestCTASQuery.java","8368","15188","23556"
"2015-06-24","TestCTASQuery.java","131295","364032","495327"
"2015-03-19","TestCTASQuery.java","129813","302402","432215"
"2014-03-25","TestCTASQuery.java","41189","67091","108280"
"2015-01-15","TestCTASQuery.java","127116","291456","418572"
"2014-04-01","TestCTASQuery.java","41671","73185","114856"
"2014-04-10","TestCTASQuery.java","42357","78414","120771"
"2014-03-31","TestCTASQuery.java","41671","72102","113773"
"2015-03-27","PartitionDesc.java","130197","309510","439707"
"2014-01-26","PartitionDesc.java","18028","29215","47243"
"2015-07-17","PartitionDesc.java","131111","370242","501353"
"2015-09-24","PartitionDesc.java","132338","409347","541685"
"2014-02-19","PartitionDesc.java","40357","58128","98485"
"2014-04-15","TestCTASQuery.java","17535","45431","62966"
"2014-03-23","TestCTASQuery.java","15276","31702","46978"
"2015-06-24","TestCTASQuery.java","137596","361043","498639"
"2015-03-19","TestCTASQuery.java","135938","299237","435175"
"2014-03-25","TestCTASQuery.java","15288","31900","47188"
"2015-01-15","TestCTASQuery.java","133210","288260","421470"
"2014-04-01","TestCTASQuery.java","15956","38180","54136"
"2014-04-10","TestCTASQuery.java","16910","43677","60587"
"2014-03-31","TestCTASQuery.java","15955","37096","53051"
"2014-03-20","PartitionMethodDesc.java","34723","53472","88195"
"2014-02-19","PartitionMethodDesc.java","23850","30434","54284"
"2014-04-15","TestCTASQuery.java","36867","67233","104100"
"2014-03-23","TestCTASQuery.java","34849","53745","88594"
"2014-01-28","TestCTASQuery.java","709","820","1529"
"2014-02-04","TestCTASQuery.java","20336","22806","43142"
"2015-06-24","TestCTASQuery.java","135540","361457","496997"
"2015-03-19","TestCTASQuery.java","133904","299673","433577"
"2014-03-25","TestCTASQuery.java","34861","53943","88804"
"2015-01-15","TestCTASQuery.java","131179","288699","419878"
"2014-04-01","TestCTASQuery.java","35422","60116","95538"
"2014-04-10","TestCTASQuery.java","36292","65529","101821"
"2014-03-31","TestCTASQuery.java","35422","59033","94455"
"2015-06-24","TestCTASQuery.java","28882","89030","117912"
"2014-04-15","TestCTASQuery.java","2899","14183","17082"
"2015-06-24","TestCTASQuery.java","147557","354392","501949"
"2015-03-19","TestCTASQuery.java","144947","291634","436581"
"2015-01-15","TestCTASQuery.java","141859","280297","422156"
"2014-04-01","TestCTASQuery.java","906","6518","7424"
"2014-04-10","TestCTASQuery.java","2203","12358","14561"
"2014-03-31","TestCTASQuery.java","873","5402","6275"
"2015-06-24","TestCTASQuery.java","37841","106238","144079"
"2015-03-19","TestCTASQuery.java","11503","19752","31255"
"2014-03-20","PartitionMethodDesc.java","12345","24510","36855"
"2013-09-18","Schema.java","31063","41891","72954"
"2015-05-11","Schema.java","83578","335331","418909"
"2013-09-27","Schema.java","32461","44668","77129"
"2014-01-17","Schema.java","50436","118362","168798"
"2014-02-19","Schema.java","60663","137490","198153"
"2013-08-08","Schema.java","16854","10029","26883"
"2015-05-11","Schema.java","91775","332700","424475"
"2013-09-27","Schema.java","2792","4171","6963"
"2014-01-17","Schema.java","33422","90520","123942"
"2014-02-19","Schema.java","47887","113886","161773"
"2015-11-26","ExternalSortExec.java","117276","159270","276546"
"2015-11-17","ExternalSortExec.java","116397","157692","274089"
"2015-09-21","ExternalSortExec.java","112378","145251","257629"
"2014-04-15","TestCTASQuery.java","2179","7851","10030"
"2015-06-24","TestCTASQuery.java","151867","353090","504957"
"2015-03-19","TestCTASQuery.java","149017","290092","439109"
"2015-01-15","TestCTASQuery.java","145894","278720","424614"
"2014-04-10","TestCTASQuery.java","1371","5914","7285"
"2014-04-15","TestCTASQuery.java","878","2007","2885"
"2015-06-24","TestCTASQuery.java","155480","352160","507640"
"2015-03-19","TestCTASQuery.java","152524","289056","441580"
"2015-01-15","TestCTASQuery.java","149366","277649","427015"
"2014-04-15","TestCTASQuery.java","2164","8919","11083"
"2015-06-24","TestCTASQuery.java","150913","353219","504132"
"2015-03-19","TestCTASQuery.java","148149","290307","438456"
"2015-01-15","TestCTASQuery.java","145026","278935","423961"
"2014-04-01","TestCTASQuery.java","47","1130","1177"
"2014-04-10","TestCTASQuery.java","1413","7039","8452"
"2015-08-13","HBaseTablespace.java","27871","36546","64417"
"2015-09-17","HBaseTablespace.java","123084","157302","280386"
"2015-11-25","HBaseTablespace.java","127315","170181","297496"
"2015-12-14","HBaseTablespace.java","128270","173643","301913"
"2015-11-26","HBaseTablespace.java","127437","170258","297695"
"2015-07-30","HBaseTablespace.java","25423","29691","55114"
"2015-05-11","Schema.java","92840","332386","425226"
"2014-01-17","Schema.java","32024","87743","119767"
"2014-02-19","Schema.java","46703","111323","158026"
"2015-11-26","ExternalSortExec.java","144805","343917","488722"
"2015-11-17","ExternalSortExec.java","144643","343056","487699"
"2014-09-24","ExternalSortExec.java","2277","53910","56187"
"2015-09-21","ExternalSortExec.java","143843","333834","477677"
"2015-04-02","ExternalSortExec.java","88833","186747","275580"
"2014-11-04","ExternalSortExec.java","41523","103193","144716"
"2015-07-22","ExternalSortExec.java","109328","266446","375774"
"2015-05-11","Schema.java","133792","317619","451411"
"2014-02-19","Schema.java","28404","37305","65709"
"2014-10-08","TestGroupByQuery.java","6997","83069","90066"
"2014-07-11","TestGroupByQuery.java","1308","8775","10083"
"2014-12-30","TestGroupByQuery.java","68505","175853","244358"
"2014-07-11","TestGroupByQuery.java","1343","9205","10548"
"2014-08-11","TestGroupByQuery.java","3238","17671","20909"
"2014-07-29","TestGroupByQuery.java","2903","15588","18491"
"2015-07-22","TestGroupByQuery.java","99383","277362","376745"
"2015-05-19","TestGroupByQuery.java","90623","258597","349220"
"2014-07-28","TestGroupByQuery.java","2802","15154","17956"
"2015-09-03","TestGroupByQuery.java","125060","314446","439506"
"2014-08-11","TestGroupByQuery.java","4131","19666","23797"
"2015-04-18","TestGroupByQuery.java","85189","213897","299086"
"2015-10-30","TestGroupByQuery.java","129894","348015","477909"
"2015-04-29","TestGroupByQuery.java","85332","216922","302254"
"2014-06-25","TestGroupByQuery.java","82129","201844","283973"
"2014-10-08","TestGroupByQuery.java","82390","278177","360567"
"2014-07-11","TestGroupByQuery.java","82121","209303","291424"
"2014-01-07","TestGroupByQuery.java","49915","112229","162144"
"2014-01-17","TestGroupByQuery.java","50436","118362","168798"
"2014-05-16","TestGroupByQuery.java","82133","193561","275694"
"2014-04-04","TestGroupByQuery.java","61916","157112","219028"
"2014-02-20","TestGroupByQuery.java","60682","138495","199177"
"2014-12-30","TestGroupByQuery.java","82701","309764","392465"
"2014-05-19","TestGroupByQuery.java","82133","194087","276220"
"2014-07-11","TestGroupByQuery.java","82121","209698","291819"
"2014-08-11","TestGroupByQuery.java","82324","216472","298796"
"2013-09-16","TestGroupByQuery.java","30877","41982","72859"
"2014-07-29","TestGroupByQuery.java","82254","214654","296908"
"2015-07-22","TestGroupByQuery.java","83983","381677","465660"
"2014-06-11","TestGroupByQuery.java","82129","204063","286192"
"2015-05-19","TestGroupByQuery.java","83580","371269","454849"
"2014-07-28","TestGroupByQuery.java","82247","214314","296561"
"2015-09-03","TestGroupByQuery.java","84320","393421","477741"
"2014-08-11","TestGroupByQuery.java","82338","217588","299926"
"2015-04-18","TestGroupByQuery.java","83614","332037","415651"
"2015-10-30","TestGroupByQuery.java","84573","422409","506982"
"2015-04-29","TestGroupByQuery.java","83622","334927","418549"
"2015-05-11","Schema.java","140405","315331","455736"
"2014-12-30","TestGroupByQuery.java","72906","104182","177088"
"2015-07-22","TestGroupByQuery.java","111591","213498","325089"
"2015-05-19","TestGroupByQuery.java","101035","192937","293972"
"2015-09-03","TestGroupByQuery.java","143738","257052","400790"
"2015-04-18","TestGroupByQuery.java","93331","145967","239298"
"2015-10-30","TestGroupByQuery.java","149136","291185","440321"
"2015-04-29","TestGroupByQuery.java","93537","149055","242592"
"2013-09-18","Schema.java","16010","33663","49673"
"2015-05-11","Schema.java","75226","333804","409030"
"2013-09-27","Schema.java","17602","36634","54236"
"2014-01-17","Schema.java","38255","113006","151261"
"2014-02-19","Schema.java","48567","132219","180786"
"2015-11-26","ExternalSortExec.java","141600","406056","547656"
"2015-11-17","ExternalSortExec.java","141565","405322","546887"
"2014-03-01","ExternalSortExec.java","9608","14052","23660"
"2014-09-24","ExternalSortExec.java","112237","229214","341451"
"2015-09-21","ExternalSortExec.java","141380","396715","538095"
"2015-04-02","ExternalSortExec.java","138041","301299","439340"
"2014-11-04","ExternalSortExec.java","120640","247654","368294"
"2015-07-22","ExternalSortExec.java","140301","362763","503064"
"2014-08-21","ExternalSortExec.java","112034","177378","289412"
"2014-05-16","ExternalSortExec.java","110438","146634","257072"
"2014-11-04","SchemaUtil.java","82577","284823","367400"
"2015-05-11","SchemaUtil.java","83578","335331","418909"
"2014-07-23","SchemaUtil.java","82247","214065","296312"
"2014-01-17","SchemaUtil.java","50436","118362","168798"
"2014-01-26","SchemaUtil.java","51164","121407","172571"
"2014-02-19","SchemaUtil.java","60663","137490","198153"
"2015-08-04","SchemaUtil.java","84062","387191","471253"
"2015-03-13","SchemaUtil.java","82779","315961","398740"
"2015-07-20","SchemaUtil.java","83567","382932","466499"
"2015-11-26","ExternalSortExec.java","129267","357527","486794"
"2015-11-17","ExternalSortExec.java","129128","356689","485817"
"2014-09-24","ExternalSortExec.java","12348","93129","105477"
"2015-09-21","ExternalSortExec.java","128392","347531","475923"
"2015-04-02","ExternalSortExec.java","85079","212141","297220"
"2014-11-04","ExternalSortExec.java","44512","135330","179842"
"2015-07-22","ExternalSortExec.java","100467","286733","387200"
"2014-08-21","ExternalSortExec.java","10579","39727","50306"
"2015-05-11","SchemaUtil.java","66254","115761","182015"
"2015-08-04","SchemaUtil.java","88089","188972","277061"
"2015-03-13","SchemaUtil.java","56327","87263","143590"
"2015-07-20","SchemaUtil.java","78891","176010","254901"
"2015-08-04","SchemaUtil.java","39148","90524","129672"
"2015-07-20","SchemaUtil.java","21198","68810","90008"
"2014-11-04","SchemaUtil.java","40570","110998","151568"
"2015-05-11","SchemaUtil.java","89252","209187","298439"
"2015-08-04","SchemaUtil.java","106313","277624","383937"
"2015-03-13","SchemaUtil.java","81413","182777","264190"
"2015-07-20","SchemaUtil.java","99302","266849","366151"
"2014-10-08","TestGroupByQuery.java","5993","74598","80591"
"2014-12-30","TestGroupByQuery.java","69653","169534","239187"
"2014-08-11","TestGroupByQuery.java","2058","9024","11082"
"2014-07-29","TestGroupByQuery.java","1722","6940","8662"
"2015-07-22","TestGroupByQuery.java","103017","273529","376546"
"2015-05-19","TestGroupByQuery.java","93981","254488","348469"
"2014-07-28","TestGroupByQuery.java","1621","6506","8127"
"2015-09-03","TestGroupByQuery.java","130390","312309","442699"
"2014-08-11","TestGroupByQuery.java","3020","11088","14108"
"2015-04-18","TestGroupByQuery.java","86952","208193","295145"
"2015-10-30","TestGroupByQuery.java","135535","346189","481724"
"2015-04-29","TestGroupByQuery.java","87096","211219","298315"
"2014-11-04","SchemaUtil.java","129555","263875","393430"
"2015-05-11","SchemaUtil.java","133792","317619","451411"
"2014-07-23","SchemaUtil.java","127613","191505","319118"
"2014-01-26","SchemaUtil.java","5209","7526","12735"
"2014-02-19","SchemaUtil.java","28404","37305","65709"
"2015-08-04","SchemaUtil.java","134960","370163","505123"
"2015-03-13","SchemaUtil.java","130539","295795","426334"
"2015-07-20","SchemaUtil.java","134285","365724","500009"
"2014-06-25","TestGroupByQuery.java","123809","181210","305019"
"2014-10-08","TestGroupByQuery.java","124617","258090","382707"
"2014-07-11","TestGroupByQuery.java","123926","188794","312720"
"2014-01-17","TestGroupByQuery.java","4010","9622","13632"
"2014-05-16","TestGroupByQuery.java","123530","172644","296174"
"2014-04-04","TestGroupByQuery.java","41848","74730","116578"
"2014-02-20","TestGroupByQuery.java","31367","46866","78233"
"2014-12-30","TestGroupByQuery.java","126288","291037","417325"
"2014-05-19","TestGroupByQuery.java","123530","173170","296700"
"2014-07-11","TestGroupByQuery.java","123926","189189","313115"
"2014-08-11","TestGroupByQuery.java","124440","196274","320714"
"2014-07-29","TestGroupByQuery.java","124354","194440","318794"
"2015-07-22","TestGroupByQuery.java","130863","366243","497106"
"2014-06-11","TestGroupByQuery.java","123807","183427","307234"
"2015-05-19","TestGroupByQuery.java","129874","355249","485123"
"2014-07-28","TestGroupByQuery.java","124347","194100","318447"
"2015-09-03","TestGroupByQuery.java","131562","378349","509911"
"2014-08-11","TestGroupByQuery.java","124499","197435","321934"
"2015-04-18","TestGroupByQuery.java","129699","315808","445507"
"2015-10-30","TestGroupByQuery.java","131967","407489","539456"
"2015-04-29","TestGroupByQuery.java","129710","318701","448411"
"2014-06-25","TestGroupByQuery.java","127056","178845","305901"
"2014-10-08","TestGroupByQuery.java","127965","255826","383791"
"2014-07-11","TestGroupByQuery.java","127179","186435","313614"
"2014-05-16","TestGroupByQuery.java","126729","170231","296960"
"2014-04-04","TestGroupByQuery.java","39380","66650","106030"
"2014-02-20","TestGroupByQuery.java","28556","38443","66999"
"2014-12-30","TestGroupByQuery.java","129959","289096","419055"
"2014-05-19","TestGroupByQuery.java","126760","170788","297548"
"2014-07-11","TestGroupByQuery.java","127179","186830","314009"
"2014-08-11","TestGroupByQuery.java","127706","193928","321634"
"2014-07-29","TestGroupByQuery.java","127620","192094","319714"
"2015-07-22","TestGroupByQuery.java","134809","364577","499386"
"2014-06-11","TestGroupByQuery.java","127054","181062","308116"
"2015-05-19","TestGroupByQuery.java","133816","353579","487395"
"2014-07-28","TestGroupByQuery.java","127613","191754","319367"
"2015-09-03","TestGroupByQuery.java","135498","376673","512171"
"2014-08-11","TestGroupByQuery.java","127765","195089","322854"
"2015-04-18","TestGroupByQuery.java","133637","314134","447771"
"2015-10-30","TestGroupByQuery.java","135894","405804","541698"
"2015-04-29","TestGroupByQuery.java","133648","317027","450675"
"2014-11-04","SchemaUtil.java","130690","262693","393383"
"2015-05-11","SchemaUtil.java","135142","316652","451794"
"2014-07-23","SchemaUtil.java","128111","189686","317797"
"2014-02-19","SchemaUtil.java","23850","30434","54284"
"2015-08-04","SchemaUtil.java","136313","369199","505512"
"2015-03-13","SchemaUtil.java","131718","294657","426375"
"2015-07-20","SchemaUtil.java","135634","364756","500390"
"2014-06-25","TestGroupByQuery.java","6574","14861","21435"
"2014-10-08","TestGroupByQuery.java","12726","97085","109811"
"2014-07-11","TestGroupByQuery.java","7532","23286","30818"
"2014-12-30","TestGroupByQuery.java","72201","187836","260037"
"2014-05-19","TestGroupByQuery.java","89","615","704"
"2014-07-11","TestGroupByQuery.java","7563","23712","31275"
"2014-08-11","TestGroupByQuery.java","9372","32092","41464"
"2014-07-29","TestGroupByQuery.java","9040","30012","39052"
"2015-07-22","TestGroupByQuery.java","100467","286733","387200"
"2014-06-11","TestGroupByQuery.java","2015","12521","14536"
"2015-05-19","TestGroupByQuery.java","92578","268839","361417"
"2014-07-28","TestGroupByQuery.java","8942","29581","38523"
"2015-09-03","TestGroupByQuery.java","124414","322087","446501"
"2014-08-11","TestGroupByQuery.java","10072","33894","43966"
"2015-04-18","TestGroupByQuery.java","87966","224961","312927"
"2015-10-30","TestGroupByQuery.java","129070","355478","484548"
"2015-04-29","TestGroupByQuery.java","88086","227963","316049"
"2014-11-04","SchemaUtil.java","121664","247083","368747"
"2015-05-11","SchemaUtil.java","140405","315331","455736"
"2014-07-23","SchemaUtil.java","112824","167815","280639"
"2015-08-04","SchemaUtil.java","141691","367993","509684"
"2015-03-13","SchemaUtil.java","136631","292986","429617"
"2015-07-20","SchemaUtil.java","140919","363457","504376"
"2014-06-25","TestGroupByQuery.java","116220","140739","256959"
"2014-10-08","TestGroupByQuery.java","118270","218861","337131"
"2014-07-11","TestGroupByQuery.java","116553","148539","265092"
"2014-05-16","TestGroupByQuery.java","115721","131953","247674"
"2014-12-30","TestGroupByQuery.java","145518","277385","422903"
"2014-05-19","TestGroupByQuery.java","115756","132514","248270"
"2014-07-11","TestGroupByQuery.java","116558","148939","265497"
"2014-08-11","TestGroupByQuery.java","117553","156505","274058"
"2014-07-29","TestGroupByQuery.java","117465","154669","272134"
"2015-07-22","TestGroupByQuery.java","152952","355450","508402"
"2014-06-11","TestGroupByQuery.java","116210","142948","259158"
"2015-05-19","TestGroupByQuery.java","151340","343833","495173"
"2014-07-28","TestGroupByQuery.java","117458","154329","271787"
"2015-09-03","TestGroupByQuery.java","154466","368371","522837"
"2014-08-11","TestGroupByQuery.java","117682","157736","275418"
"2015-04-18","TestGroupByQuery.java","151005","304232","455237"
"2015-10-30","TestGroupByQuery.java","155297","397937","553234"
"2015-04-29","TestGroupByQuery.java","151023","307132","458155"
"2014-06-25","TestGroupByQuery.java","112761","154663","267424"
"2014-10-08","TestGroupByQuery.java","114267","232241","346508"
"2014-07-11","TestGroupByQuery.java","112957","162326","275283"
"2014-05-16","TestGroupByQuery.java","112337","145952","258289"
"2014-04-04","TestGroupByQuery.java","13329","30712","44041"
"2014-12-30","TestGroupByQuery.java","136912","286162","423074"
"2014-05-19","TestGroupByQuery.java","112372","146513","258885"
"2014-07-11","TestGroupByQuery.java","112962","162726","275688"
"2014-08-11","TestGroupByQuery.java","113897","170232","284129"
"2014-07-29","TestGroupByQuery.java","113809","168396","282205"
"2015-07-22","TestGroupByQuery.java","142539","362420","504959"
"2014-06-11","TestGroupByQuery.java","112755","156876","269631"
"2015-05-19","TestGroupByQuery.java","141410","351286","492696"
"2014-07-28","TestGroupByQuery.java","113802","168056","281858"
"2015-09-03","TestGroupByQuery.java","143502","374790","518292"
"2014-08-11","TestGroupByQuery.java","113981","171418","285399"
"2015-04-18","TestGroupByQuery.java","141173","311783","452956"
"2015-10-30","TestGroupByQuery.java","143915","403938","547853"
"2015-04-29","TestGroupByQuery.java","141189","314681","455870"
"2015-05-11","SchemaUtil.java","13437","32008","45445"
"2015-08-04","SchemaUtil.java","49029","118976","168005"
"2015-07-20","SchemaUtil.java","32756","98939","131695"
"2015-07-22","HashAggregateExec.java","83983","381677","465660"
"2015-10-30","HashAggregateExec.java","84573","422409","506982"
"2015-12-03","HashAggregateExec.java","84587","425586","510173"
"2014-01-25","HashAggregateExec.java","51141","121619","172760"
"2014-06-11","HashAggregateExec.java","82129","204063","286192"
"2014-01-17","HashAggregateExec.java","50436","118362","168798"
"2014-02-17","HashAggregateExec.java","60532","135764","196296"
"2015-10-30","HashAggregateExec.java","115273","155415","270688"
"2015-12-03","HashAggregateExec.java","117502","160807","278309"
"2015-07-22","TestGroupByQuery.java","61137","131768","192905"
"2015-05-19","TestGroupByQuery.java","43557","104183","147740"
"2015-09-03","TestGroupByQuery.java","103147","185185","288332"
"2015-04-18","TestGroupByQuery.java","32432","53792","86224"
"2015-10-30","TestGroupByQuery.java","110944","221717","332661"
"2015-04-29","TestGroupByQuery.java","32767","57009","89776"
"2015-12-03","HashAggregateExec.java","3720","6883","10603"
"2015-12-14","HBaseTablespace.java","1195","3747","4942"
"2015-08-13","HBaseTablespace.java","38387","92107","130494"
"2015-09-17","HBaseTablespace.java","88888","168151","257039"
"2015-05-19","HBaseTablespace.java","10332","46673","57005"
"2015-06-24","HBaseTablespace.java","16903","61846","78749"
"2015-11-25","HBaseTablespace.java","92713","180624","273337"
"2015-06-25","HBaseTablespace.java","17320","62365","79685"
"2015-12-14","HBaseTablespace.java","93550","183968","277518"
"2015-11-26","HBaseTablespace.java","92804","180670","273474"
"2015-07-30","HBaseTablespace.java","36074","85387","121461"
"2015-07-22","HashAggregateExec.java","136900","364116","501016"
"2015-10-30","HashAggregateExec.java","137987","405345","543332"
"2015-12-03","HashAggregateExec.java","138035","408556","546591"
"2014-06-11","HashAggregateExec.java","128475","179931","308406"
"2014-02-17","HashAggregateExec.java","24156","28910","53066"
"2015-08-04","SchemaUtil.java","20845","24609","45454"
"2015-07-22","HashAggregateExec.java","102184","277944","380128"
"2015-10-30","HashAggregateExec.java","132342","348244","480586"
"2015-12-03","HashAggregateExec.java","132608","351673","484281"
"2015-08-13","HBaseTablespace.java","50227","121885","172112"
"2015-09-17","HBaseTablespace.java","95505","192706","288211"
"2015-05-19","HBaseTablespace.java","25788","80067","105855"
"2015-06-24","HBaseTablespace.java","31364","94245","125609"
"2015-11-25","HBaseTablespace.java","98668","204517","303185"
"2015-06-25","HBaseTablespace.java","31686","94669","126355"
"2015-12-14","HBaseTablespace.java","99345","207701","307046"
"2015-11-26","HBaseTablespace.java","98737","204541","303278"
"2015-05-15","HBaseTablespace.java","16418","34356","50774"
"2015-07-30","HBaseTablespace.java","48295","115546","163841"
"2015-05-11","HBaseTablespace.java","13355","31829","45184"
"2013-08-08","SortSpec.java","16854","10029","26883"
"2015-11-18","SortSpec.java","84587","423733","508320"
"2013-09-24","SortSpec.java","32312","43760","76072"
"2014-02-19","SortSpec.java","60663","137490","198153"
"2015-11-18","SortSpec.java","76291","422262","498553"
"2013-09-24","SortSpec.java","17429","35702","53131"
"2014-02-19","SortSpec.java","48567","132219","180786"
"2015-07-22","HashAggregateExec.java","134809","364577","499386"
"2015-10-30","HashAggregateExec.java","135894","405804","541698"
"2015-12-03","HashAggregateExec.java","135942","409015","544957"
"2014-01-25","HashAggregateExec.java","3153","5705","8858"
"2014-06-11","HashAggregateExec.java","127054","181062","308116"
"2014-02-17","HashAggregateExec.java","27005","34311","61316"
"2015-08-13","HBaseTablespace.java","4268","8675","12943"
"2015-09-17","HBaseTablespace.java","110487","140437","250924"
"2015-11-25","HBaseTablespace.java","115360","153958","269318"
"2015-12-14","HBaseTablespace.java","116420","157525","273945"
"2015-11-26","HBaseTablespace.java","115482","154035","269517"
"2015-11-18","SortSpec.java","93371","421069","514440"
"2014-02-19","SortSpec.java","46532","111911","158443"
"2015-07-22","HashAggregateExec.java","140301","362763","503064"
"2015-10-30","HashAggregateExec.java","141552","404156","545708"
"2015-12-03","HashAggregateExec.java","141600","407367","548967"
"2014-06-11","HashAggregateExec.java","110814","157516","268330"
"2015-07-24","HashBasedColPartitionStoreExec.java","137127","363311","500438"
"2014-06-25","TestGroupByQuery.java","6503","14264","20767"
"2014-10-08","TestGroupByQuery.java","12689","96522","109211"
"2014-07-11","TestGroupByQuery.java","7461","22689","30150"
"2014-12-30","TestGroupByQuery.java","72220","187329","259549"
"2014-07-11","TestGroupByQuery.java","7501","23124","30625"
"2014-08-11","TestGroupByQuery.java","9310","31504","40814"
"2014-07-29","TestGroupByQuery.java","8978","29424","38402"
"2015-07-22","TestGroupByQuery.java","100958","286698","387656"
"2014-06-11","TestGroupByQuery.java","1944","11924","13868"
"2015-05-19","TestGroupByQuery.java","93043","268778","361821"
"2014-07-28","TestGroupByQuery.java","8880","28993","37873"
"2015-09-03","TestGroupByQuery.java","124923","322070","446993"
"2014-08-11","TestGroupByQuery.java","10010","33306","43316"
"2015-04-18","TestGroupByQuery.java","88431","224900","313331"
"2015-10-30","TestGroupByQuery.java","129580","355462","485042"
"2015-04-29","TestGroupByQuery.java","88551","227902","316453"
"2015-11-18","SortSpec.java","142968","405287","548255"
"2015-08-13","HBaseTablespace.java","40547","93731","134278"
"2015-09-17","HBaseTablespace.java","90655","169382","260037"
"2015-05-19","HBaseTablespace.java","12985","48790","61775"
"2015-06-24","HBaseTablespace.java","19373","63780","83153"
"2015-11-25","HBaseTablespace.java","94401","181776","276177"
"2015-06-25","HBaseTablespace.java","19696","64205","83901"
"2015-12-14","HBaseTablespace.java","95228","185110","280338"
"2015-11-26","HBaseTablespace.java","94483","181813","276296"
"2015-05-15","HBaseTablespace.java","3288","2752","6040"
"2015-07-30","HBaseTablespace.java","38236","87013","125249"
"2013-10-27","ColumnStats.java","29836","73882","103718"
"2014-04-14","ColumnStats.java","50133","157758","207891"
"2014-10-08","ColumnStats.java","74000","276870","350870"
"2014-01-25","HashFullOuterJoinExec.java","33765","87138","120903"
"2015-07-22","HashFullOuterJoinExec.java","97986","378575","476561"
"2015-05-15","HashFullOuterJoinExec.java","97507","331556","429063"
"2014-08-23","HashFullOuterJoinExec.java","96050","268044","364094"
"2015-08-25","HashFullOuterJoinExec.java","98215","390584","488799"
"2013-08-08","ColumnStats.java","16854","10029","26883"
"2013-10-27","ColumnStats.java","43599","80820","124419"
"2014-04-14","ColumnStats.java","61932","162732","224664"
"2014-10-08","ColumnStats.java","82395","278440","360835"
"2015-07-22","HashFullOuterJoinExec.java","136900","364116","501016"
"2015-05-15","HashFullOuterJoinExec.java","135904","316580","452484"
"2014-08-23","HashFullOuterJoinExec.java","129292","247913","377205"
"2015-08-25","HashFullOuterJoinExec.java","137478","376474","513952"
"2015-08-25","HashFullOuterJoinExec.java","103717","115497","219214"
"2014-10-08","TestGroupByQuery.java","5974","74184","80158"
"2014-12-30","TestGroupByQuery.java","69649","169135","238784"
"2014-08-11","TestGroupByQuery.java","2029","8600","10629"
"2014-07-29","TestGroupByQuery.java","1679","6502","8181"
"2015-07-22","TestGroupByQuery.java","103209","273326","376535"
"2015-05-19","TestGroupByQuery.java","94146","254258","348404"
"2014-07-28","TestGroupByQuery.java","1578","6068","7646"
"2015-09-03","TestGroupByQuery.java","130635","312159","442794"
"2014-08-11","TestGroupByQuery.java","3000","10673","13673"
"2015-04-18","TestGroupByQuery.java","86970","207816","294786"
"2015-10-30","TestGroupByQuery.java","135785","346044","481829"
"2015-04-29","TestGroupByQuery.java","87114","210842","297956"
"2014-04-14","ColumnStats.java","47520","111099","158619"
"2014-10-08","ColumnStats.java","110921","269745","380666"
"2015-07-22","HashFullOuterJoinExec.java","31147","77687","108834"
"2015-08-25","HashFullOuterJoinExec.java","80699","139019","219718"
"2014-10-08","ColumnStats.java","121737","216982","338719"
"2015-07-22","HashFullOuterJoinExec.java","109738","218333","328071"
"2015-05-15","HashFullOuterJoinExec.java","94538","156593","251131"
"2015-08-25","HashFullOuterJoinExec.java","140803","261178","401981"
"2014-10-08","TestGroupByQuery.java","4314","65953","70267"
"2014-12-30","TestGroupByQuery.java","71176","164091","235267"
"2015-07-22","TestGroupByQuery.java","105524","269070","374594"
"2015-05-19","TestGroupByQuery.java","96285","249826","346111"
"2015-09-03","TestGroupByQuery.java","134490","309443","443933"
"2015-04-18","TestGroupByQuery.java","88877","203152","292029"
"2015-10-30","TestGroupByQuery.java","139644","343332","482976"
"2015-04-29","TestGroupByQuery.java","89054","206211","295265"
"2014-02-01","StatisticsUtil.java","59628","131090","190718"
"2013-10-27","StatisticsUtil.java","43599","80820","124419"
"2013-10-04","StatisticsUtil.java","34003","53379","87382"
"2014-06-25","StatisticsUtil.java","82124","201862","283986"
"2014-06-25","StatisticsUtil.java","109948","158224","268172"
"2014-02-01","StatisticsUtil.java","37107","71348","108455"
"2014-06-25","StatisticsUtil.java","110350","192867","303217"
"2014-12-12","RowKeyMapping.java","82600","306204","388804"
"2014-06-25","TestGroupByQuery.java","90194","198804","288998"
"2014-10-08","TestGroupByQuery.java","90653","275335","365988"
"2014-07-11","TestGroupByQuery.java","90186","206263","296449"
"2014-01-07","TestGroupByQuery.java","32017","83226","115243"
"2014-01-17","TestGroupByQuery.java","33977","90798","124775"
"2014-05-16","TestGroupByQuery.java","90185","190508","280693"
"2014-04-04","TestGroupByQuery.java","54058","138149","192207"
"2014-02-20","TestGroupByQuery.java","48468","115176","163644"
"2014-12-30","TestGroupByQuery.java","91068","307026","398094"
"2014-05-19","TestGroupByQuery.java","90185","191034","281219"
"2014-07-11","TestGroupByQuery.java","90186","206658","296844"
"2014-08-11","TestGroupByQuery.java","90565","213608","304173"
"2014-07-29","TestGroupByQuery.java","90495","211790","302285"
"2015-07-22","TestGroupByQuery.java","92493","379082","471575"
"2014-06-11","TestGroupByQuery.java","90192","201021","291213"
"2015-05-19","TestGroupByQuery.java","92072","368656","460728"
"2014-07-28","TestGroupByQuery.java","90488","211450","301938"
"2015-09-03","TestGroupByQuery.java","92855","390851","483706"
"2014-08-11","TestGroupByQuery.java","90587","214732","305319"
"2015-04-18","TestGroupByQuery.java","92097","329415","421512"
"2015-10-30","TestGroupByQuery.java","93141","419872","513013"
"2015-04-29","TestGroupByQuery.java","92108","332308","424416"
"2014-02-01","StatisticsUtil.java","45510","97596","143106"
"2013-10-27","StatisticsUtil.java","18365","36210","54575"
"2014-06-25","StatisticsUtil.java","95342","195704","291046"
"2014-10-08","TestGroupByQuery.java","4528","67915","72443"
"2014-12-30","TestGroupByQuery.java","71081","165744","236825"
"2014-08-11","TestGroupByQuery.java","370","2118","2488"
"2015-07-22","TestGroupByQuery.java","105184","270478","375662"
"2015-05-19","TestGroupByQuery.java","96050","251339","347389"
"2015-09-03","TestGroupByQuery.java","133693","310394","444087"
"2014-08-11","TestGroupByQuery.java","1366","4216","5582"
"2015-04-18","TestGroupByQuery.java","88646","204669","293315"
"2015-10-30","TestGroupByQuery.java","138847","344283","483130"
"2015-04-29","TestGroupByQuery.java","88822","207727","296549"
"2015-07-30","SortedInsertRewriter.java","26550","30920","57470"
"2015-08-13","SortedInsertRewriter.java","28997","37774","66771"
"2015-09-03","TestGroupByQuery.java","104622","116029","220651"
"2015-10-30","TestGroupByQuery.java","115273","155415","270688"
"2015-06-24","SortedInsertRewriter.java","56224","128780","185004"
"2015-07-30","SortedInsertRewriter.java","69968","146894","216862"
"2015-08-13","SortedInsertRewriter.java","71495","152828","224323"
"2014-06-25","TestGroupByQuery.java","4599","2380","6979"
"2014-10-08","TestGroupByQuery.java","11230","85083","96313"
"2014-07-11","TestGroupByQuery.java","5599","10847","16446"
"2014-12-30","TestGroupByQuery.java","72258","177387","249645"
"2014-07-11","TestGroupByQuery.java","5632","11275","16907"
"2014-08-11","TestGroupByQuery.java","7509","19723","27232"
"2014-07-29","TestGroupByQuery.java","7175","17641","24816"
"2015-07-22","TestGroupByQuery.java","102184","277944","380128"
"2015-05-19","TestGroupByQuery.java","93464","259219","352683"
"2014-07-28","TestGroupByQuery.java","7077","17210","24287"
"2015-09-03","TestGroupByQuery.java","127507","314674","442181"
"2014-08-11","TestGroupByQuery.java","8372","21688","30060"
"2015-04-18","TestGroupByQuery.java","88748","215237","303985"
"2015-10-30","TestGroupByQuery.java","132342","348244","480586"
"2015-04-29","TestGroupByQuery.java","88868","218239","307107"
"2015-08-13","SortedInsertRewriter.java","4268","8675","12943"
"2014-02-19","StatSet.java","60663","137490","198153"
"2015-07-22","TestGroupByQuery.java","31017","41022","72039"
"2015-09-03","TestGroupByQuery.java","118010","139422","257432"
"2015-10-30","TestGroupByQuery.java","127597","177744","305341"
"2013-08-08","TableStats.java","16854","10029","26883"
"2013-10-27","TableStats.java","43599","80820","124419"
"2014-06-12","TableStats.java","82129","204350","286479"
"2014-01-07","TableStats.java","49676","111893","161569"
"2014-03-01","TableStats.java","60888","140564","201452"
"2013-10-04","TableStats.java","34003","53379","87382"
"2015-09-23","TableStats.java","84547","417220","501767"
"2014-04-14","TableStats.java","61932","162732","224664"
"2014-07-14","TableStats.java","82121","210050","292171"
"2015-11-25","TestColumnMapping.java","116215","231739","347954"
"2013-10-27","TableStats.java","29836","73882","103718"
"2014-06-12","TableStats.java","73729","202775","276504"
"2014-01-07","TableStats.java","36502","105544","142046"
"2014-03-01","TableStats.java","48885","135386","184271"
"2013-10-04","TableStats.java","19309","45510","64819"
"2015-09-23","TableStats.java","76230","415728","491958"
"2014-04-14","TableStats.java","50133","157758","207891"
"2014-07-14","TableStats.java","73721","208475","282196"
"2015-10-09","HashJoinExec.java","84572","421626","506198"
"2015-05-15","HashJoinExec.java","83580","334734","418314"
"2015-08-25","HashJoinExec.java","84220","393694","477914"
"2014-06-12","TableStats.java","110330","195330","305660"
"2014-01-07","TableStats.java","14586","39582","54168"
"2014-03-01","TableStats.java","45323","87778","133101"
"2015-09-23","TableStats.java","114718","410170","524888"
"2014-04-14","TableStats.java","47520","111099","158619"
"2014-07-14","TableStats.java","110390","201098","311488"
"2015-06-24","TestHBaseTableSpace.java","56224","128780","185004"
"2015-09-22","TestHBaseTableSpace.java","113489","220627","334116"
"2015-09-17","TestHBaseTableSpace.java","113411","220287","333698"
"2015-09-23","TableStats.java","132015","342467","474482"
"2014-07-14","TableStats.java","5796","11504","17300"
"2014-10-08","TestGroupByQuery.java","4631","68351","72982"
"2014-12-30","TestGroupByQuery.java","71183","166179","237362"
"2014-08-11","TestGroupByQuery.java","476","2557","3033"
"2014-07-29","TestGroupByQuery.java","106","439","545"
"2015-07-22","TestGroupByQuery.java","105273","270900","376173"
"2015-05-19","TestGroupByQuery.java","96146","251768","347914"
"2015-09-03","TestGroupByQuery.java","133708","310742","444450"
"2014-08-11","TestGroupByQuery.java","1469","4652","6121"
"2015-04-18","TestGroupByQuery.java","88745","205101","293846"
"2015-10-30","TestGroupByQuery.java","138859","344628","483487"
"2015-04-29","TestGroupByQuery.java","88921","208159","297080"
"2015-09-22","TestHBaseTableSpace.java","124080","158662","282742"
"2015-09-17","TestHBaseTableSpace.java","123914","158234","282148"
"2015-10-09","HashJoinExec.java","90501","176401","266902"
"2015-08-25","HashJoinExec.java","80699","139019","219718"
"2015-10-30","TestGroupByQuery.java","15599","44334","59933"
"2014-06-12","TableStats.java","123710","183714","307424"
"2014-03-01","TableStats.java","40012","57471","97483"
"2015-09-23","TableStats.java","131731","402187","533918"
"2014-04-14","TableStats.java","44078","82661","126739"
"2014-07-14","TableStats.java","123852","189564","313416"
"2015-10-09","HashJoinExec.java","16059","43639","59698"
"2014-10-08","TestGroupByQuery.java","3344","63881","67225"
"2014-12-30","TestGroupByQuery.java","70872","162685","233557"
"2015-07-22","TestGroupByQuery.java","105424","267868","373292"
"2015-05-19","TestGroupByQuery.java","96106","248545","344651"
"2015-09-03","TestGroupByQuery.java","134728","308579","443307"
"2015-04-18","TestGroupByQuery.java","88636","201809","290445"
"2015-10-30","TestGroupByQuery.java","139902","342488","482390"
"2015-04-29","TestGroupByQuery.java","88814","204869","293683"
"2014-06-12","TableStats.java","113849","156394","270243"
"2015-09-23","TableStats.java","145259","398256","543515"
"2014-04-14","TableStats.java","6884","28008","34892"
"2014-07-14","TableStats.java","114154","162407","276561"
"2015-07-22","TestGroupByQuery.java","36014","85285","121299"
"2015-05-19","TestGroupByQuery.java","14111","53377","67488"
"2015-09-03","TestGroupByQuery.java","84964","145642","230606"
"2015-10-30","TestGroupByQuery.java","93943","183356","277299"
"2015-04-29","TestGroupByQuery.java","1668","4550","6218"
"2015-09-22","TestHBaseTableSpace.java","446","708","1154"
"2013-10-07","HashLeftAntiJoinExec.java","11755","38406","50161"
"2015-05-15","HashLeftAntiJoinExec.java","79733","332674","412407"
"2013-10-27","TableStats.java","18365","36210","54575"
"2014-06-12","TableStats.java","95315","198160","293475"
"2014-01-07","TableStats.java","28186","71027","99213"
"2014-03-01","TableStats.java","51154","111454","162608"
"2015-09-23","TableStats.java","98335","411632","509967"
"2014-04-14","TableStats.java","52991","134415","187406"
"2014-07-14","TableStats.java","95339","203892","299231"
"2015-05-15","HashLeftAntiJoinExec.java","102145","328435","430580"
"2014-12-12","AvroAppender.java","150175","271881","422056"
"2015-10-08","AvroAppender.java","160379","395471","555850"
"2015-09-23","AvroAppender.java","160265","391040","551305"
"2015-11-13","AvroAppender.java","160667","397254","557921"
"2015-07-22","TestGroupByQuery.java","34570","80959","115529"
"2015-05-19","TestGroupByQuery.java","12526","48910","61436"
"2015-09-03","TestGroupByQuery.java","84304","142100","226404"
"2015-10-30","TestGroupByQuery.java","93538","180069","273607"
"2015-10-08","AvroAppender.java","114385","227771","342156"
"2015-09-23","AvroAppender.java","113925","222994","336919"
"2015-11-13","AvroAppender.java","115294","230175","345469"
"2015-08-13","TestHBaseTable.java","71495","152828","224323"
"2015-08-14","TestHBaseTable.java","105955","189402","295357"
"2015-06-24","TestHBaseTable.java","56224","128780","185004"
"2015-01-27","TestHBaseTable.java","21373","26023","47396"
"2015-01-19","TestHBaseTable.java","21013","25417","46430"
"2015-09-22","TestHBaseTable.java","113489","220627","334116"
"2015-08-21","TestHBaseTable.java","106413","191529","297942"
"2015-11-26","TestHBaseTable.java","116272","231751","348023"
"2015-06-25","TestHBaseTable.java","56229","128887","185116"
"2015-09-23","TestHBaseTable.java","113925","222994","336919"
"2015-05-15","HashLeftOuterJoinExec.java","97507","331556","429063"
"2015-07-22","HashLeftOuterJoinExec.java","97986","378575","476561"
"2015-03-13","HashLeftOuterJoinExec.java","96620","313018","409638"
"2015-11-13","AvroAppender.java","1777","3272","5049"
"2015-07-22","HashLeftOuterJoinExec.java","31147","77687","108834"
"2015-10-08","AvroAppender.java","1578","5895","7473"
"2015-11-13","AvroAppender.java","3282","9094","12376"
"2015-08-14","TestHBaseTable.java","95142","97256","192398"
"2015-09-22","TestHBaseTable.java","108304","134109","242413"
"2015-08-21","TestHBaseTable.java","96482","100265","196747"
"2015-11-26","TestHBaseTable.java","113247","147393","260640"
"2015-09-23","TestHBaseTable.java","109350","137086","246436"
"2015-09-22","TestHBaseTable.java","22592","46283","68875"
"2015-08-21","TestHBaseTable.java","3132","4801","7933"
"2015-11-26","TestHBaseTable.java","28638","60670","89308"
"2015-09-23","TestHBaseTable.java","23722","49344","73066"
"2015-08-13","TestHBaseTable.java","28997","37774","66771"
"2015-08-14","TestHBaseTable.java","114090","124981","239071"
"2015-09-22","TestHBaseTable.java","124080","158662","282742"
"2015-08-21","TestHBaseTable.java","115274","127834","243108"
"2015-11-26","TestHBaseTable.java","128196","171119","299315"
"2015-06-25","TestHBaseTable.java","1142","1244","2386"
"2015-09-23","TestHBaseTable.java","125009","161522","286531"
"2015-08-13","TestHBaseTable.java","55729","132412","188141"
"2015-08-14","TestHBaseTable.java","91627","170424","262051"
"2015-06-24","TestHBaseTable.java","37541","105447","142988"
"2015-09-22","TestHBaseTable.java","99561","202049","301610"
"2015-08-21","TestHBaseTable.java","92179","172645","264824"
"2015-11-26","TestHBaseTable.java","102721","213550","316271"
"2015-06-25","TestHBaseTable.java","37838","105846","143684"
"2015-09-23","TestHBaseTable.java","100182","204601","304783"
"2014-06-12","TableStats.java","119585","141006","260591"
"2015-09-23","TableStats.java","159519","391392","550911"
"2014-07-14","TableStats.java","119986","147115","267101"
"2015-06-28","AvroScanner.java","157001","351755","508756"
"2015-05-15","HashLeftOuterJoinExec.java","15320","32971","48291"
"2015-07-22","HashLeftOuterJoinExec.java","43447","107638","151085"
"2015-09-23","TableStats.java","135453","340197","475650"
"2014-08-23","HashLeftSemiJoinExec.java","78666","269231","347897"
"2013-10-07","HashLeftSemiJoinExec.java","11869","38199","50068"
"2015-05-15","HashLeftSemiJoinExec.java","80054","332674","412728"
"2015-07-22","HashLeftSemiJoinExec.java","80472","379632","460104"
"2015-08-13","TestHBaseTable.java","56014","132943","188957"
"2015-08-14","TestHBaseTable.java","91810","170853","262663"
"2015-06-24","TestHBaseTable.java","37887","106039","143926"
"2015-01-27","TestHBaseTable.java","459","705","1164"
"2015-09-22","TestHBaseTable.java","99690","202424","302114"
"2015-08-21","TestHBaseTable.java","92362","173074","265436"
"2015-11-26","TestHBaseTable.java","102840","213915","316755"
"2015-06-25","TestHBaseTable.java","38184","106438","144622"
"2015-09-23","TestHBaseTable.java","100309","204974","305283"
"2015-05-15","HashLeftSemiJoinExec.java","94538","156593","251131"
"2015-07-22","HashLeftSemiJoinExec.java","109738","218333","328071"
"2014-08-23","HashLeftSemiJoinExec.java","100645","264880","365525"
"2015-05-15","HashLeftSemiJoinExec.java","102145","328435","430580"
"2015-07-22","HashLeftSemiJoinExec.java","102640","375470","478110"
"2015-07-22","HashLeftSemiJoinExec.java","31147","77687","108834"
"2015-11-26","TestHBaseTable.java","6901","15242","22143"
"2015-09-23","TestHBaseTable.java","1268","3199","4467"
"2014-01-26","TableDesc.java","21455","54477","75932"
"2014-03-20","TableDesc.java","46782","98553","145335"
"2015-09-23","TableDesc.java","114710","409530","524240"
"2014-11-25","TableDesc.java","111257","284113","395370"
"2014-03-23","TableDesc.java","46857","98775","145632"
"2013-12-03","TableDesc.java","8465","19149","27614"
"2014-02-19","TableDesc.java","39092","78698","117790"
"2013-12-18","TableDesc.java","10136","30887","41023"
"2014-03-20","TableDesc.java","34723","53472","88195"
"2015-09-23","TableDesc.java","137248","399046","536294"
"2014-11-25","TableDesc.java","130877","270711","401588"
"2014-03-23","TableDesc.java","34849","53745","88594"
"2014-02-19","TableDesc.java","23850","30434","54284"
"2015-09-23","TableDesc.java","150344","393393","543737"
"2014-11-25","TableDesc.java","127525","248610","376135"
"2014-03-23","TableDesc.java","316","463","779"
"2014-01-02","HashPartitioner.java","49672","111858","161530"
"2015-09-23","TableDesc.java","128019","249983","378002"
"2015-09-23","TableDesc.java","150326","393228","543554"
"2014-11-25","TableDesc.java","127582","248520","376102"
"2015-11-17","HashShuffleFileWriteExec.java","84576","423565","508141"
"2014-01-02","HashShuffleFileWriteExec.java","49672","111858","161530"
"2014-12-12","HashShuffleFileWriteExec.java","82600","306204","388804"
"2014-08-21","HashShuffleFileWriteExec.java","82349","222925","305274"
"2015-03-03","HashShuffleFileWriteExec.java","82697","314176","396873"
"2014-02-17","HashShuffleFileWriteExec.java","60532","135764","196296"
"2014-03-01","HashShuffleFileWriteExec.java","60888","140564","201452"
"2014-11-20","AvroUtil.java","132915","241018","373933"
"2015-11-25","AvroUtil.java","160703","397933","558636"
"2015-11-25","AvroUtil.java","129588","258715","388303"
"2015-11-17","HashShuffleFileWriteExec.java","131870","408673","540543"
"2014-12-12","HashShuffleFileWriteExec.java","125985","287403","413388"
"2014-08-21","HashShuffleFileWriteExec.java","124406","202796","327202"
"2015-03-03","HashShuffleFileWriteExec.java","126391","295684","422075"
"2014-02-17","HashShuffleFileWriteExec.java","31871","44917","76788"
"2014-03-01","HashShuffleFileWriteExec.java","40096","57586","97682"
"2015-11-17","HashShuffleFileWriteExec.java","115807","231192","346999"
"2015-03-03","HashShuffleFileWriteExec.java","26759","34634","61393"
"2015-06-02","FieldSerializerDeserializer.java","78262","166673","244935"
"2015-04-18","FieldSerializerDeserializer.java","66502","110968","177470"
"2015-04-29","FieldSerializerDeserializer.java","66753","114101","180854"
"2015-11-17","HashShuffleFileWriteExec.java","144643","343056","487699"
"2014-12-12","HashShuffleFileWriteExec.java","66670","149698","216368"
"2015-03-03","HashShuffleFileWriteExec.java","84308","175211","259519"
"2014-12-12","FileAppender.java","82600","306204","388804"
"2015-06-24","FileAppender.java","83566","379726","463292"
"2015-11-13","FileAppender.java","84573","423058","507631"
"2014-08-21","FileAppender.java","82350","223260","305610"
"2014-01-26","TableDesc.java","20869","43207","64076"
"2014-03-20","TableDesc.java","50390","91477","141867"
"2015-09-23","TableDesc.java","123084","407220","530304"
"2014-11-25","TableDesc.java","118901","281073","399974"
"2014-03-23","TableDesc.java","50465","91699","142164"
"2014-02-19","TableDesc.java","41482","70404","111886"
"2013-12-18","TableDesc.java","3588","13655","17243"
"2015-06-24","FileAppender.java","56224","128780","185004"
"2015-11-13","FileAppender.java","115294","230175","345469"
"2015-11-13","FileAppender.java","126975","169300","296275"
"2014-03-20","TableDesc.java","12345","24510","36855"
"2015-09-23","TableDesc.java","142887","398101","540988"
"2014-11-25","TableDesc.java","122428","255678","378106"
"2014-03-23","TableDesc.java","12543","24855","37398"
"2014-01-26","TableDesc.java","19549","31820","51369"
"2014-03-20","TableDesc.java","50948","81968","132916"
"2015-09-23","TableDesc.java","132103","406172","538275"
"2014-11-25","TableDesc.java","127231","279336","406567"
"2014-03-23","TableDesc.java","51033","82200","133233"
"2014-02-19","TableDesc.java","41485","60340","101825"
"2015-11-17","HashShuffleFileWriteExec.java","98435","205945","304380"
"2014-12-12","FileAppender.java","66674","149368","216042"
"2015-06-24","FileAppender.java","102949","258199","361148"
"2015-11-13","FileAppender.java","144752","342327","487079"
"2013-08-12","FileScanner.java","16923","10169","27092"
"2014-03-01","FileScanner.java","60888","140564","201452"
"2015-09-17","FileScanner.java","84545","415025","499570"
"2015-11-17","HashShuffleFileWriteExec.java","141565","405322","546887"
"2014-12-12","HashShuffleFileWriteExec.java","134647","283019","417666"
"2014-08-21","HashShuffleFileWriteExec.java","112034","177378","289412"
"2015-03-03","HashShuffleFileWriteExec.java","135136","291383","426519"
"2014-03-01","HashShuffleFileWriteExec.java","9608","14052","23660"
"2014-03-01","FileScanner.java","48902","135332","184234"
"2015-09-17","FileScanner.java","76299","413533","489832"
"2015-11-17","HashShuffleFileWriteExec.java","145423","404736","550159"
"2014-12-12","HashShuffleFileWriteExec.java","138158","282086","420244"
"2014-08-21","HashShuffleFileWriteExec.java","115163","176063","291226"
"2015-03-03","HashShuffleFileWriteExec.java","138616","290419","429035"
"2015-09-17","FileScanner.java","145221","396025","541246"
"2015-04-02","HavingExec.java","132757","303075","435832"
"2015-09-23","KeyTuple.java","113500","148505","262005"
"2015-07-29","KeyTuple.java","2685","2841","5526"
"2015-11-25","TableMeta.java","114869","416776","531645"
"2015-09-28","TableMeta.java","114747","413878","528625"
"2014-08-11","TableMeta.java","110825","208854","319679"
"2015-05-12","TableMeta.java","113467","328010","441477"
"2015-06-28","TableMeta.java","113538","372969","486507"
"2015-09-23","KeyTuple.java","111678","146527","258205"
"2015-09-17","FileTablespace.java","144812","279512","424324"
"2015-06-24","FileTablespace.java","100770","201150","301920"
"2015-06-25","FileTablespace.java","100773","201255","302028"
"2014-12-12","FileTablespace.java","60881","88705","149586"
"2014-12-18","FileTablespace.java","64016","92123","156139"
"2015-09-23","FileTablespace.java","145095","281988","427083"
"2015-05-15","FileTablespace.java","90591","146028","236619"
"2015-05-19","FileTablespace.java","97342","189120","286462"
"2015-06-26","FileTablespace.java","100836","201722","302558"
"2015-09-17","FileTablespace.java","144812","279512","424324"
"2015-06-24","FileTablespace.java","100770","201150","301920"
"2015-06-25","FileTablespace.java","100773","201255","302028"
"2014-12-12","FileTablespace.java","60881","88705","149586"
"2014-12-18","FileTablespace.java","64016","92123","156139"
"2015-09-23","FileTablespace.java","145095","281988","427083"
"2015-05-15","FileTablespace.java","90591","146028","236619"
"2015-05-19","FileTablespace.java","97342","189120","286462"
"2015-06-26","FileTablespace.java","100836","201722","302558"
"2015-09-23","FileTablespace.java","1713","3906","5619"
"2015-11-25","TableMeta.java","4823","7599","12422"
"2014-10-22","FileTablespace.java","18317","90287","108604"
"2014-10-22","FileTablespace.java","18317","90287","108604"
"2015-09-17","FileTablespace.java","133367","340037","473404"
"2015-06-24","FileTablespace.java","97410","269760","367170"
"2015-06-25","FileTablespace.java","97412","269864","367276"
"2014-12-12","FileTablespace.java","66716","166510","233226"
"2014-12-18","FileTablespace.java","69277","169354","238631"
"2015-09-23","FileTablespace.java","133504","342367","475871"
"2015-05-15","FileTablespace.java","91244","218651","309895"
"2015-05-19","FileTablespace.java","94878","258626","353504"
"2015-06-26","FileTablespace.java","97429","270285","367714"
"2015-07-22","MergeFullOuterJoinExec.java","97986","378575","476561"
"2015-10-30","MergeFullOuterJoinExec.java","98610","419341","517951"
"2014-02-20","MergeFullOuterJoinExec.java","47745","108430","156175"
"2015-04-02","MergeFullOuterJoinExec.java","97511","318650","416161"
"2015-11-25","TableMeta.java","98474","418173","516647"
"2013-10-27","TableMeta.java","18321","36113","54434"
"2015-09-28","TableMeta.java","98396","415319","513715"
"2014-08-11","TableMeta.java","95805","211626","307431"
"2015-05-12","TableMeta.java","97335","329670","427005"
"2015-06-28","TableMeta.java","97322","374545","471867"
"2015-10-30","MergeFullOuterJoinExec.java","115273","155415","270688"
"2015-09-17","FileTablespace.java","123914","158234","282148"
"2015-06-25","FileTablespace.java","1142","1244","2386"
"2015-09-23","FileTablespace.java","125009","161522","286531"
"2015-06-26","FileTablespace.java","1228","1734","2962"
"2015-11-25","TableMeta.java","140060","343938","483998"
"2015-09-28","TableMeta.java","139393","340495","479888"
"2015-05-12","TableMeta.java","89290","205804","295094"
"2015-06-28","TableMeta.java","99344","260746","360090"
"2015-09-17","FileTablespace.java","123084","157302","280386"
"2015-09-23","FileTablespace.java","124229","160640","284869"
"2015-06-26","FileTablespace.java","86","490","576"
"2015-11-25","TableMeta.java","93256","421193","514449"
"2013-10-27","TableMeta.java","21712","47742","69454"
"2015-09-28","TableMeta.java","93184","418345","511529"
"2013-10-04","TableMeta.java","5999","14237","20236"
"2014-08-11","TableMeta.java","90672","214731","305403"
"2015-05-12","TableMeta.java","92157","332730","424887"
"2015-06-28","TableMeta.java","92145","377606","469751"
"2015-09-22","TestHBaseTable.java","19572","41594","61166"
"2015-11-26","TestHBaseTable.java","25673","56036","81709"
"2015-09-23","TestHBaseTable.java","20710","44663","65373"
"2015-09-17","FileTablespace.java","113411","220287","333698"
"2015-06-24","FileTablespace.java","56224","128780","185004"
"2015-06-25","FileTablespace.java","56229","128887","185116"
"2014-12-18","FileTablespace.java","3812","4095","7907"
"2015-09-23","FileTablespace.java","113925","222994","336919"
"2015-05-15","FileTablespace.java","42047","69660","111707"
"2015-05-19","FileTablespace.java","51242","115196","166438"
"2015-06-26","FileTablespace.java","56306","129368","185674"
"2015-11-25","TableMeta.java","94307","181671","275978"
"2015-09-28","TableMeta.java","91782","176370","268152"
"2015-06-28","TableMeta.java","19554","64442","83996"
"2015-07-22","MergeFullOuterJoinExec.java","142345","362249","504594"
"2015-10-30","MergeFullOuterJoinExec.java","143723","403769","547492"
"2015-04-02","MergeFullOuterJoinExec.java","139955","300409","440364"
"2015-11-25","TableMeta.java","127059","169535","296594"
"2015-09-28","TableMeta.java","124375","164075","288450"
"2015-08-13","TestHBaseTable.java","27871","36546","64417"
"2015-08-14","TestHBaseTable.java","113213","124002","237215"
"2015-09-22","TestHBaseTable.java","123300","157780","281080"
"2015-08-21","TestHBaseTable.java","114400","126858","241258"
"2015-11-26","TestHBaseTable.java","127437","170258","297695"
"2015-09-23","TestHBaseTable.java","124229","160640","284869"
"2015-09-17","FileTablespace.java","112313","218906","331219"
"2015-06-24","FileTablespace.java","54725","126998","181723"
"2015-06-25","FileTablespace.java","54730","127105","181835"
"2015-09-23","FileTablespace.java","112836","221622","334458"
"2015-05-15","FileTablespace.java","40525","67855","108380"
"2015-05-19","FileTablespace.java","49728","113399","163127"
"2015-06-26","FileTablespace.java","54807","127586","182393"
"2015-11-26","TestHBaseTable.java","5749","12159","17908"
"2015-07-22","MergeFullOuterJoinExec.java","39036","98486","137522"
"2015-10-30","MergeFullOuterJoinExec.java","94348","193940","288288"
"2013-08-08","Function.java","16854","10029","26883"
"2015-07-22","MergeJoinExec.java","83983","381677","465660"
"2015-10-30","MergeJoinExec.java","84573","422409","506982"
"2015-04-02","MergeJoinExec.java","83604","321848","405452"
"2015-10-03","FunctionInvocation.java","149192","286812","436004"
"2015-04-18","FunctionInvocation.java","92487","142115","234602"
"2015-04-29","FunctionInvocation.java","92693","145203","237896"
"2015-10-30","MergeJoinExec.java","115273","155415","270688"
"2015-10-03","FunctionInvocation.java","93125","181117","274242"
"2015-04-29","FunctionInvocation.java","1668","4550","6218"
"2015-10-03","FunctionInvocation.java","92718","177828","270546"
"2015-05-08","FunctionSignature.java","93100","145230","238330"
"2015-09-17","FileTablespace.java","88888","168151","257039"
"2015-06-24","FileTablespace.java","16903","61846","78749"
"2015-06-25","FileTablespace.java","17320","62365","79685"
"2015-09-23","FileTablespace.java","89843","171299","261142"
"2015-05-19","FileTablespace.java","10332","46673","57005"
"2015-06-26","FileTablespace.java","17403","62852","80255"
"2015-05-08","FunctionUtil.java","93100","145230","238330"
"2015-07-22","MergeJoinExec.java","39036","98486","137522"
"2015-10-30","MergeJoinExec.java","94348","193940","288288"
"2015-04-29","UDFInvocationDesc.java","1668","4550","6218"
"2014-01-02","Partitioner.java","49672","111858","161530"
"2014-03-01","PartitionMergeScanExec.java","10783","16349","27132"
"2015-03-13","PartitionMergeScanExec.java","134720","294113","428833"
"2015-05-19","PartitionMergeScanExec.java","138212","351791","490003"
"2015-08-25","PartitionMergeScanExec.java","139917","375281","515198"
"2014-06-12","PartitionMergeScanExec.java","110520","158631","269151"
"2015-03-13","PartitionMergeScanExec.java","139084","292911","431995"
"2015-05-19","PartitionMergeScanExec.java","142890","350903","493793"
"2015-08-25","PartitionMergeScanExec.java","144754","374552","519306"
"2014-06-12","PartitionMergeScanExec.java","113849","156394","270243"
"2015-09-17","FileTablespace.java","122997","165919","288916"
"2015-06-24","FileTablespace.java","10605","19207","29812"
"2015-06-25","FileTablespace.java","11050","19754","30804"
"2015-09-23","FileTablespace.java","123973","169088","293061"
"2015-06-26","FileTablespace.java","11135","20243","31378"
"2015-05-19","PartitionMergeScanExec.java","23056","77242","100298"
"2015-08-25","PartitionMergeScanExec.java","88066","164037","252103"
"2015-08-25","PartitionMergeScanExec.java","117163","138948","256111"
"2015-09-17","FileTablespace.java","123086","156900","279986"
"2015-09-23","FileTablespace.java","124231","160238","284469"
"2013-08-26","FileFragment.java","24356","19797","44153"
"2014-04-10","FileFragment.java","61921","161024","222945"
"2013-10-28","FileFragment.java","44260","82382","126642"
"2013-08-08","TestColumnStat.java","16854","10029","26883"
"2013-10-27","TestColumnStat.java","43599","80820","124419"
"2014-04-10","FileFragment.java","48846","152508","201354"
"2013-10-28","FileFragment.java","26990","69671","96661"
"2015-09-13","TestInnerJoinWithSubQuery.java","124473","150320","274793"
"2013-10-27","TestColumnStat.java","29836","73882","103718"
"2014-04-30","TestInsertQuery.java","79962","184320","264282"
"2014-12-01","TestInsertQuery.java","80801","291431","372232"
"2014-07-15","TestInsertQuery.java","80294","210235","290529"
"2013-10-16","TestInsertQuery.java","16255","53165","69420"
"2013-10-27","TestInsertQuery.java","21871","58488","80359"
"2014-01-22","TestInsertQuery.java","33373","102568","135941"
"2013-09-23","TestInsertQuery.java","6222","17564","23786"
"2014-03-20","TestInsertQuery.java","46502","134890","181392"
"2014-12-03","TestInsertQuery.java","80801","291900","372701"
"2013-09-24","TestInsertQuery.java","6942","17891","24833"
"2015-06-24","TestInsertQuery.java","81960","377516","459476"
"2014-04-30","TestInsertQuery.java","80076","185815","265891"
"2014-07-26","TestInsertQuery.java","80433","211778","292211"
"2014-05-12","TestInsertQuery.java","80295","189459","269754"
"2015-10-23","TestInsertQuery.java","83026","419794","502820"
"2014-05-28","TestInsertQuery.java","80296","199285","279581"
"2015-11-26","TestInsertQuery.java","83057","421536","504593"
"2014-06-02","TestInsertQuery.java","80302","200232","280534"
"2014-12-01","TestInsertQuery.java","46917","153189","200106"
"2014-07-15","TestInsertQuery.java","9143","34726","43869"
"2014-12-03","TestInsertQuery.java","46926","153667","200593"
"2015-06-24","TestInsertQuery.java","93561","284759","378320"
"2014-07-26","TestInsertQuery.java","10267","37254","47521"
"2014-05-12","TestInsertQuery.java","1384","6190","7574"
"2015-10-23","TestInsertQuery.java","125102","357512","482614"
"2014-05-28","TestInsertQuery.java","2834","17465","20299"
"2015-11-26","TestInsertQuery.java","125551","359672","485223"
"2014-06-02","TestInsertQuery.java","3239","18811","22050"
"2014-04-10","FileFragment.java","47269","108250","155519"
"2014-12-03","TestInsertQuery.java","92","561","653"
"2015-06-24","TestInsertQuery.java","79812","164738","244550"
"2015-10-23","TestInsertQuery.java","129846","255984","385830"
"2015-11-26","TestInsertQuery.java","130738","258587","389325"
"2014-12-01","TestInsertQuery.java","44217","124906","169123"
"2014-12-03","TestInsertQuery.java","44226","125384","169610"
"2015-06-24","TestInsertQuery.java","98988","264603","363591"
"2014-07-26","TestInsertQuery.java","1217","2621","3838"
"2015-10-23","TestInsertQuery.java","138187","345014","483201"
"2015-11-26","TestInsertQuery.java","138707","347245","485952"
"2015-03-13","PartitionMergeScanExec.java","82429","193711","276140"
"2015-05-19","PartitionMergeScanExec.java","93680","259148","352828"
"2015-08-25","PartitionMergeScanExec.java","127327","314580","441907"
"2014-07-14","TestTableStat.java","82121","210050","292171"
"2013-08-08","TestTableStat.java","16854","10029","26883"
"2013-12-18","PhysicalExec.java","47541","105513","153054"
"2014-08-23","PhysicalExec.java","82390","271489","353879"
"2014-04-30","TestInsertQuery.java","112308","179756","292064"
"2014-12-01","TestInsertQuery.java","113494","287214","400708"
"2014-07-15","TestInsertQuery.java","112715","205746","318461"
"2013-10-27","TestInsertQuery.java","6751","6458","13209"
"2014-01-22","TestInsertQuery.java","25368","57653","83021"
"2014-03-20","TestInsertQuery.java","51666","103144","154810"
"2014-12-03","TestInsertQuery.java","113494","287683","401177"
"2015-06-24","TestInsertQuery.java","114721","373367","488088"
"2014-04-30","TestInsertQuery.java","112422","181251","293673"
"2014-07-26","TestInsertQuery.java","113017","207452","320469"
"2014-05-12","TestInsertQuery.java","112658","184912","297570"
"2015-10-23","TestInsertQuery.java","115957","415815","531772"
"2014-05-28","TestInsertQuery.java","112659","194738","307397"
"2015-11-26","TestInsertQuery.java","116026","417595","533621"
"2014-06-02","TestInsertQuery.java","112665","195685","308350"
"2014-08-23","PhysicalExec.java","126804","257931","384735"
"2015-11-17","HashShuffleAppenderManager.java","144643","343056","487699"
"2014-11-04","PhysicalPlanUtil.java","7011","13010","20021"
"2014-12-02","PhysicalPlanUtil.java","11195","26301","37496"
"2014-11-25","PhysicalPlanUtil.java","9599","23429","33028"
"2015-05-19","PhysicalPlanUtil.java","73663","164974","238637"
"2015-09-28","PhysicalPlanUtil.java","124121","264226","388347"
"2014-07-14","TestTableStat.java","73721","208475","282196"
"2014-10-25","PhysicalPlanUtil.java","34961","90298","125259"
"2014-11-04","PhysicalPlanUtil.java","41463","102799","144262"
"2014-12-02","PhysicalPlanUtil.java","44869","115312","160181"
"2014-11-25","PhysicalPlanUtil.java","43315","112482","155797"
"2015-05-19","PhysicalPlanUtil.java","99984","246632","346616"
"2015-09-28","PhysicalPlanUtil.java","144211","339653","483864"
"2014-10-25","PhysicalPlanUtil.java","90841","275983","366824"
"2014-08-21","PhysicalPlanUtil.java","90598","220403","311001"
"2014-11-04","PhysicalPlanUtil.java","90847","281988","372835"
"2014-12-02","PhysicalPlanUtil.java","90881","291129","382010"
"2014-11-25","PhysicalPlanUtil.java","90879","289851","380730"
"2015-05-19","PhysicalPlanUtil.java","92072","368525","460597"
"2014-01-17","PhysicalPlanUtil.java","33977","90798","124775"
"2015-09-28","PhysicalPlanUtil.java","93099","418346","511445"
"2014-12-02","PhysicalPlanUtil.java","4229","13336","17565"
"2014-11-25","PhysicalPlanUtil.java","2630","10461","13091"
"2015-05-19","PhysicalPlanUtil.java","74428","159740","234168"
"2015-09-28","PhysicalPlanUtil.java","126304","260410","386714"
"2014-04-16","TestCatalogUtil.java","62056","163147","225203"
"2014-03-20","TestCatalogUtil.java","61564","150556","212120"
"2014-04-08","TestCatalogUtil.java","61921","160469","222390"
"2014-10-15","TestCatalogUtil.java","82548","281343","363891"
"2015-05-19","PhysicalPlanUtil.java","76145","152350","228495"
"2015-09-28","PhysicalPlanUtil.java","129600","254599","384199"
"2014-10-15","TestCatalogUtil.java","121785","219489","341274"
"2014-12-02","PhysicalPlanUtil.java","1713","2989","4702"
"2015-05-19","PhysicalPlanUtil.java","75863","153344","229207"
"2015-09-28","PhysicalPlanUtil.java","128450","254725","383175"
"2014-04-16","TestCatalogUtil.java","3144","15243","18387"
"2014-04-08","TestCatalogUtil.java","1940","11496","13436"
"2014-10-15","TestCatalogUtil.java","117170","226973","344143"
"2014-04-16","TestCatalogUtil.java","1466","4009","5475"
"2014-10-15","TestCatalogUtil.java","121679","221926","343605"
"2014-04-30","TestInsertQuery.java","109954","177695","287649"
"2014-12-01","TestInsertQuery.java","111259","285272","396531"
"2014-07-15","TestInsertQuery.java","110392","203716","314108"
"2014-01-22","TestInsertQuery.java","19565","52143","71708"
"2014-03-20","TestInsertQuery.java","46782","98553","145335"
"2014-12-03","TestInsertQuery.java","111259","285741","397000"
"2015-06-24","TestInsertQuery.java","113463","372402","485865"
"2014-04-30","TestInsertQuery.java","110069","179191","289260"
"2014-07-26","TestInsertQuery.java","110694","205422","316116"
"2014-05-12","TestInsertQuery.java","110323","182870","293193"
"2015-10-23","TestInsertQuery.java","114792","414943","529735"
"2014-05-28","TestInsertQuery.java","110324","192696","303020"
"2015-11-26","TestInsertQuery.java","114870","416732","531602"
"2014-06-02","TestInsertQuery.java","110330","193643","303973"
"2013-09-16","TestColumn.java","15184","33114","48298"
"2015-09-28","PhysicalPlanUtil.java","124329","173123","297452"
"2013-08-14","TestFunctionDesc.java","22677","17814","40491"
"2014-01-20","TestFunctionDesc.java","50514","119658","170172"
"2013-10-04","TestFunctionDesc.java","34003","53379","87382"
"2015-04-18","TestFunctionDesc.java","83614","332037","415651"
"2013-08-08","TestFunctionDesc.java","16854","10029","26883"
"2014-01-20","TestFunctionDesc.java","37019","111026","148045"
"2013-10-04","TestFunctionDesc.java","16070","40309","56379"
"2015-04-18","TestFunctionDesc.java","77241","330527","407768"
"2014-04-30","TestInsertQuery.java","127163","162326","289489"
"2014-12-01","TestInsertQuery.java","131245","272680","403925"
"2014-07-15","TestInsertQuery.java","128121","188867","316988"
"2014-03-20","TestInsertQuery.java","37186","56379","93565"
"2014-12-03","TestInsertQuery.java","131248","273152","404400"
"2015-06-24","TestInsertQuery.java","135755","362116","497871"
"2014-04-30","TestInsertQuery.java","127296","163840","291136"
"2014-07-26","TestInsertQuery.java","128515","190665","319180"
"2014-05-12","TestInsertQuery.java","127623","167592","295215"
"2015-10-23","TestInsertQuery.java","137419","404992","542411"
"2014-05-28","TestInsertQuery.java","127902","177696","305598"
"2015-11-26","TestInsertQuery.java","137505","406789","544294"
"2014-06-02","TestInsertQuery.java","127880","178615","306495"
"2015-04-18","TestFunctionDesc.java","134545","313824","448369"
"2014-04-30","TestInsertQuery.java","90568","183584","274152"
"2014-12-01","TestInsertQuery.java","91596","290884","382480"
"2014-07-15","TestInsertQuery.java","90902","209501","300403"
"2013-10-16","TestInsertQuery.java","14380","39948","54328"
"2013-10-27","TestInsertQuery.java","20586","45861","66447"
"2014-01-22","TestInsertQuery.java","33739","91592","125331"
"2014-03-20","TestInsertQuery.java","53131","130177","183308"
"2014-12-03","TestInsertQuery.java","91596","291353","382949"
"2013-09-24","TestInsertQuery.java","790","397","1187"
"2015-06-24","TestInsertQuery.java","92779","376993","469772"
"2014-04-30","TestInsertQuery.java","90682","185079","275761"
"2014-07-26","TestInsertQuery.java","91203","211206","302409"
"2014-05-12","TestInsertQuery.java","90901","188723","279624"
"2015-10-23","TestInsertQuery.java","93865","419291","513156"
"2014-05-28","TestInsertQuery.java","90902","198549","289451"
"2015-11-26","TestInsertQuery.java","93896","421033","514929"
"2014-06-02","TestInsertQuery.java","90908","199496","290404"
"2014-01-20","TestFunctionDesc.java","32217","81985","114202"
"2015-04-18","TestFunctionDesc.java","97299","326346","423645"
"2014-10-25","PhysicalPlanUtil.java","128255","256576","384831"
"2014-08-21","PhysicalPlanUtil.java","127786","200770","328556"
"2014-11-04","PhysicalPlanUtil.java","129555","263875","393430"
"2014-12-02","PhysicalPlanUtil.java","129726","273153","402879"
"2014-11-25","PhysicalPlanUtil.java","129723","271874","401597"
"2015-05-19","PhysicalPlanUtil.java","133816","353448","487264"
"2015-09-28","PhysicalPlanUtil.java","135790","404216","540006"
"2013-08-14","TestFunctionDesc.java","6333","8295","14628"
"2014-01-20","TestFunctionDesc.java","38346","114315","152661"
"2013-10-04","TestFunctionDesc.java","19309","45510","64819"
"2015-04-18","TestFunctionDesc.java","75262","330510","405772"
"2015-11-17","HashShuffleAppenderWrapper.java","144643","343056","487699"
"2015-11-13","HashShuffleAppenderWrapper.java","144579","342488","487067"
"2015-09-23","HashShuffleAppenderWrapper.java","143976","336073","480049"
"2015-11-17","HashShuffleAppenderWrapper.java","896","1400","2296"
"2015-07-30","TestIndexDesc.java","84059","384589","468648"
"2014-04-30","TestInsertQuery.java","113924","129894","243818"
"2014-12-01","TestInsertQuery.java","128513","250755","379268"
"2014-07-15","TestInsertQuery.java","115277","156830","272107"
"2014-12-03","TestInsertQuery.java","128516","251227","379743"
"2015-06-24","TestInsertQuery.java","147333","354501","501834"
"2014-04-30","TestInsertQuery.java","114062","131413","245475"
"2014-07-26","TestInsertQuery.java","116085","159042","275127"
"2014-05-12","TestInsertQuery.java","114468","135244","249712"
"2015-10-23","TestInsertQuery.java","150354","398734","549088"
"2014-05-28","TestInsertQuery.java","114813","145414","260227"
"2015-11-26","TestInsertQuery.java","150622","400713","551335"
"2014-06-02","TestInsertQuery.java","114825","146367","261192"
"2015-06-24","TestInsertQuery.java","80058","164515","244573"
"2015-10-23","TestInsertQuery.java","130191","255860","386051"
"2015-11-26","TestInsertQuery.java","131084","258464","389548"
"2015-11-17","HashShuffleAppenderWrapper.java","4100","10416","14516"
"2015-11-13","HashShuffleAppenderWrapper.java","3282","9094","12376"
"2014-08-11","TestKeyValueSet.java","82338","217588","299926"
"2014-05-07","TestKeyValueSet.java","82117","188494","270611"
"2014-01-02","RangeShuffleFileWriteExec.java","49672","111858","161530"
"2015-08-10","RangeShuffleFileWriteExec.java","84081","388332","472413"
"2014-11-04","RangeShuffleFileWriteExec.java","82577","284823","367400"
"2014-12-12","RangeShuffleFileWriteExec.java","82600","306204","388804"
"2015-12-07","RangeShuffleFileWriteExec.java","84587","426248","510835"
"2015-07-22","RangeShuffleFileWriteExec.java","83983","381677","465660"
"2014-02-17","RangeShuffleFileWriteExec.java","60532","135764","196296"
"2015-08-10","RangeShuffleFileWriteExec.java","130960","373025","503985"
"2014-11-04","RangeShuffleFileWriteExec.java","125791","265851","391642"
"2014-12-12","RangeShuffleFileWriteExec.java","125985","287403","413388"
"2015-12-07","RangeShuffleFileWriteExec.java","131900","411375","543275"
"2015-07-22","RangeShuffleFileWriteExec.java","130753","366261","497014"
"2014-02-17","RangeShuffleFileWriteExec.java","31871","44917","76788"
"2015-12-07","RangeShuffleFileWriteExec.java","116195","153605","269800"
"2015-08-10","RangeShuffleFileWriteExec.java","88203","190208","278411"
"2014-12-12","RangeShuffleFileWriteExec.java","31589","52947","84536"
"2015-12-07","RangeShuffleFileWriteExec.java","127691","267106","394797"
"2015-07-22","RangeShuffleFileWriteExec.java","86693","182141","268834"
"2015-11-17","HashShuffleAppenderWrapper.java","144816","342895","487711"
"2015-11-13","HashShuffleAppenderWrapper.java","144752","342327","487079"
"2015-09-23","HashShuffleAppenderWrapper.java","144149","335912","480061"
"2014-08-11","TestKeyValueSet.java","10383","39256","49639"
"2014-04-30","TestInsertQuery.java","90169","183578","273747"
"2014-12-01","TestInsertQuery.java","91201","290882","382083"
"2014-07-15","TestInsertQuery.java","90506","209498","300004"
"2013-10-16","TestInsertQuery.java","13652","39613","53265"
"2013-10-27","TestInsertQuery.java","19865","45533","65398"
"2014-01-22","TestInsertQuery.java","33168","91414","124582"
"2014-03-20","TestInsertQuery.java","52588","130027","182615"
"2014-12-03","TestInsertQuery.java","91201","291351","382552"
"2015-06-24","TestInsertQuery.java","92384","376991","469375"
"2014-04-30","TestInsertQuery.java","90283","185073","275356"
"2014-07-26","TestInsertQuery.java","90808","211204","302012"
"2014-05-12","TestInsertQuery.java","90505","188720","279225"
"2015-10-23","TestInsertQuery.java","93469","419288","512757"
"2014-05-28","TestInsertQuery.java","90506","198546","289052"
"2015-11-26","TestInsertQuery.java","93500","421030","514530"
"2014-06-02","TestInsertQuery.java","90512","199493","290005"
"2015-08-10","RangeShuffleFileWriteExec.java","70672","151319","221991"
"2015-12-07","RangeShuffleFileWriteExec.java","116782","234839","351621"
"2015-07-22","RangeShuffleFileWriteExec.java","65825","139915","205740"
"2015-08-10","RangeShuffleFileWriteExec.java","7169","13726","20895"
"2015-12-07","RangeShuffleFileWriteExec.java","117781","161748","279529"
"2015-10-23","TestInsertQuery.java","126000","167212","293212"
"2015-11-26","TestInsertQuery.java","128196","171119","299315"
"2013-09-21","TestSchema.java","31160","42541","73701"
"2015-03-13","TestSchema.java","82779","315961","398740"
"2014-02-20","TestSchema.java","60749","138539","199288"
"2014-01-17","TestSchema.java","50436","118362","168798"
"2013-08-08","TestSchema.java","16854","10029","26883"
"2013-09-16","TestSchema.java","30877","41982","72859"
"2013-12-18","TestSchema.java","47541","105513","153054"
"2015-08-10","RangeShuffleFileWriteExec.java","140476","369495","509971"
"2014-11-04","RangeShuffleFileWriteExec.java","120640","247654","368294"
"2014-12-12","RangeShuffleFileWriteExec.java","134647","283019","417666"
"2015-12-07","RangeShuffleFileWriteExec.java","141600","408029","549629"
"2015-07-22","RangeShuffleFileWriteExec.java","140301","362763","503064"
"2014-03-26","BSTIndex.java","61637","151555","213192"
"2015-12-07","BSTIndex.java","84587","426248","510835"
"2013-09-24","BSTIndex.java","32312","43760","76072"
"2014-04-08","BSTIndex.java","61921","160469","222390"
"2015-07-22","BSTIndex.java","83983","381677","465660"
"2015-12-24","BSTIndex.java","84591","429333","513924"
"2014-01-27","BSTIndex.java","51302","121398","172700"
"2014-04-14","BSTIndex.java","61932","162732","224664"
"2014-07-22","BSTIndex.java","82247","213251","295498"
"2015-03-13","TestSchema.java","91418","313219","404637"
"2014-02-20","TestSchema.java","48193","114602","162795"
"2014-01-17","TestSchema.java","33424","89969","123393"
"2013-12-18","TestSchema.java","26232","72823","99055"
"2015-07-22","RightOuterMergeJoinExec.java","97986","378575","476561"
"2015-10-30","RightOuterMergeJoinExec.java","98610","419341","517951"
"2015-05-15","RightOuterMergeJoinExec.java","97507","331556","429063"
"2014-06-24","RightOuterMergeJoinExec.java","95554","202259","297813"
"2014-02-17","RightOuterMergeJoinExec.java","47050","105177","152227"
"2015-10-30","RightOuterMergeJoinExec.java","115273","155415","270688"
"2015-12-07","BSTIndex.java","151323","403066","554389"
"2014-04-08","BSTIndex.java","1553","10183","11736"
"2015-07-22","BSTIndex.java","149051","356827","505878"
"2015-12-24","BSTIndex.java","151329","406153","557482"
"2014-04-14","BSTIndex.java","2216","13098","15314"
"2014-07-22","BSTIndex.java","116597","157683","274280"
"2015-12-24","BSTIndex.java","5264","8345","13609"
"2014-12-01","TestInsertQuery.java","47291","152182","199473"
"2014-07-15","TestInsertQuery.java","8527","32729","41256"
"2014-12-03","TestInsertQuery.java","47300","152660","199960"
"2015-06-24","TestInsertQuery.java","93945","283762","377707"
"2014-07-26","TestInsertQuery.java","9651","35257","44908"
"2014-05-12","TestInsertQuery.java","723","4148","4871"
"2015-10-23","TestInsertQuery.java","126378","357407","483785"
"2014-05-28","TestInsertQuery.java","2174","15424","17598"
"2015-11-26","TestInsertQuery.java","126827","359567","486394"
"2014-06-02","TestInsertQuery.java","2579","16770","19349"
"2014-03-26","BSTIndex.java","51921","130391","182312"
"2015-12-07","BSTIndex.java","93372","423585","516957"
"2014-04-08","BSTIndex.java","52376","139476","191852"
"2015-07-22","BSTIndex.java","92687","378933","471620"
"2015-12-24","BSTIndex.java","93376","426670","520046"
"2014-01-27","BSTIndex.java","33274","91922","125196"
"2014-04-14","BSTIndex.java","52414","141766","194180"
"2014-07-22","BSTIndex.java","90678","210234","300912"
"2014-12-01","TestInsertQuery.java","43822","123107","166929"
"2014-12-03","TestInsertQuery.java","43831","123585","167416"
"2015-06-24","TestInsertQuery.java","98950","263161","362111"
"2015-10-23","TestInsertQuery.java","138404","343827","482231"
"2015-11-26","TestInsertQuery.java","138924","346058","484982"
"2014-12-01","TestInsertQuery.java","47271","148737","196008"
"2014-07-15","TestInsertQuery.java","7837","28614","36451"
"2014-12-03","TestInsertQuery.java","47280","149215","196495"
"2015-06-24","TestInsertQuery.java","94379","280771","375150"
"2014-07-26","TestInsertQuery.java","8964","31145","40109"
"2015-10-23","TestInsertQuery.java","128057","355661","483718"
"2014-05-28","TestInsertQuery.java","1460","11285","12745"
"2015-11-26","TestInsertQuery.java","128517","357832","486349"
"2014-06-02","TestInsertQuery.java","1866","12632","14498"
"2015-11-26","TestInsertQuery.java","3759","5470","9229"
"2015-03-13","TestSchema.java","137414","292806","430220"
"2015-03-13","TestSchema.java","130539","295795","426334"
"2014-02-20","TestSchema.java","28966","38830","67796"
"2014-12-01","TestInsertQuery.java","47434","139075","186509"
"2014-07-15","TestInsertQuery.java","6522","17474","23996"
"2014-12-03","TestInsertQuery.java","47443","139553","186996"
"2015-06-24","TestInsertQuery.java","95789","272356","368145"
"2014-07-26","TestInsertQuery.java","7653","20009","27662"
"2015-10-23","TestInsertQuery.java","130554","348333","478887"
"2015-11-26","TestInsertQuery.java","131055","350545","481600"
"2014-06-02","TestInsertQuery.java","408","1349","1757"
"2015-07-22","RightOuterMergeJoinExec.java","31147","77687","108834"
"2015-10-30","RightOuterMergeJoinExec.java","91133","177815","268948"
"2015-12-07","BSTIndex.java","158598","401711","560309"
"2015-07-22","BSTIndex.java","156141","355287","511428"
"2015-12-24","BSTIndex.java","158604","404798","563402"
"2014-04-14","BSTIndex.java","726","2978","3704"
"2014-07-22","BSTIndex.java","120502","152958","273460"
"2014-12-01","TestInsertQuery.java","47238","137938","185176"
"2014-07-15","TestInsertQuery.java","6135","16146","22281"
"2014-12-03","TestInsertQuery.java","47247","138416","185663"
"2015-06-24","TestInsertQuery.java","95726","271352","367078"
"2014-07-26","TestInsertQuery.java","7268","18683","25951"
"2015-10-23","TestInsertQuery.java","131145","347983","479128"
"2015-11-26","TestInsertQuery.java","131656","350205","481861"
"2013-09-21","TestSchema.java","16150","34356","50506"
"2015-03-13","TestSchema.java","74427","314434","388861"
"2014-02-20","TestSchema.java","48716","133331","182047"
"2014-01-17","TestSchema.java","38255","113006","151261"
"2013-09-16","TestSchema.java","15184","33114","48298"
"2013-12-18","TestSchema.java","33920","98717","132637"
"2013-09-21","TestSchema.java","1466","1742","3208"
"2015-03-13","TestSchema.java","91195","313272","404467"
"2014-02-20","TestSchema.java","48668","115353","164021"
"2014-01-17","TestSchema.java","33977","90798","124775"
"2013-12-18","TestSchema.java","27190","74057","101247"
"2015-12-07","BSTIndex.java","117781","161748","279529"
"2015-12-24","BSTIndex.java","118409","165457","283866"
"2015-03-13","TestSchema.java","127808","303018","430826"
"2014-02-20","TestSchema.java","41983","61801","103784"
"2014-01-17","TestSchema.java","15418","25372","40790"
"2015-07-22","RightOuterMergeJoinExec.java","103629","277513","381142"
"2015-10-30","RightOuterMergeJoinExec.java","134072","348098","482170"
"2015-05-15","RightOuterMergeJoinExec.java","91221","218565","309786"
"2015-07-22","TestJoinOnPartitionedTables.java","32672","41452","74124"
"2013-10-27","TestTableDesc.java","43599","80820","124419"
"2013-10-17","TestTableDesc.java","41469","78633","120102"
"2015-06-24","TestTableDesc.java","83566","379726","463292"
"2013-08-08","TestTableDesc.java","16854","10029","26883"
"2015-06-24","TestTableDesc.java","113463","372402","485865"
"2015-05-19","TestJoinOnPartitionedTables.java","138212","351791","490003"
"2014-07-07","TestJoinOnPartitionedTables.java","110567","157471","268038"
"2014-03-20","TestJoinOnPartitionedTables.java","14413","29295","43708"
"2014-06-24","TestJoinOnPartitionedTables.java","110521","160221","270742"
"2015-07-22","TestJoinOnPartitionedTables.java","139291","361650","500941"
"2013-10-27","TestTableDesc.java","4140","4197","8337"
"2015-06-24","TestTableDesc.java","114289","373285","487574"
"2015-05-19","TestJoinOnPartitionedTables.java","91256","257931","349187"
"2015-07-22","TestJoinOnPartitionedTables.java","100094","275549","375643"
"2015-07-22","RightOuterMergeJoinExec.java","140301","362763","503064"
"2015-10-30","RightOuterMergeJoinExec.java","141552","404156","545708"
"2015-05-15","RightOuterMergeJoinExec.java","139225","315147","454372"
"2014-06-24","RightOuterMergeJoinExec.java","110815","159393","270208"
"2015-04-02","SelectionExec.java","83604","321848","405452"
"2014-08-23","SelectionExec.java","82390","271489","353879"
"2015-05-19","TestJoinOnPartitionedTables.java","146888","345585","492473"
"2014-07-07","TestJoinOnPartitionedTables.java","114946","146968","261914"
"2014-06-24","TestJoinOnPartitionedTables.java","114900","149718","264618"
"2015-07-22","TestJoinOnPartitionedTables.java","148438","355915","504353"
"2015-04-02","SelectionExec.java","89742","138887","228629"
"2015-05-19","TestJoinOnPartitionedTables.java","94875","258754","353629"
"2014-07-07","TestJoinOnPartitionedTables.java","4584","1788","6372"
"2015-07-22","TestJoinOnPartitionedTables.java","103665","276324","379989"
"2013-10-27","TestTableDesc.java","29836","73882","103718"
"2013-10-17","TestTableDesc.java","27394","71383","98777"
"2015-06-24","TestTableDesc.java","75214","378199","453413"
"2014-12-12","SeqScanExec.java","82600","306204","388804"
"2014-04-05","SeqScanExec.java","61926","159903","221829"
"2014-01-07","SeqScanExec.java","49915","112247","162162"
"2015-04-02","SeqScanExec.java","83604","321848","405452"
"2013-12-18","SeqScanExec.java","47541","105513","153054"
"2013-08-12","SeqScanExec.java","16923","10169","27092"
"2015-05-11","SeqScanExec.java","83578","335331","418909"
"2015-06-28","SeqScanExec.java","83567","380219","463786"
"2015-06-25","SeqScanExec.java","83566","379962","463528"
"2015-09-14","SeqScanExec.java","84322","398530","482852"
"2015-11-18","SeqScanExec.java","84576","423658","508234"
"2014-08-23","SeqScanExec.java","82390","271489","353879"
"2015-09-17","SeqScanExec.java","84545","415025","499570"
"2014-03-01","SeqScanExec.java","60888","140564","201452"
"2015-03-13","SeqScanExec.java","82779","316282","399061"
"2014-12-02","SeqScanExec.java","82592","293945","376537"
"2015-04-02","SeqScanExec.java","34371","49011","83382"
"2015-05-11","SeqScanExec.java","39567","67716","107283"
"2015-06-28","SeqScanExec.java","56587","129635","186222"
"2015-06-25","SeqScanExec.java","56246","129038","185284"
"2015-09-14","SeqScanExec.java","112848","203452","316300"
"2015-11-18","SeqScanExec.java","116071","231549","347620"
"2015-09-17","SeqScanExec.java","113411","220287","333698"
"2015-03-13","SeqScanExec.java","28779","38678","67457"
"2014-12-12","SeqScanExec.java","148070","273697","421767"
"2015-04-02","SeqScanExec.java","152044","292311","444355"
"2015-05-11","SeqScanExec.java","154086","307862","461948"
"2015-06-28","SeqScanExec.java","154634","353309","507943"
"2015-06-25","SeqScanExec.java","154559","352978","507537"
"2015-09-14","SeqScanExec.java","157245","373476","530721"
"2015-11-18","SeqScanExec.java","158087","399192","557279"
"2014-08-23","SeqScanExec.java","120624","211746","332370"
"2015-09-17","SeqScanExec.java","157644","390147","547791"
"2015-03-13","SeqScanExec.java","149352","284878","434230"
"2014-12-02","SeqScanExec.java","132820","246196","379016"
"2013-10-27","TestTableMeta.java","29836","73882","103718"
"2015-09-28","TestTableMeta.java","76238","419415","495653"
"2015-05-12","TestTableMeta.java","75228","333817","409045"
"2014-12-12","SeqScanExec.java","126113","287385","413498"
"2014-04-05","SeqScanExec.java","41998","77643","119641"
"2015-04-02","SeqScanExec.java","129076","304988","434064"
"2015-05-11","SeqScanExec.java","129868","319289","449157"
"2015-06-28","SeqScanExec.java","130347","364667","495014"
"2015-06-25","SeqScanExec.java","130272","364336","494608"
"2015-09-14","SeqScanExec.java","131576","383452","515028"
"2015-11-18","SeqScanExec.java","131998","408748","540746"
"2014-08-23","SeqScanExec.java","124595","251362","375957"
"2015-09-17","SeqScanExec.java","131831","399979","531810"
"2014-03-01","SeqScanExec.java","38431","55775","94206"
"2015-03-13","SeqScanExec.java","126861","298032","424893"
"2014-12-02","SeqScanExec.java","126090","275111","401201"
"2013-08-08","TestTableMeta.java","16854","10029","26883"
"2013-10-27","TestTableMeta.java","43599","80820","124419"
"2015-09-28","TestTableMeta.java","84555","420907","505462"
"2015-05-12","TestTableMeta.java","83580","335344","418924"
"2015-05-11","SeqScanExec.java","7849","21358","29207"
"2015-06-28","SeqScanExec.java","26994","85402","112396"
"2015-06-25","SeqScanExec.java","26638","84790","111428"
"2015-09-14","SeqScanExec.java","91883","167847","259730"
"2015-11-18","SeqScanExec.java","95673","196511","292184"
"2015-09-17","SeqScanExec.java","92513","184749","277262"
"2014-12-12","SeqScanExec.java","127246","292878","420124"
"2014-04-05","SeqScanExec.java","51652","91657","143309"
"2014-01-07","SeqScanExec.java","11941","16301","28242"
"2015-04-02","SeqScanExec.java","130005","310277","440282"
"2015-05-11","SeqScanExec.java","130802","324583","455385"
"2015-06-28","SeqScanExec.java","130886","369566","500452"
"2015-06-25","SeqScanExec.java","130811","369235","500046"
"2015-09-14","SeqScanExec.java","131849","388085","519934"
"2015-11-18","SeqScanExec.java","132234","413344","545578"
"2014-08-23","SeqScanExec.java","126804","257931","384735"
"2015-09-17","SeqScanExec.java","132105","404613","536718"
"2014-03-01","SeqScanExec.java","48574","70278","118852"
"2015-03-13","SeqScanExec.java","127808","303339","431147"
"2014-12-02","SeqScanExec.java","127233","280614","407847"
"2014-12-12","SeqScanExec.java","74289","304647","378936"
"2014-04-05","SeqScanExec.java","50134","154865","204999"
"2014-01-07","SeqScanExec.java","36860","105946","142806"
"2015-04-02","SeqScanExec.java","75323","320321","395644"
"2013-12-18","SeqScanExec.java","33899","98625","132524"
"2015-05-11","SeqScanExec.java","75297","333804","409101"
"2015-06-28","SeqScanExec.java","75287","378693","453980"
"2015-06-25","SeqScanExec.java","75285","378435","453720"
"2015-09-14","SeqScanExec.java","76075","397037","473112"
"2015-11-18","SeqScanExec.java","76343","422179","498522"
"2014-08-23","SeqScanExec.java","74065","269918","343983"
"2015-09-17","SeqScanExec.java","76299","413533","489832"
"2014-03-01","SeqScanExec.java","48902","135332","184234"
"2015-03-13","SeqScanExec.java","74498","314755","389253"
"2014-12-02","SeqScanExec.java","74282","292389","366671"
"2015-09-28","TestTableMeta.java","114747","413878","528625"
"2015-05-12","TestTableMeta.java","113467","328010","441477"
"2015-06-28","SeqScanExec.java","20095","64994","85089"
"2015-06-25","SeqScanExec.java","19716","64359","84075"
"2015-09-14","SeqScanExec.java","89985","152440","242425"
"2015-11-18","SeqScanExec.java","94212","181541","275753"
"2015-09-17","SeqScanExec.java","90655","169382","260037"
"2015-09-14","SeqScanExec.java","121924","139480","261404"
"2015-11-18","SeqScanExec.java","126821","169251","296072"
"2015-09-17","SeqScanExec.java","122809","156637","279446"
"2015-06-28","SeqScanExec.java","392","648","1040"
"2015-09-14","SeqScanExec.java","122194","140006","262200"
"2015-11-18","SeqScanExec.java","127066","169752","296818"
"2015-09-17","SeqScanExec.java","123069","157153","280222"
"2015-09-28","TestTableMeta.java","91782","176370","268152"
"2015-11-18","SeqScanExec.java","7216","32090","39306"
"2015-09-17","SeqScanExec.java","1331","17603","18934"
"2015-09-04","TestJoinQuery.java","121113","143746","264859"
"2015-12-17","TestJoinQuery.java","130021","186592","316613"
"2015-08-25","TestJoinQuery.java","117163","138948","256111"
"2014-12-12","SeqScanExec.java","66675","101180","167855"
"2015-04-02","SeqScanExec.java","89742","138887","228629"
"2015-05-11","SeqScanExec.java","93203","155857","249060"
"2015-06-28","SeqScanExec.java","103515","211068","314583"
"2015-06-25","SeqScanExec.java","103283","210580","313863"
"2015-09-14","SeqScanExec.java","145179","270288","415467"
"2015-11-18","SeqScanExec.java","146682","296665","443347"
"2015-09-17","SeqScanExec.java","145698","287079","432777"
"2015-03-13","SeqScanExec.java","85535","129939","215474"
"2014-12-02","SeqScanExec.java","44755","67009","111764"
"2015-05-19","TestJoinQuery.java","94875","258754","353629"
"2014-07-11","TestJoinQuery.java","5652","9218","14870"
"2015-09-04","TestJoinQuery.java","129238","315750","444988"
"2014-08-11","TestJoinQuery.java","8451","19891","28342"
"2015-12-17","TestJoinQuery.java","134395","354845","489240"
"2014-06-27","TestJoinQuery.java","4552","1391","5943"
"2015-08-25","TestJoinQuery.java","128816","314480","443296"
"2014-06-26","TestJoinQuery.java","4428","678","5106"
"2014-03-26","BSTIndex.java","34624","54446","89070"
"2015-12-07","BSTIndex.java","137232","408797","546029"
"2014-04-08","BSTIndex.java","35797","64249","100046"
"2015-07-22","BSTIndex.java","135977","363575","499552"
"2015-12-24","BSTIndex.java","137236","411882","549118"
"2014-04-14","BSTIndex.java","36108","66812","102920"
"2014-07-22","BSTIndex.java","127871","188779","316650"
"2015-08-13","HiveCatalogStore.java","116273","381823","498096"
"2015-09-24","HiveCatalogStore.java","116722","413400","530122"
"2015-10-16","HiveCatalogStore.java","116757","414589","531346"
"2014-03-20","HiveCatalogStore.java","47382","96987","144369"
"2014-04-01","HiveCatalogStore.java","47837","103387","151224"
"2015-09-01","HiveCatalogStore.java","116452","386103","502555"
"2015-04-17","HiveCatalogStore.java","115321","320368","435689"
"2014-07-11","HiveCatalogStore.java","111685","199953","311638"
"2014-04-14","HiveCatalogStore.java","48127","109488","157615"
"2014-02-19","HiveCatalogStore.java","39437","76877","116314"
"2014-01-28","HiveCatalogStore.java","21409","52148","73557"
"2014-03-13","HiveCatalogStore.java","45991","90466","136457"
"2014-11-10","HiveCatalogStore.java","112500","277070","389570"
"2015-12-16","HiveCatalogStore.java","116860","419029","535889"
"2014-01-26","HiveCatalogStore.java","21120","51976","73096"
"2015-08-19","HiveCatalogStore.java","116348","385112","501460"
"2014-11-25","HiveCatalogStore.java","112573","283263","395836"
"2014-04-15","HiveCatalogStore.java","48296","109518","157814"
"2014-12-07","HiveCatalogStore.java","112575","285124","397699"
"2015-07-20","HiveCatalogStore.java","116011","373346","489357"
"2015-11-25","HiveCatalogStore.java","116859","416600","533459"
"2015-10-09","HiveCatalogStore.java","116757","414424","531181"
"2014-03-04","HiveCatalogStore.java","45813","86171","131984"
"2014-03-31","HiveCatalogStore.java","47837","102304","150141"
"2014-05-12","HiveCatalogStore.java","111608","182005","293613"
"2015-09-28","HiveCatalogStore.java","116736","413701","530437"
"2014-06-03","HiveCatalogStore.java","111615","192819","304434"
"2015-03-27","HiveCatalogStore.java","115299","314281","429580"
"2015-04-05","HiveCatalogStore.java","115323","314930","430253"
"2015-10-20","HiveCatalogStore.java","116781","414586","531367"
"2015-07-31","HiveCatalogStore.java","116096","377911","494007"
"2015-07-30","HiveCatalogStore.java","116098","377241","493339"
"2014-12-30","HiveCatalogStore.java","112776","303113","415889"
"2015-05-19","TestJoinQuery.java","94033","254346","348379"
"2015-09-04","TestJoinQuery.java","130459","313405","443864"
"2014-08-11","TestJoinQuery.java","3006","10880","13886"
"2015-12-17","TestJoinQuery.java","135940","352824","488764"
"2015-08-25","TestJoinQuery.java","130037","312135","442172"
"2015-09-24","HiveCatalogStore.java","109517","140645","250162"
"2015-10-16","HiveCatalogStore.java","110725","143007","253732"
"2015-09-01","HiveCatalogStore.java","98008","102109","200117"
"2015-12-16","HiveCatalogStore.java","114259","150878","265137"
"2015-08-19","HiveCatalogStore.java","95447","98661","194108"
"2015-11-25","HiveCatalogStore.java","113125","147316","260441"
"2015-10-09","HiveCatalogStore.java","110649","142766","253415"
"2015-09-28","HiveCatalogStore.java","109964","141379","251343"
"2015-10-20","HiveCatalogStore.java","110883","143138","254021"
"2015-11-18","SeqScanExec.java","6069","14671","20740"
"2015-05-19","TestJoinQuery.java","129874","355249","485123"
"2014-06-24","TestJoinQuery.java","123804","185300","309104"
"2014-07-11","TestJoinQuery.java","123926","188988","312914"
"2014-03-20","TestJoinQuery.java","41182","67860","109042"
"2015-09-04","TestJoinQuery.java","131562","379570","511132"
"2014-08-11","TestJoinQuery.java","124499","197435","321934"
"2015-12-17","TestJoinQuery.java","132010","413956","545966"
"2014-06-27","TestJoinQuery.java","123837","182172","306009"
"2015-08-25","TestJoinQuery.java","131448","378608","510056"
"2014-06-26","TestJoinQuery.java","123837","181583","305420"
"2015-10-16","HiveCatalogStore.java","1654","2808","4462"
"2015-12-16","HiveCatalogStore.java","6822","12313","19135"
"2015-11-25","HiveCatalogStore.java","5369","8432","13801"
"2015-10-09","HiveCatalogStore.java","1559","2548","4107"
"2015-09-28","HiveCatalogStore.java","592","879","1471"
"2015-10-20","HiveCatalogStore.java","1839","2966","4805"
"2015-05-19","TestJoinQuery.java","146888","345585","492473"
"2014-06-24","TestJoinQuery.java","114900","149718","264618"
"2014-07-11","TestJoinQuery.java","115221","153605","268826"
"2015-09-04","TestJoinQuery.java","149915","371245","521160"
"2014-08-11","TestJoinQuery.java","116292","162550","278842"
"2015-12-17","TestJoinQuery.java","150644","405912","556556"
"2014-06-27","TestJoinQuery.java","114945","146602","261547"
"2015-08-25","TestJoinQuery.java","149606","370088","519694"
"2014-06-26","TestJoinQuery.java","114944","146012","260956"
"2015-12-16","HiveCatalogStore.java","5211","9548","14759"
"2015-11-25","HiveCatalogStore.java","3752","5661","9413"
"2015-10-20","HiveCatalogStore.java","201","174","375"
"2015-08-13","HiveCatalogStore.java","149312","365257","514569"
"2015-09-24","HiveCatalogStore.java","150253","397326","547579"
"2015-10-16","HiveCatalogStore.java","150329","398556","548885"
"2014-04-01","HiveCatalogStore.java","1197","7142","8339"
"2015-09-01","HiveCatalogStore.java","149918","369964","519882"
"2015-04-17","HiveCatalogStore.java","146543","301985","448528"
"2014-07-11","HiveCatalogStore.java","115263","153926","269189"
"2014-04-14","HiveCatalogStore.java","2519","14275","16794"
"2014-11-10","HiveCatalogStore.java","126560","241525","368085"
"2015-12-16","HiveCatalogStore.java","150644","403208","553852"
"2015-08-19","HiveCatalogStore.java","149437","368596","518033"
"2014-11-25","HiveCatalogStore.java","127525","248610","376135"
"2014-04-15","HiveCatalogStore.java","3133","14750","17883"
"2014-12-07","HiveCatalogStore.java","128515","251459","379974"
"2015-07-20","HiveCatalogStore.java","148435","356165","504600"
"2015-11-25","HiveCatalogStore.java","150607","400743","551350"
"2015-10-09","HiveCatalogStore.java","150329","398391","548720"
"2014-03-31","HiveCatalogStore.java","1166","6028","7194"
"2014-05-12","HiveCatalogStore.java","114475","135267","249742"
"2015-09-28","HiveCatalogStore.java","150270","397630","547900"
"2014-06-03","HiveCatalogStore.java","114825","146424","261249"
"2015-03-27","HiveCatalogStore.java","144946","294323","439269"
"2015-04-05","HiveCatalogStore.java","145044","295046","440090"
"2015-10-20","HiveCatalogStore.java","150354","398554","548908"
"2015-07-31","HiveCatalogStore.java","148680","360890","509570"
"2015-07-30","HiveCatalogStore.java","148637","360175","508812"
"2014-12-30","HiveCatalogStore.java","141417","282149","423566"
"2015-12-17","TestJoinQuery.java","20703","54641","75344"
"2015-08-13","HiveCatalogStore.java","153868","363868","517736"
"2015-09-24","HiveCatalogStore.java","155032","396160","551192"
"2015-10-16","HiveCatalogStore.java","155121","397403","552524"
"2015-09-01","HiveCatalogStore.java","154548","368649","523197"
"2015-04-17","HiveCatalogStore.java","151072","300569","451641"
"2014-07-11","HiveCatalogStore.java","116715","149433","266148"
"2014-04-14","HiveCatalogStore.java","1451","7262","8713"
"2014-11-10","HiveCatalogStore.java","128165","237185","365350"
"2015-12-16","HiveCatalogStore.java","155466","402085","557551"
"2015-08-19","HiveCatalogStore.java","153995","367209","521204"
"2014-11-25","HiveCatalogStore.java","129161","244301","373462"
"2014-04-15","HiveCatalogStore.java","2179","7851","10030"
"2014-12-07","HiveCatalogStore.java","130174","247173","377347"
"2015-07-20","HiveCatalogStore.java","153034","354819","507853"
"2015-11-25","HiveCatalogStore.java","155424","399615","555039"
"2015-10-09","HiveCatalogStore.java","155120","397237","552357"
"2014-05-12","HiveCatalogStore.java","115845","130692","246537"
"2015-09-28","HiveCatalogStore.java","155054","396469","551523"
"2014-06-03","HiveCatalogStore.java","116259","141913","258172"
"2015-03-27","HiveCatalogStore.java","149254","292686","441940"
"2015-04-05","HiveCatalogStore.java","149359","293416","442775"
"2015-10-20","HiveCatalogStore.java","155146","397401","552547"
"2015-07-31","HiveCatalogStore.java","153282","359547","512829"
"2015-07-30","HiveCatalogStore.java","153247","358840","512087"
"2014-12-30","HiveCatalogStore.java","145663","280450","426113"
"2015-05-19","TestJoinQuery.java","96106","248545","344651"
"2015-09-04","TestJoinQuery.java","134748","309820","444568"
"2015-12-17","TestJoinQuery.java","140238","349248","489486"
"2015-08-25","TestJoinQuery.java","134306","308530","442836"
"2015-09-24","HiveCatalogStore.java","13791","40818","54609"
"2015-10-16","HiveCatalogStore.java","15140","43321","58461"
"2015-12-16","HiveCatalogStore.java","19774","52292","72066"
"2015-11-25","HiveCatalogStore.java","18529","48619","67148"
"2015-10-09","HiveCatalogStore.java","15058","43074","58132"
"2015-09-28","HiveCatalogStore.java","14293","41607","55900"
"2015-10-20","HiveCatalogStore.java","15323","43477","58800"
"2014-12-12","SeqScanExec.java","138158","282086","420244"
"2014-04-05","SeqScanExec.java","6198","24499","30697"
"2015-04-02","SeqScanExec.java","141628","300196","441824"
"2015-05-11","SeqScanExec.java","142866","314943","457809"
"2015-06-28","SeqScanExec.java","143368","360344","503712"
"2015-06-25","SeqScanExec.java","143293","360013","503306"
"2015-09-14","SeqScanExec.java","144875","379407","524282"
"2015-11-18","SeqScanExec.java","145423","404829","550252"
"2014-08-23","SeqScanExec.java","115239","224662","339901"
"2015-09-17","SeqScanExec.java","145221","396025","541246"
"2015-03-13","SeqScanExec.java","139084","292911","431995"
"2014-12-02","SeqScanExec.java","125671","257348","383019"
"2015-08-13","HiveCatalogStore.java","42946","103449","146395"
"2015-09-24","HiveCatalogStore.java","92196","183827","276023"
"2015-10-16","HiveCatalogStore.java","92881","185666","278547"
"2015-09-01","HiveCatalogStore.java","84404","149008","233412"
"2015-12-16","HiveCatalogStore.java","95768","192890","288658"
"2015-08-19","HiveCatalogStore.java","82849","146566","229415"
"2015-07-20","HiveCatalogStore.java","34280","86568","120848"
"2015-11-25","HiveCatalogStore.java","94930","189624","284554"
"2015-10-09","HiveCatalogStore.java","92816","185436","278252"
"2015-09-28","HiveCatalogStore.java","92455","184373","276828"
"2015-10-20","HiveCatalogStore.java","92987","185745","278732"
"2015-07-31","HiveCatalogStore.java","40914","97682","138596"
"2015-07-30","HiveCatalogStore.java","40695","96791","137486"
"2015-05-19","TestJoinQuery.java","91005","258045","349050"
"2014-07-11","TestJoinQuery.java","1135","7862","8997"
"2015-09-04","TestJoinQuery.java","125769","315442","441211"
"2014-08-11","TestJoinQuery.java","4003","18604","22607"
"2015-12-17","TestJoinQuery.java","130929","354540","485469"
"2015-08-25","TestJoinQuery.java","125347","314172","439519"
"2015-08-13","HiveCatalogStore.java","104983","282265","387248"
"2015-09-24","HiveCatalogStore.java","135305","343715","479020"
"2015-10-16","HiveCatalogStore.java","135488","345052","480540"
"2015-09-01","HiveCatalogStore.java","130710","312093","442803"
"2015-04-17","HiveCatalogStore.java","86888","203667","290555"
"2014-11-10","HiveCatalogStore.java","41208","117510","158718"
"2015-12-16","HiveCatalogStore.java","136194","350095","486289"
"2015-08-19","HiveCatalogStore.java","129811","310307","440118"
"2014-11-25","HiveCatalogStore.java","42765","125187","167952"
"2014-12-07","HiveCatalogStore.java","44339","128620","172959"
"2015-07-20","HiveCatalogStore.java","102564","271631","374195"
"2015-11-25","HiveCatalogStore.java","136014","347487","483501"
"2015-10-09","HiveCatalogStore.java","135487","344886","480373"
"2015-09-28","HiveCatalogStore.java","135351","344048","479399"
"2015-03-27","HiveCatalogStore.java","82846","193560","276406"
"2015-04-05","HiveCatalogStore.java","84272","195611","279883"
"2015-10-20","HiveCatalogStore.java","135519","345056","480575"
"2015-07-31","HiveCatalogStore.java","103996","277543","381539"
"2015-07-30","HiveCatalogStore.java","103958","276833","380791"
"2014-12-30","HiveCatalogStore.java","69621","171690","241311"
"2015-04-02","SeqScanExec.java","7032","11773","18805"
"2015-05-11","SeqScanExec.java","12987","31237","44224"
"2015-06-28","SeqScanExec.java","31794","94943","126737"
"2015-06-25","SeqScanExec.java","31450","94343","125793"
"2015-09-14","SeqScanExec.java","94804","175509","270313"
"2015-11-18","SeqScanExec.java","98405","203984","302389"
"2015-09-17","SeqScanExec.java","95391","192368","287759"
"2015-08-13","HiveCatalogStore.java","158333","362522","520855"
"2015-09-24","HiveCatalogStore.java","159537","394854","554391"
"2015-10-16","HiveCatalogStore.java","159632","396103","555735"
"2015-09-01","HiveCatalogStore.java","159039","367329","526368"
"2015-04-17","HiveCatalogStore.java","155447","299133","454580"
"2014-07-11","HiveCatalogStore.java","120039","146946","266985"
"2014-11-10","HiveCatalogStore.java","132162","235371","367533"
"2015-12-16","HiveCatalogStore.java","159985","400793","560778"
"2015-08-19","HiveCatalogStore.java","158460","365863","524323"
"2014-11-25","HiveCatalogStore.java","133159","242488","375647"
"2014-04-15","HiveCatalogStore.java","797","658","1455"
"2014-12-07","HiveCatalogStore.java","134172","245360","379532"
"2015-07-20","HiveCatalogStore.java","157450","353424","510874"
"2015-11-25","HiveCatalogStore.java","159943","398323","558266"
"2015-10-09","HiveCatalogStore.java","159631","395937","555568"
"2014-05-12","HiveCatalogStore.java","119156","128192","247348"
"2015-09-28","HiveCatalogStore.java","159561","395165","554726"
"2014-06-03","HiveCatalogStore.java","119569","139412","258981"
"2015-03-27","HiveCatalogStore.java","153492","291113","444605"
"2015-04-05","HiveCatalogStore.java","153695","291941","445636"
"2015-10-20","HiveCatalogStore.java","159657","396101","555758"
"2015-07-31","HiveCatalogStore.java","157705","358159","515864"
"2015-07-30","HiveCatalogStore.java","157670","357452","515122"
"2014-12-30","HiveCatalogStore.java","149862","278838","428700"
"2014-12-12","SeqScanExec.java","30830","43081","73911"
"2015-04-02","SeqScanExec.java","63076","89967","153043"
"2015-05-11","SeqScanExec.java","67785","108185","175970"
"2015-06-28","SeqScanExec.java","80101","165400","245501"
"2015-06-25","SeqScanExec.java","79845","164888","244733"
"2015-09-14","SeqScanExec.java","128467","231322","359789"
"2015-11-18","SeqScanExec.java","130661","258390","389051"
"2015-09-17","SeqScanExec.java","129048","248175","377223"
"2015-03-13","SeqScanExec.java","58102","80252","138354"
"2015-09-04","TestJoinQuery.java","4665","5513","10178"
"2015-12-17","TestJoinQuery.java","25018","59804","84822"
"2014-01-25","SortAggregateExec.java","51141","121619","172760"
"2015-07-22","SortAggregateExec.java","83983","381677","465660"
"2015-12-03","SortAggregateExec.java","84587","425586","510173"
"2014-06-11","SortAggregateExec.java","82129","204063","286192"
"2014-05-16","SortAggregateExec.java","82133","193561","275694"
"2015-05-19","TestJoinQuery.java","83580","371269","454849"
"2014-06-24","TestJoinQuery.java","82129","205939","288068"
"2014-07-11","TestJoinQuery.java","82121","209497","291618"
"2014-01-07","TestJoinQuery.java","49915","112229","162144"
"2014-03-20","TestJoinQuery.java","61564","150556","212120"
"2015-09-04","TestJoinQuery.java","84320","394642","478962"
"2014-08-11","TestJoinQuery.java","82338","217588","299926"
"2015-12-17","TestJoinQuery.java","84587","428847","513434"
"2014-06-27","TestJoinQuery.java","82124","202773","284897"
"2015-08-25","TestJoinQuery.java","84220","393694","477914"
"2014-06-26","TestJoinQuery.java","82124","202184","284308"
"2015-12-07","BSTIndex.java","159975","400836","560811"
"2015-07-22","BSTIndex.java","157438","354332","511770"
"2015-12-24","BSTIndex.java","159981","403923","563904"
"2014-07-22","BSTIndex.java","120837","151041","271878"
"2015-07-22","SortAggregateExec.java","136900","364116","501016"
"2015-12-03","SortAggregateExec.java","138035","408556","546591"
"2014-06-11","SortAggregateExec.java","128475","179931","308406"
"2014-05-16","SortAggregateExec.java","128116","169066","297182"
"2015-12-03","SortAggregateExec.java","117502","160807","278309"
"2015-12-07","BSTIndex.java","138151","348808","486959"
"2015-07-22","BSTIndex.java","104601","271291","375892"
"2015-12-24","BSTIndex.java","138294","352032","490326"
"2015-08-13","HiveCatalogStore.java","142146","370256","512402"
"2015-09-24","HiveCatalogStore.java","142904","402142","545046"
"2015-10-16","HiveCatalogStore.java","142963","403355","546318"
"2014-03-20","HiveCatalogStore.java","12345","24510","36855"
"2014-04-01","HiveCatalogStore.java","13259","31369","44628"
"2015-09-01","HiveCatalogStore.java","142518","374729","517247"
"2015-04-17","HiveCatalogStore.java","140178","307785","447963"
"2014-07-11","HiveCatalogStore.java","112015","162843","274858"
"2014-04-14","HiveCatalogStore.java","14308","38229","52537"
"2014-03-13","HiveCatalogStore.java","8576","15611","24187"
"2014-11-10","HiveCatalogStore.java","121759","248889","370648"
"2015-12-16","HiveCatalogStore.java","142980","407709","550689"
"2015-08-19","HiveCatalogStore.java","142230","373554","515784"
"2014-11-25","HiveCatalogStore.java","122428","255678","378106"
"2014-04-15","HiveCatalogStore.java","14861","38643","53504"
"2014-12-07","HiveCatalogStore.java","123418","258527","381945"
"2015-07-20","HiveCatalogStore.java","141556","361451","503007"
"2015-11-25","HiveCatalogStore.java","142976","405277","548253"
"2015-10-09","HiveCatalogStore.java","142963","403190","546153"
"2014-03-04","HiveCatalogStore.java","8058","10976","19034"
"2014-03-31","HiveCatalogStore.java","13258","30285","43543"
"2014-05-12","HiveCatalogStore.java","111359","144316","255675"
"2015-09-28","HiveCatalogStore.java","142919","402444","545363"
"2014-06-03","HiveCatalogStore.java","111707","155471","267178"
"2015-03-27","HiveCatalogStore.java","139134","300676","439810"
"2015-04-05","HiveCatalogStore.java","139172","301339","440511"
"2015-10-20","HiveCatalogStore.java","142988","403353","546341"
"2015-07-31","HiveCatalogStore.java","141675","366050","507725"
"2015-07-30","HiveCatalogStore.java","141676","365379","507055"
"2014-12-30","HiveCatalogStore.java","135924","288821","424745"
"2015-08-13","HiveCatalogStore.java","136382","371193","507575"
"2015-09-24","HiveCatalogStore.java","137094","403033","540127"
"2015-10-16","HiveCatalogStore.java","137153","404246","541399"
"2014-03-20","HiveCatalogStore.java","34430","53296","87726"
"2014-04-01","HiveCatalogStore.java","35130","59941","95071"
"2015-09-01","HiveCatalogStore.java","136758","375670","512428"
"2015-04-17","HiveCatalogStore.java","134721","309029","443750"
"2014-07-11","HiveCatalogStore.java","127439","184968","312407"
"2014-04-14","HiveCatalogStore.java","36058","66680","102738"
"2014-02-19","HiveCatalogStore.java","23550","30251","53801"
"2014-03-13","HiveCatalogStore.java","31741","45477","77218"
"2014-11-10","HiveCatalogStore.java","130450","264281","394731"
"2015-12-16","HiveCatalogStore.java","137258","408688","545946"
"2015-08-19","HiveCatalogStore.java","136471","374496","510967"
"2014-11-25","HiveCatalogStore.java","130636","270587","401223"
"2014-04-15","HiveCatalogStore.java","36579","67062","103641"
"2014-12-07","HiveCatalogStore.java","130641","272451","403092"
"2015-07-20","HiveCatalogStore.java","136004","362600","498604"
"2015-11-25","HiveCatalogStore.java","137254","406256","543510"
"2015-10-09","HiveCatalogStore.java","137153","404081","541234"
"2014-03-04","HiveCatalogStore.java","31326","40945","72271"
"2014-03-31","HiveCatalogStore.java","35130","58858","93988"
"2014-05-12","HiveCatalogStore.java","126893","166551","293444"
"2015-09-28","HiveCatalogStore.java","137109","403335","540444"
"2014-06-03","HiveCatalogStore.java","127185","177650","304835"
"2015-03-27","HiveCatalogStore.java","133770","302013","435783"
"2015-04-05","HiveCatalogStore.java","133808","302676","436484"
"2015-10-20","HiveCatalogStore.java","137178","404244","541422"
"2015-07-31","HiveCatalogStore.java","136110","367186","503296"
"2015-07-30","HiveCatalogStore.java","136115","366519","502634"
"2014-12-30","HiveCatalogStore.java","130897","290495","421392"
"2015-05-19","TestJoinQuery.java","90876","258505","349381"
"2014-07-11","TestJoinQuery.java","1226","8542","9768"
"2015-09-04","TestJoinQuery.java","125351","315613","440964"
"2014-08-11","TestJoinQuery.java","4056","19246","23302"
"2015-12-17","TestJoinQuery.java","130508","354708","485216"
"2014-06-27","TestJoinQuery.java","124","713","837"
"2015-08-25","TestJoinQuery.java","124929","314343","439272"
"2015-07-22","SortAggregateExec.java","102184","277944","380128"
"2015-12-03","SortAggregateExec.java","132608","351673","484281"
"2015-08-13","HiveCatalogStore.java","146025","367100","513125"
"2015-09-24","HiveCatalogStore.java","146835","399038","545873"
"2015-10-16","HiveCatalogStore.java","146894","400251","547145"
"2014-03-20","HiveCatalogStore.java","4067","9197","13264"
"2014-04-01","HiveCatalogStore.java","5073","16148","21221"
"2015-09-01","HiveCatalogStore.java","146439","371615","518054"
"2015-04-17","HiveCatalogStore.java","144122","304694","448816"
"2014-07-11","HiveCatalogStore.java","114845","158638","273483"
"2014-04-14","HiveCatalogStore.java","6180","23066","29246"
"2014-11-10","HiveCatalogStore.java","124791","244886","369677"
"2015-12-16","HiveCatalogStore.java","147055","404749","551804"
"2015-08-19","HiveCatalogStore.java","146150","370439","516589"
"2014-11-25","HiveCatalogStore.java","125529","251744","377273"
"2014-04-15","HiveCatalogStore.java","6792","23539","30331"
"2014-12-07","HiveCatalogStore.java","126519","254593","381112"
"2015-07-20","HiveCatalogStore.java","145554","358414","503968"
"2015-11-25","HiveCatalogStore.java","147020","402286","549306"
"2015-10-09","HiveCatalogStore.java","146894","400086","546980"
"2014-03-31","HiveCatalogStore.java","5043","15035","20078"
"2014-05-12","HiveCatalogStore.java","114119","140041","254160"
"2015-09-28","HiveCatalogStore.java","146850","399340","546190"
"2014-06-03","HiveCatalogStore.java","114469","151198","265667"
"2015-03-27","HiveCatalogStore.java","142800","297307","440107"
"2015-04-05","HiveCatalogStore.java","142839","297971","440810"
"2015-10-20","HiveCatalogStore.java","146919","400249","547168"
"2015-07-31","HiveCatalogStore.java","145676","363016","508692"
"2015-07-30","HiveCatalogStore.java","145677","362345","508022"
"2014-12-30","HiveCatalogStore.java","139350","285212","424562"
"2015-08-13","HiveCatalogStore.java","90402","191382","281784"
"2015-09-24","HiveCatalogStore.java","127745","259853","387598"
"2015-10-16","HiveCatalogStore.java","128053","261315","389368"
"2015-09-01","HiveCatalogStore.java","122218","227299","349517"
"2015-04-17","HiveCatalogStore.java","66380","106857","173237"
"2015-12-16","HiveCatalogStore.java","129319","266918","396237"
"2015-08-19","HiveCatalogStore.java","121122","225316","346438"
"2014-11-25","HiveCatalogStore.java","2435","8555","10990"
"2014-12-07","HiveCatalogStore.java","4232","12211","16443"
"2015-07-20","HiveCatalogStore.java","86697","179462","266159"
"2015-11-25","HiveCatalogStore.java","128956","264127","393083"
"2015-10-09","HiveCatalogStore.java","128052","261149","389201"
"2015-09-28","HiveCatalogStore.java","127839","260234","388073"
"2015-03-27","HiveCatalogStore.java","61200","95612","156812"
"2015-04-05","HiveCatalogStore.java","63192","98229","161421"
"2015-10-20","HiveCatalogStore.java","128114","261349","389463"
"2015-07-31","HiveCatalogStore.java","89183","186428","275611"
"2015-07-30","HiveCatalogStore.java","89146","185719","274865"
"2014-12-30","HiveCatalogStore.java","41125","66892","108017"
"2015-07-20","TestMultipleJoinTypes.java","29163","38196","67359"
"2015-08-13","HiveCatalogStore.java","136570","371264","507834"
"2015-09-24","HiveCatalogStore.java","137277","403099","540376"
"2015-10-16","HiveCatalogStore.java","137336","404312","541648"
"2014-03-20","HiveCatalogStore.java","34723","53472","88195"
"2014-04-01","HiveCatalogStore.java","35422","60116","95538"
"2015-09-01","HiveCatalogStore.java","136941","375736","512677"
"2015-04-17","HiveCatalogStore.java","134940","309131","444071"
"2014-07-11","HiveCatalogStore.java","127705","185117","312822"
"2014-04-14","HiveCatalogStore.java","36350","66855","103205"
"2014-02-19","HiveCatalogStore.java","23850","30434","54284"
"2014-01-28","HiveCatalogStore.java","603","486","1089"
"2014-03-13","HiveCatalogStore.java","32039","45658","77697"
"2014-11-10","HiveCatalogStore.java","130691","264405","395096"
"2015-12-16","HiveCatalogStore.java","137441","408754","546195"
"2015-08-19","HiveCatalogStore.java","136658","374566","511224"
"2014-11-25","HiveCatalogStore.java","130877","270711","401588"
"2014-04-15","HiveCatalogStore.java","36867","67233","104100"
"2014-12-07","HiveCatalogStore.java","130882","272575","403457"
"2015-07-20","HiveCatalogStore.java","136191","362670","498861"
"2015-11-25","HiveCatalogStore.java","137437","406322","543759"
"2015-10-09","HiveCatalogStore.java","137336","404147","541483"
"2014-03-04","HiveCatalogStore.java","31626","41128","72754"
"2014-03-31","HiveCatalogStore.java","35422","59033","94455"
"2014-05-12","HiveCatalogStore.java","127162","166703","293865"
"2015-09-28","HiveCatalogStore.java","137292","403401","540693"
"2014-06-03","HiveCatalogStore.java","127451","177799","305250"
"2015-03-27","HiveCatalogStore.java","134003","302129","436132"
"2015-04-05","HiveCatalogStore.java","134041","302792","436833"
"2015-10-20","HiveCatalogStore.java","137361","404310","541671"
"2015-07-31","HiveCatalogStore.java","136297","367256","503553"
"2015-07-30","HiveCatalogStore.java","136302","366589","502891"
"2014-12-30","HiveCatalogStore.java","131137","290618","421755"
"2015-07-22","SortAggregateExec.java","100467","286733","387200"
"2015-12-03","SortAggregateExec.java","129324","358895","488219"
"2014-06-11","SortAggregateExec.java","2015","12521","14536"
"2014-03-13","TestNullValues.java","61023","144885","205908"
"2015-02-14","TestNullValues.java","82704","313326","396030"
"2015-11-26","TestNullValues.java","84587","423670","508257"
"2013-08-14","TestNullValues.java","22677","17814","40491"
"2013-09-27","TestNullValues.java","32326","43982","76308"
"2014-05-28","TestNullValues.java","82134","201727","283861"
"2014-09-22","TestNullValues.java","82389","274013","356402"
"2015-09-24","HiveCatalogStore.java","23589","51503","75092"
"2015-10-16","HiveCatalogStore.java","24914","53982","78896"
"2015-09-01","HiveCatalogStore.java","10039","10926","20965"
"2015-12-16","HiveCatalogStore.java","29386","62791","92177"
"2015-11-25","HiveCatalogStore.java","28150","59127","87277"
"2015-10-09","HiveCatalogStore.java","24832","53735","78567"
"2015-09-28","HiveCatalogStore.java","24083","52284","76367"
"2015-10-20","HiveCatalogStore.java","25089","54130","79219"
"2015-02-14","TestNullValues.java","139801","286561","426362"
"2015-11-26","TestNullValues.java","147035","402256","549291"
"2014-05-28","TestNullValues.java","114457","150188","264645"
"2014-09-22","TestNullValues.java","116082","223844","339926"
"2015-04-07","JsonLineDeserializer.java","63143","96626","159769"
"2015-08-19","JsonLineDeserializer.java","122669","219708","342377"
"2015-05-11","JsonLineDeserializer.java","67681","108322","176003"
"2015-08-04","JsonLineDeserializer.java","90613","182630","273243"
"2015-09-03","JsonLineDeserializer.java","123788","222632","346420"
"2014-12-12","JsonLineDeserializer.java","30785","43428","74213"
"2015-08-13","HiveCatalogStore.java","90608","185468","276076"
"2015-09-24","HiveCatalogStore.java","128352","254340","382692"
"2015-10-16","HiveCatalogStore.java","128694","255836","384530"
"2015-09-01","HiveCatalogStore.java","122785","221746","344531"
"2015-04-17","HiveCatalogStore.java","66174","100531","166705"
"2015-12-16","HiveCatalogStore.java","129966","261445","391411"
"2015-08-19","HiveCatalogStore.java","121687","219761","341448"
"2014-12-07","HiveCatalogStore.java","1808","3667","5475"
"2015-07-20","HiveCatalogStore.java","86766","173411","260177"
"2015-11-25","HiveCatalogStore.java","129599","258650","388249"
"2015-10-09","HiveCatalogStore.java","128693","255670","384363"
"2015-09-28","HiveCatalogStore.java","128450","254725","383175"
"2015-03-27","HiveCatalogStore.java","60950","89242","150192"
"2015-04-05","HiveCatalogStore.java","62953","91870","154823"
"2015-10-20","HiveCatalogStore.java","128755","255870","384625"
"2015-07-31","HiveCatalogStore.java","89331","180456","269787"
"2015-07-30","HiveCatalogStore.java","89294","179747","269041"
"2014-12-30","HiveCatalogStore.java","40392","60039","100431"
"2015-11-26","TestNullValues.java","98823","207284","306107"
"2015-08-19","JsonLineDeserializer.java","85927","149483","235410"
"2015-05-11","JsonLineDeserializer.java","7598","14756","22354"
"2015-08-04","JsonLineDeserializer.java","44875","103409","148284"
"2015-09-03","JsonLineDeserializer.java","90326","155687","246013"
"2015-09-03","JsonLineDeserializer.java","13514","15319","28833"
"2015-07-24","SortBasedColPartitionStoreExec.java","137127","363311","500438"
"2014-08-21","SortBasedColPartitionStoreExec.java","110754","180202","290956"
"2014-02-17","SortBasedColPartitionStoreExec.java","2745","7119","9864"
"2015-11-02","SortBasedColPartitionStoreExec.java","138323","404709","543032"
"2015-11-02","SortBasedColPartitionStoreExec.java","113611","153813","267424"
"2015-08-19","JsonLineDeserializer.java","81795","138193","219988"
"2015-08-04","JsonLineDeserializer.java","39148","90524","129672"
"2015-09-03","JsonLineDeserializer.java","86456","144659","231115"
"2014-03-13","TestNullValues.java","47889","136614","184503"
"2015-02-14","TestNullValues.java","76290","311775","388065"
"2015-11-26","TestNullValues.java","78257","422203","500460"
"2013-09-27","TestNullValues.java","14199","30718","44917"
"2014-05-28","TestNullValues.java","75701","200157","275858"
"2014-09-22","TestNullValues.java","75972","272459","348431"
"2015-08-19","JsonLineDeserializer.java","98300","103322","201622"
"2015-09-03","JsonLineDeserializer.java","103980","110807","214787"
"2015-08-13","HiveCatalogStore.java","158058","362386","520444"
"2015-09-24","HiveCatalogStore.java","159279","394735","554014"
"2015-10-16","HiveCatalogStore.java","159375","395985","555360"
"2015-09-01","HiveCatalogStore.java","158780","367209","525989"
"2015-04-17","HiveCatalogStore.java","155132","298957","454089"
"2014-07-11","HiveCatalogStore.java","119449","146495","265944"
"2014-11-10","HiveCatalogStore.java","131711","235059","366770"
"2015-12-16","HiveCatalogStore.java","159728","400675","560403"
"2015-08-19","HiveCatalogStore.java","158185","365727","523912"
"2014-11-25","HiveCatalogStore.java","132709","242177","374886"
"2014-12-07","HiveCatalogStore.java","133722","245049","378771"
"2015-07-20","HiveCatalogStore.java","157172","353285","510457"
"2015-11-25","HiveCatalogStore.java","159686","398205","557891"
"2015-10-09","HiveCatalogStore.java","159374","395819","555193"
"2014-05-12","HiveCatalogStore.java","118564","127739","246303"
"2015-09-28","HiveCatalogStore.java","159303","395046","554349"
"2014-06-03","HiveCatalogStore.java","118979","138961","257940"
"2015-03-27","HiveCatalogStore.java","153136","290896","444032"
"2015-04-05","HiveCatalogStore.java","153339","291724","445063"
"2015-10-20","HiveCatalogStore.java","159400","395983","555383"
"2015-07-31","HiveCatalogStore.java","157429","358022","515451"
"2015-07-30","HiveCatalogStore.java","157394","357315","514709"
"2014-12-30","HiveCatalogStore.java","149474","278589","428063"
"2015-07-24","SortBasedColPartitionStoreExec.java","109543","266279","375822"
"2015-11-02","SortBasedColPartitionStoreExec.java","144724","341662","486386"
"2014-03-13","TestNullValues.java","50919","123125","174044"
"2015-02-14","TestNullValues.java","91465","310431","401896"
"2015-11-26","TestNullValues.java","93576","421003","514579"
"2014-05-28","TestNullValues.java","90578","198515","289093"
"2014-09-22","TestNullValues.java","91044","271012","362056"
"2015-04-07","JsonLineDeserializer.java","34602","55442","90044"
"2015-08-19","JsonLineDeserializer.java","106061","190457","296518"
"2015-05-11","JsonLineDeserializer.java","39556","67554","107110"
"2015-08-04","JsonLineDeserializer.java","70513","149887","220400"
"2015-09-03","JsonLineDeserializer.java","109919","196120","306039"
"2015-07-24","SortBasedColPartitionStoreExec.java","140903","362713","503616"
"2014-08-21","SortBasedColPartitionStoreExec.java","112616","177690","290306"
"2015-11-02","SortBasedColPartitionStoreExec.java","142151","404163","546314"
"2015-08-13","HiveCatalogStore.java","91926","184927","276853"
"2015-09-24","HiveCatalogStore.java","129920","254049","383969"
"2015-10-16","HiveCatalogStore.java","130265","255548","385813"
"2015-09-01","HiveCatalogStore.java","124353","221455","345808"
"2015-04-17","HiveCatalogStore.java","66671","99169","165840"
"2015-12-16","HiveCatalogStore.java","131538","261158","392696"
"2015-08-19","HiveCatalogStore.java","123236","219451","342687"
"2015-07-20","HiveCatalogStore.java","88012","172798","260810"
"2015-11-25","HiveCatalogStore.java","131170","258362","389532"
"2015-10-09","HiveCatalogStore.java","130264","255382","385646"
"2015-09-28","HiveCatalogStore.java","130020","254436","384456"
"2015-03-27","HiveCatalogStore.java","61410","87843","149253"
"2015-04-05","HiveCatalogStore.java","63417","90475","153892"
"2015-10-20","HiveCatalogStore.java","130326","255582","385908"
"2015-07-31","HiveCatalogStore.java","90585","179851","270436"
"2015-07-30","HiveCatalogStore.java","90550","179144","269694"
"2014-12-30","HiveCatalogStore.java","40210","57998","98208"
"2015-03-24","SortExec.java","83603","320421","404024"
"2015-04-02","SortExec.java","83604","322094","405698"
"2015-02-14","TestNullValues.java","81188","192217","273405"
"2015-11-26","TestNullValues.java","131055","350545","481600"
"2014-09-22","TestNullValues.java","11195","83226","94421"
"2015-05-11","JsonLineSerDe.java","67681","108322","176003"
"2015-04-02","SortExec.java","2320","3992","6312"
"2015-02-14","TestNullValues.java","83970","122968","206938"
"2015-11-26","TestNullValues.java","148380","295839","444219"
"2015-09-03","JsonLineSerializer.java","103980","110807","214787"
"2015-08-25","StoreIndexExec.java","99780","108724","208504"
"2015-08-04","JsonLineSerializer.java","90613","182630","273243"
"2015-09-03","JsonLineSerializer.java","123788","222632","346420"
"2015-11-13","ORCAppender.java","5455","17689","23144"
"2015-05-28","TestOuterJoinQuery.java","8068","12633","20701"
"2013-10-27","StoreTableExec.java","43599","80820","124419"
"2014-08-21","StoreTableExec.java","82350","223260","305610"
"2014-01-02","StoreTableExec.java","49672","111858","161530"
"2014-12-12","StoreTableExec.java","82600","306204","388804"
"2015-06-24","StoreTableExec.java","83566","379726","463292"
"2014-02-17","StoreTableExec.java","60532","135764","196296"
"2014-05-12","StoreTableExec.java","82133","191901","274034"
"2014-08-21","StoreTableExec.java","110835","214524","325359"
"2014-01-02","StoreTableExec.java","14491","39456","53947"
"2014-12-12","StoreTableExec.java","111265","297648","408913"
"2015-06-24","StoreTableExec.java","113463","372402","485865"
"2014-02-17","StoreTableExec.java","38359","76370","114729"
"2014-05-12","StoreTableExec.java","110323","182870","293193"
"2015-08-13","HiveCatalogStore.java","11470","19685","31155"
"2015-09-24","HiveCatalogStore.java","114698","154041","268739"
"2015-10-16","HiveCatalogStore.java","115757","156254","272011"
"2015-09-01","HiveCatalogStore.java","105623","117939","223562"
"2015-12-16","HiveCatalogStore.java","119054","163888","282942"
"2015-08-19","HiveCatalogStore.java","103457","114886","218343"
"2015-11-25","HiveCatalogStore.java","118026","160432","278458"
"2015-10-09","HiveCatalogStore.java","115685","156017","271702"
"2015-09-28","HiveCatalogStore.java","115095","154725","269820"
"2015-10-20","HiveCatalogStore.java","115903","156373","272276"
"2015-07-31","HiveCatalogStore.java","7917","12397","20314"
"2015-07-30","HiveCatalogStore.java","7595","11403","18998"
"2014-12-12","StoreTableExec.java","66674","149368","216042"
"2015-06-24","StoreTableExec.java","102949","258199","361148"
"2014-08-21","StoreTableExec.java","124407","203131","327538"
"2014-12-12","StoreTableExec.java","125985","287403","413388"
"2015-06-24","StoreTableExec.java","130144","364118","494262"
"2014-02-17","StoreTableExec.java","31871","44917","76788"
"2014-05-12","StoreTableExec.java","123420","171002","294422"
"2015-06-24","StoreTableExec.java","56224","128780","185004"
"2015-12-16","HiveCatalogStore.java","1521","3949","5470"
"2015-10-16","HiveCatalogStore.java","111","276","387"
"2015-12-16","HiveCatalogStore.java","5319","9821","15140"
"2015-11-25","HiveCatalogStore.java","3860","5934","9794"
"2015-10-20","HiveCatalogStore.java","312","450","762"
"2014-04-02","ParquetAppender.java","823","3969","4792"
"2015-11-25","ParquetAppender.java","153264","400477","553741"
"2015-11-13","ParquetAppender.java","153228","399798","553026"
"2014-08-21","ParquetAppender.java","117052","166047","283099"
"2015-11-25","ParquetAppender.java","155431","399498","554929"
"2015-11-13","ParquetAppender.java","155395","398819","554214"
"2014-08-21","ParquetAppender.java","117866","163715","281581"
"2015-08-13","HiveCatalogStore.java","144568","369760","514328"
"2015-09-24","HiveCatalogStore.java","145338","401658","546996"
"2015-10-16","HiveCatalogStore.java","145397","402871","548268"
"2014-03-20","HiveCatalogStore.java","4662","13909","18571"
"2014-04-01","HiveCatalogStore.java","5617","20809","26426"
"2015-09-01","HiveCatalogStore.java","144941","374234","519175"
"2015-04-17","HiveCatalogStore.java","142694","307383","450077"
"2014-07-11","HiveCatalogStore.java","114061","161971","276032"
"2014-04-14","HiveCatalogStore.java","6704","27707","34411"
"2014-03-13","HiveCatalogStore.java","747","4864","5611"
"2014-11-10","HiveCatalogStore.java","123890","248102","371992"
"2015-12-16","HiveCatalogStore.java","145526","407337","552863"
"2015-08-19","HiveCatalogStore.java","144652","373058","517710"
"2014-11-25","HiveCatalogStore.java","124625","254957","379582"
"2014-04-15","HiveCatalogStore.java","7267","28131","35398"
"2014-12-07","HiveCatalogStore.java","125615","257806","383421"
"2015-07-20","HiveCatalogStore.java","144098","361075","505173"
"2015-11-25","HiveCatalogStore.java","145522","404905","550427"
"2015-10-09","HiveCatalogStore.java","145397","402706","548103"
"2014-03-31","HiveCatalogStore.java","5613","19722","25335"
"2014-05-12","HiveCatalogStore.java","113344","143383","256727"
"2015-09-28","HiveCatalogStore.java","145353","401960","547313"
"2014-06-03","HiveCatalogStore.java","113692","154538","268230"
"2015-03-27","HiveCatalogStore.java","141577","300201","441778"
"2015-04-05","HiveCatalogStore.java","141615","300864","442479"
"2015-10-20","HiveCatalogStore.java","145422","402869","548291"
"2015-07-31","HiveCatalogStore.java","144219","365676","509895"
"2015-07-30","HiveCatalogStore.java","144220","365005","509225"
"2014-12-30","HiveCatalogStore.java","138307","288286","426593"
"2015-09-28","TestQueryOnSelfDescTable.java","1515","5833","7348"
"2015-10-09","TestQueryOnSelfDescTable.java","2811","7861","10672"
"2015-10-08","TestQueryOnSelfDescTable.java","2630","7563","10193"
"2015-08-13","HiveCatalogStore.java","152914","363997","516911"
"2015-09-24","HiveCatalogStore.java","154077","396288","550365"
"2015-10-16","HiveCatalogStore.java","154164","397529","551693"
"2014-04-01","HiveCatalogStore.java","47","1130","1177"
"2015-09-01","HiveCatalogStore.java","153594","368778","522372"
"2015-04-17","HiveCatalogStore.java","150118","300698","450816"
"2014-07-11","HiveCatalogStore.java","116672","150473","267145"
"2014-04-14","HiveCatalogStore.java","1493","8387","9880"
"2014-11-10","HiveCatalogStore.java","128051","238154","366205"
"2015-12-16","HiveCatalogStore.java","154504","402206","556710"
"2015-08-19","HiveCatalogStore.java","153041","367338","520379"
"2014-11-25","HiveCatalogStore.java","129044","245267","374311"
"2014-04-15","HiveCatalogStore.java","2164","8919","11083"
"2014-12-07","HiveCatalogStore.java","130057","248139","378196"
"2015-07-20","HiveCatalogStore.java","152080","354948","507028"
"2015-11-25","HiveCatalogStore.java","154467","399741","554208"
"2015-10-09","HiveCatalogStore.java","154163","397363","551526"
"2014-05-12","HiveCatalogStore.java","115802","131732","247534"
"2015-09-28","HiveCatalogStore.java","154097","396595","550692"
"2014-06-03","HiveCatalogStore.java","116216","142953","259169"
"2015-03-27","HiveCatalogStore.java","148386","292901","441287"
"2015-04-05","HiveCatalogStore.java","148486","293626","442112"
"2015-10-20","HiveCatalogStore.java","154189","397527","551716"
"2015-07-31","HiveCatalogStore.java","152328","359676","512004"
"2015-07-30","HiveCatalogStore.java","152293","358969","511262"
"2014-12-30","HiveCatalogStore.java","144795","280665","425460"
"2014-08-21","StoreTableExec.java","112035","177713","289748"
"2014-12-12","StoreTableExec.java","134647","283019","417666"
"2015-06-24","StoreTableExec.java","139613","360541","500154"
"2014-05-12","StoreTableExec.java","110439","144975","255414"
"2015-10-09","TestQueryOnSelfDescTable.java","1370","2102","3472"
"2015-10-08","TestQueryOnSelfDescTable.java","1177","1792","2969"
"2014-08-21","StoreTableExec.java","10635","41777","52412"
"2014-12-12","StoreTableExec.java","65956","179792","245748"
"2015-06-24","StoreTableExec.java","94379","280771","375150"
"2015-10-09","TestQueryOnSelfDescTable.java","197","314","511"
"2015-11-25","ParquetAppender.java","2321","2964","5285"
"2015-08-13","HiveCatalogStore.java","101732","296885","398617"
"2015-09-24","HiveCatalogStore.java","127865","354146","482011"
"2015-10-16","HiveCatalogStore.java","128036","355471","483507"
"2015-09-01","HiveCatalogStore.java","123769","323023","446792"
"2015-04-17","HiveCatalogStore.java","87507","222157","309664"
"2014-07-11","HiveCatalogStore.java","7622","25493","33115"
"2014-11-10","HiveCatalogStore.java","44313","138486","182799"
"2015-12-16","HiveCatalogStore.java","128663","360435","489098"
"2015-08-19","HiveCatalogStore.java","122870","321237","444107"
"2014-11-25","HiveCatalogStore.java","45757","146050","191807"
"2014-12-07","HiveCatalogStore.java","47282","149434","196716"
"2015-07-20","HiveCatalogStore.java","99492","286430","385922"
"2015-11-25","HiveCatalogStore.java","128506","357850","486356"
"2015-10-09","HiveCatalogStore.java","128035","355305","483340"
"2015-09-28","HiveCatalogStore.java","127907","354475","482382"
"2014-06-03","HiveCatalogStore.java","1856","12663","14519"
"2015-03-27","HiveCatalogStore.java","84097","212682","296779"
"2015-04-05","HiveCatalogStore.java","85087","214297","299384"
"2015-10-20","HiveCatalogStore.java","128067","355475","483542"
"2015-07-31","HiveCatalogStore.java","100778","292196","392974"
"2015-07-30","HiveCatalogStore.java","100741","291487","392228"
"2014-12-30","HiveCatalogStore.java","71862","191802","263664"
"2015-11-17","TupleSorter.java","96637","198808","295445"
"2015-04-02","TupleSorter.java","2320","3992","6312"
"2015-08-04","TestSelectNestedRecord.java","39148","90524","129672"
"2015-08-12","TestSelectNestedRecord.java","39423","92059","131482"
"2015-09-07","TestSelectNestedRecord.java","90749","149536","240285"
"2015-11-17","TupleSorter.java","96292","196791","293083"
"2015-08-12","TestSelectNestedRecord.java","676","1936","2612"
"2015-09-07","TestSelectNestedRecord.java","108461","115872","224333"
"2015-11-25","ParquetAppender.java","144919","343137","488056"
"2015-11-13","ParquetAppender.java","144752","342327","487079"
"2014-08-23","UnaryPhysicalExec.java","82390","271489","353879"
"2014-02-10","UnaryPhysicalExec.java","60372","134470","194842"
"2014-03-01","UnaryPhysicalExec.java","60888","140564","201452"
"2015-09-07","TestSelectNestedRecord.java","108196","114347","222543"
"2015-08-19","ParquetScanner.java","151951","368187","520138"
"2015-06-28","ParquetScanner.java","149994","354731","504725"
"2014-08-23","UnaryPhysicalExec.java","111384","226385","337769"
"2014-03-01","UnaryPhysicalExec.java","10097","15675","25772"
"2015-10-16","HiveCatalogStore.java","1085","1952","3037"
"2015-12-16","HiveCatalogStore.java","6281","11485","17766"
"2015-11-25","HiveCatalogStore.java","4823","7599","12422"
"2015-10-09","HiveCatalogStore.java","980","1682","2662"
"2015-10-20","HiveCatalogStore.java","1281","2121","3402"
"2014-08-23","UnaryPhysicalExec.java","115239","224662","339901"
"2014-06-24","TestSelectQuery.java","82129","206087","288216"
"2014-03-20","TestSelectQuery.java","61564","150556","212120"
"2015-05-19","TestSelectQuery.java","83580","371269","454849"
"2014-01-07","TestSelectQuery.java","49915","112229","162144"
"2014-01-17","TestSelectQuery.java","50436","118362","168798"
"2014-02-17","TestSelectQuery.java","60620","137015","197635"
"2014-04-22","TestSelectQuery.java","81286","183870","265156"
"2013-10-07","TestSelectQuery.java","34123","57389","91512"
"2014-01-28","TestSelectQuery.java","51312","121666","172978"
"2014-02-16","TestSelectQuery.java","60372","135295","195667"
"2013-09-03","TestSelectQuery.java","27908","27142","55050"
"2014-02-04","TestSelectQuery.java","59688","132401","192089"
"2014-04-18","TestSelectQuery.java","62044","164177","226221"
"2014-12-30","TestSelectQuery.java","82701","309764","392465"
"2015-02-14","TestSelectQuery.java","82704","313326","396030"
"2014-07-03","TestSelectQuery.java","82124","202936","285060"
"2014-08-11","TestSelectQuery.java","82338","217588","299926"
"2014-12-12","TestSelectQuery.java","82595","298135","380730"
"2014-12-08","TestSelectQuery.java","82592","295074","377666"
"2015-08-20","TestSelectQuery.java","84217","392799","477016"
"2015-05-19","TestSelectQuery.java","94911","258642","353553"
"2014-12-30","TestSelectQuery.java","72807","175912","248719"
"2015-02-14","TestSelectQuery.java","81826","188490","270316"
"2014-07-03","TestSelectQuery.java","4553","1407","5960"
"2014-08-11","TestSelectQuery.java","8445","19737","28182"
"2014-12-12","TestSelectQuery.java","50116","141698","191814"
"2014-12-08","TestSelectQuery.java","47922","136446","184368"
"2015-08-20","TestSelectQuery.java","128433","313057","441490"
"2014-06-24","TestSelectQuery.java","114900","149866","264766"
"2015-05-19","TestSelectQuery.java","146888","345585","492473"
"2014-04-22","TestSelectQuery.java","112138","125730","237868"
"2014-04-18","TestSelectQuery.java","3266","16407","19673"
"2014-12-30","TestSelectQuery.java","141361","279432","420793"
"2015-02-14","TestSelectQuery.java","141890","283520","425410"
"2014-07-03","TestSelectQuery.java","114945","146765","261710"
"2014-08-11","TestSelectQuery.java","116292","162550","278842"
"2014-12-12","TestSelectQuery.java","128562","255110","383672"
"2014-12-08","TestSelectQuery.java","128524","252014","380538"
"2015-08-20","TestSelectQuery.java","149455","369045","518500"
"2015-08-19","ParquetScanner.java","113091","124590","237681"
"2015-04-02","VectorizedSorter.java","2320","3992","6312"
"2015-08-20","TestSelectQuery.java","116201","137094","253295"
"2014-06-24","TestSelectQuery.java","123804","185448","309252"
"2014-03-20","TestSelectQuery.java","41182","67860","109042"
"2015-05-19","TestSelectQuery.java","129874","355249","485123"
"2014-01-17","TestSelectQuery.java","4010","9622","13632"
"2014-02-17","TestSelectQuery.java","30597","44678","75275"
"2014-04-22","TestSelectQuery.java","121770","162040","283810"
"2014-01-28","TestSelectQuery.java","9283","17323","26606"
"2014-02-16","TestSelectQuery.java","29765","42374","72139"
"2014-02-04","TestSelectQuery.java","28637","39036","67673"
"2014-04-18","TestSelectQuery.java","42901","82720","125621"
"2014-12-30","TestSelectQuery.java","126288","291037","417325"
"2015-02-14","TestSelectQuery.java","126507","294815","421322"
"2014-07-03","TestSelectQuery.java","123837","182335","306172"
"2014-08-11","TestSelectQuery.java","124499","197435","321934"
"2014-12-12","TestSelectQuery.java","126081","279307","405388"
"2014-12-08","TestSelectQuery.java","126076","276244","402320"
"2015-08-20","TestSelectQuery.java","131279","377547","508826"
"2015-08-13","HiveCatalogStore.java","103751","288097","391848"
"2015-09-24","HiveCatalogStore.java","130982","346456","477438"
"2015-10-16","HiveCatalogStore.java","131163","347791","478954"
"2015-09-01","HiveCatalogStore.java","126837","315284","442121"
"2015-04-17","HiveCatalogStore.java","88607","212450","301057"
"2014-07-11","HiveCatalogStore.java","5927","12991","18918"
"2014-11-10","HiveCatalogStore.java","44154","127520","171674"
"2015-12-16","HiveCatalogStore.java","131859","352824","484683"
"2015-08-19","HiveCatalogStore.java","125938","313498","439436"
"2014-11-25","HiveCatalogStore.java","45707","135193","180900"
"2014-12-07","HiveCatalogStore.java","47281","138626","185907"
"2015-07-20","HiveCatalogStore.java","101420","277551","378971"
"2015-11-25","HiveCatalogStore.java","131683","350220","481903"
"2015-10-09","HiveCatalogStore.java","131162","347625","478787"
"2015-09-28","HiveCatalogStore.java","131026","346787","477813"
"2015-03-27","HiveCatalogStore.java","85044","202822","287866"
"2015-04-05","HiveCatalogStore.java","86050","204453","290503"
"2015-10-20","HiveCatalogStore.java","131194","347795","478989"
"2015-07-31","HiveCatalogStore.java","102793","283404","386197"
"2015-07-30","HiveCatalogStore.java","102756","282695","385451"
"2014-12-30","HiveCatalogStore.java","72263","181396","253659"
"2014-06-24","TestSelectQuery.java","127051","183083","310134"
"2014-03-20","TestSelectQuery.java","38604","59670","98274"
"2015-05-19","TestSelectQuery.java","133816","353579","487395"
"2014-02-17","TestSelectQuery.java","27736","36205","63941"
"2014-04-22","TestSelectQuery.java","124927","159585","284512"
"2014-01-28","TestSelectQuery.java","5901","8329","14230"
"2014-02-16","TestSelectQuery.java","26629","33626","60255"
"2014-02-04","TestSelectQuery.java","25431","30218","55649"
"2014-04-18","TestSelectQuery.java","40676","74883","115559"
"2014-12-30","TestSelectQuery.java","129959","289096","419055"
"2015-02-14","TestSelectQuery.java","130198","292894","423092"
"2014-07-03","TestSelectQuery.java","127084","179970","307054"
"2014-08-11","TestSelectQuery.java","127765","195089","322854"
"2014-12-12","TestSelectQuery.java","129735","277349","407084"
"2014-12-08","TestSelectQuery.java","129730","274286","404016"
"2015-08-20","TestSelectQuery.java","135237","375893","511130"
"2014-06-24","TestSelectQuery.java","111952","159515","271467"
"2014-03-20","TestSelectQuery.java","12543","25140","37683"
"2015-05-19","TestSelectQuery.java","140376","351670","492046"
"2014-04-22","TestSelectQuery.java","109526","135715","245241"
"2014-04-18","TestSelectQuery.java","15171","40909","56080"
"2014-12-30","TestSelectQuery.java","136017","286685","422702"
"2015-02-14","TestSelectQuery.java","136296","290523","426819"
"2014-07-03","TestSelectQuery.java","111997","156414","268411"
"2014-08-11","TestSelectQuery.java","113143","171998","285141"
"2014-12-12","TestSelectQuery.java","123516","262661","386177"
"2014-12-08","TestSelectQuery.java","123511","259598","383109"
"2015-08-20","TestSelectQuery.java","141931","374118","516049"
"2014-06-24","TestSelectQuery.java","5919","27293","33212"
"2015-05-19","TestSelectQuery.java","92254","277359","369613"
"2014-12-30","TestSelectQuery.java","72437","196916","269353"
"2015-02-14","TestSelectQuery.java","80631","208669","289300"
"2014-07-03","TestSelectQuery.java","10372","28600","38972"
"2014-08-11","TestSelectQuery.java","13386","46052","59438"
"2014-12-12","TestSelectQuery.java","50359","163315","213674"
"2014-12-08","TestSelectQuery.java","48213","158111","206324"
"2015-08-20","TestSelectQuery.java","120549","326547","447096"
"2014-06-24","TestSelectQuery.java","99085","199777","298862"
"2014-03-20","TestSelectQuery.java","55571","121297","176868"
"2015-05-19","TestSelectQuery.java","101064","365487","466551"
"2014-01-07","TestSelectQuery.java","29319","68367","97686"
"2014-01-17","TestSelectQuery.java","31900","76560","108460"
"2014-02-17","TestSelectQuery.java","50062","103191","153253"
"2014-04-22","TestSelectQuery.java","97971","177289","275260"
"2014-01-28","TestSelectQuery.java","33583","80671","114254"
"2014-02-16","TestSelectQuery.java","49526","101183","150709"
"2014-02-04","TestSelectQuery.java","48743","98190","146933"
"2014-04-18","TestSelectQuery.java","56405","135272","191677"
"2014-12-30","TestSelectQuery.java","100034","303831","403865"
"2015-02-14","TestSelectQuery.java","100040","307396","407436"
"2014-07-03","TestSelectQuery.java","99112","196658","295770"
"2014-08-11","TestSelectQuery.java","99524","211508","311032"
"2014-12-12","TestSelectQuery.java","99849","292123","391972"
"2014-12-08","TestSelectQuery.java","99846","289062","388908"
"2015-08-20","TestSelectQuery.java","101772","387088","488860"
"2014-10-25","WindowAggExec.java","35808","106404","142212"
"2015-07-22","WindowAggExec.java","101556","273599","375155"
"2015-01-09","WindowAggExec.java","75940","179677","255617"
"2015-11-18","WindowAggExec.java","134154","347585","481739"
"2015-04-02","WindowAggExec.java","84074","196667","280741"
"2015-02-05","WindowAggExec.java","78349","182678","261027"
"2015-02-05","WindowAggExec.java","78349","182678","261027"
"2015-07-22","WindowAggExec.java","85640","187087","272727"
"2015-01-09","WindowAggExec.java","51698","84839","136537"
"2015-11-18","WindowAggExec.java","125128","267963","393091"
"2015-04-02","WindowAggExec.java","61354","103351","164705"
"2015-02-05","WindowAggExec.java","54267","88000","142267"
"2015-02-05","WindowAggExec.java","54267","88000","142267"
"2014-06-24","TestSelectQuery.java","127484","181088","308572"
"2014-03-20","TestSelectQuery.java","34361","52999","87360"
"2015-05-19","TestSelectQuery.java","135177","352512","487689"
"2014-02-17","TestSelectQuery.java","22480","28521","51001"
"2014-04-22","TestSelectQuery.java","125246","157476","282722"
"2014-02-16","TestSelectQuery.java","21206","25775","46981"
"2014-02-04","TestSelectQuery.java","19930","22289","42219"
"2014-04-18","TestSelectQuery.java","36601","68380","104981"
"2014-12-30","TestSelectQuery.java","131102","287811","418913"
"2015-02-14","TestSelectQuery.java","131360","291628","422988"
"2014-07-03","TestSelectQuery.java","127517","177975","305492"
"2014-08-11","TestSelectQuery.java","128262","193158","321420"
"2014-12-12","TestSelectQuery.java","130877","276063","406940"
"2014-12-08","TestSelectQuery.java","130872","273000","403872"
"2015-08-20","TestSelectQuery.java","136717","374945","511662"
"2015-11-18","WindowAggExec.java","116739","158127","274866"
"2014-06-24","TestSelectQuery.java","110813","159848","270661"
"2014-03-20","TestSelectQuery.java","13765","27834","41599"
"2015-05-19","TestSelectQuery.java","138936","351702","490638"
"2014-02-17","TestSelectQuery.java","1312","2784","4096"
"2014-04-22","TestSelectQuery.java","108455","136116","244571"
"2014-04-18","TestSelectQuery.java","16367","43577","59944"
"2014-12-30","TestSelectQuery.java","134817","286957","421774"
"2015-02-14","TestSelectQuery.java","135087","290786","425873"
"2014-07-03","TestSelectQuery.java","110858","156747","267605"
"2014-08-11","TestSelectQuery.java","112006","172333","284339"
"2014-12-12","TestSelectQuery.java","122316","262933","385249"
"2014-12-08","TestSelectQuery.java","122311","259870","382181"
"2015-08-20","TestSelectQuery.java","140491","374150","514641"
"2014-12-12","TajoReadSupport.java","143723","275412","419135"
"2015-07-22","WindowAggExec.java","52462","120768","173230"
"2015-11-18","WindowAggExec.java","105295","214989","320284"
"2015-04-02","WindowAggExec.java","17892","26748","44640"
"2015-02-05","WindowAggExec.java","5055","5647","10702"
"2015-02-05","WindowAggExec.java","5055","5647","10702"
"2015-08-13","HiveCatalogStore.java","48357","114925","163282"
"2015-09-24","HiveCatalogStore.java","95347","193043","288390"
"2015-10-16","HiveCatalogStore.java","95945","194795","290740"
"2015-09-01","HiveCatalogStore.java","87714","158383","246097"
"2015-04-17","HiveCatalogStore.java","7583","13648","21231"
"2015-12-16","HiveCatalogStore.java","98677","201864","300541"
"2015-08-19","HiveCatalogStore.java","86188","155970","242158"
"2015-07-20","HiveCatalogStore.java","39940","98293","138233"
"2015-11-25","HiveCatalogStore.java","97946","198705","296651"
"2015-10-09","HiveCatalogStore.java","95941","194626","290567"
"2015-09-28","HiveCatalogStore.java","95588","193571","289159"
"2015-04-05","HiveCatalogStore.java","3201","3826","7027"
"2015-10-20","HiveCatalogStore.java","96030","194853","290883"
"2015-07-31","HiveCatalogStore.java","46438","109271","155709"
"2015-07-30","HiveCatalogStore.java","46231","108392","154623"
"2014-12-09","TajoRecordConverter.java","129306","249879","379185"
"2015-12-04","TajoRecordConverter.java","153299","402479","555778"
"2015-12-04","TajoRecordConverter.java","129854","258461","388315"
"2015-07-22","WindowAggExec.java","39036","98486","137522"
"2015-11-18","WindowAggExec.java","95673","196511","292184"
"2015-08-13","HiveCatalogStore.java","45758","111701","157459"
"2015-09-24","HiveCatalogStore.java","93378","190449","283827"
"2015-10-16","HiveCatalogStore.java","93980","192205","286185"
"2015-09-01","HiveCatalogStore.java","85707","155751","241458"
"2015-04-17","HiveCatalogStore.java","4460","9900","14360"
"2015-12-16","HiveCatalogStore.java","96843","199405","296248"
"2015-08-19","HiveCatalogStore.java","84161","153318","237479"
"2015-07-20","HiveCatalogStore.java","37239","94967","132206"
"2015-11-25","HiveCatalogStore.java","96025","196159","292184"
"2015-10-09","HiveCatalogStore.java","93976","192036","286012"
"2015-09-28","HiveCatalogStore.java","93621","190979","284600"
"2015-10-20","HiveCatalogStore.java","94082","192280","286362"
"2015-07-31","HiveCatalogStore.java","43826","106034","149860"
"2015-07-30","HiveCatalogStore.java","43607","105143","148750"
"2014-06-24","TestSelectQuery.java","79068","203792","282860"
"2014-03-20","TestSelectQuery.java","45810","135568","181378"
"2015-05-19","TestSelectQuery.java","80740","369195","449935"
"2014-01-07","TestSelectQuery.java","31092","94172","125264"
"2014-01-17","TestSelectQuery.java","32745","101437","134182"
"2014-02-17","TestSelectQuery.java","43954","121115","165069"
"2014-04-22","TestSelectQuery.java","78114","181464","259578"
"2013-10-07","TestSelectQuery.java","9982","34014","43996"
"2014-01-28","TestSelectQuery.java","33732","104852","138584"
"2014-02-16","TestSelectQuery.java","43469","119158","162627"
"2014-02-04","TestSelectQuery.java","42756","116235","158991"
"2014-04-18","TestSelectQuery.java","46474","149373","195847"
"2014-12-30","TestSelectQuery.java","79753","307582","387335"
"2015-02-14","TestSelectQuery.java","79758","311146","390904"
"2014-07-03","TestSelectQuery.java","79063","200641","279704"
"2014-08-11","TestSelectQuery.java","79290","215306","294596"
"2014-12-12","TestSelectQuery.java","79570","295876","375446"
"2014-12-08","TestSelectQuery.java","79567","292815","372382"
"2015-08-20","TestSelectQuery.java","81415","390763","472178"
"2015-12-04","TajoRecordMaterializer.java","153299","402479","555778"
"2014-06-24","TestSelectQuery.java","110062","161307","271369"
"2014-03-20","TestSelectQuery.java","15148","31427","46575"
"2015-05-19","TestSelectQuery.java","137222","352198","489420"
"2014-02-17","TestSelectQuery.java","2970","6652","9622"
"2014-04-22","TestSelectQuery.java","107726","137597","245323"
"2014-02-16","TestSelectQuery.java","1680","3890","5570"
"2014-04-18","TestSelectQuery.java","17638","47058","64696"
"2014-12-30","TestSelectQuery.java","133145","287495","420640"
"2015-02-14","TestSelectQuery.java","133403","291312","424715"
"2014-07-03","TestSelectQuery.java","110107","158206","268313"
"2014-08-11","TestSelectQuery.java","110891","173428","284319"
"2014-12-12","TestSelectQuery.java","121110","263937","385047"
"2014-12-08","TestSelectQuery.java","121105","260874","381979"
"2015-08-20","TestSelectQuery.java","138757","374626","513383"
"2014-06-24","TestSelectQuery.java","119261","141086","260347"
"2015-05-19","TestSelectQuery.java","156619","342175","498794"
"2014-04-22","TestSelectQuery.java","116102","116553","232655"
"2014-12-30","TestSelectQuery.java","150532","275462","425994"
"2015-02-14","TestSelectQuery.java","151146","279635","430781"
"2014-07-03","TestSelectQuery.java","119314","137993","257307"
"2014-08-11","TestSelectQuery.java","120794","153911","274705"
"2014-12-12","TestSelectQuery.java","134221","247628","381849"
"2014-12-08","TestSelectQuery.java","134147","244496","378643"
"2015-08-20","TestSelectQuery.java","159339","365788","525127"
"2015-07-22","WindowAggExec.java","48663","116377","165040"
"2015-11-18","WindowAggExec.java","102356","211458","313814"
"2015-04-02","WindowAggExec.java","13105","21369","34474"
"2015-07-22","WindowAggExec.java","48663","116377","165040"
"2015-11-18","WindowAggExec.java","102356","211458","313814"
"2015-04-02","WindowAggExec.java","13105","21369","34474"
"2015-05-19","TestSelectQuery.java","43557","104183","147740"
"2015-02-14","TestSelectQuery.java","20650","24209","44859"
"2015-08-20","TestSelectQuery.java","102034","183553","285587"
"2013-09-27","PhysicalPlannerImpl.java","32461","44668","77129"
"2013-09-24","PhysicalPlannerImpl.java","32312","43760","76072"
"2014-01-22","PhysicalPlannerImpl.java","50605","120404","171009"
"2015-07-20","PhysicalPlannerImpl.java","83572","378498","462070"
"2013-09-23","PhysicalPlannerImpl.java","31451","42960","74411"
"2013-09-16","PhysicalPlannerImpl.java","30877","41982","72859"
"2014-01-02","PhysicalPlannerImpl.java","49672","111858","161530"
"2013-09-21","PhysicalPlannerImpl.java","31103","42514","73617"
"2014-02-10","PhysicalPlannerImpl.java","60372","134470","194842"
"2013-12-18","PhysicalPlannerImpl.java","47541","105513","153054"
"2014-01-17","PhysicalPlannerImpl.java","50436","118362","168798"
"2015-07-30","PhysicalPlannerImpl.java","84059","384589","468648"
"2014-12-12","PhysicalPlannerImpl.java","82600","306204","388804"
"2014-02-20","PhysicalPlannerImpl.java","60665","137646","198311"
"2015-09-04","PhysicalPlannerImpl.java","84320","394642","478962"
"2014-08-11","PhysicalPlannerImpl.java","82338","217588","299926"
"2013-09-02","PhysicalPlannerImpl.java","27685","25898","53583"
"2013-10-02","PhysicalPlannerImpl.java","33398","50503","83901"
"2013-10-07","PhysicalPlannerImpl.java","35226","60090","95316"
"2015-08-25","PhysicalPlannerImpl.java","84220","393694","477914"
"2013-12-05","PhysicalPlannerImpl.java","47339","96431","143770"
"2014-02-21","PhysicalPlannerImpl.java","60863","138506","199369"
"2015-05-15","PhysicalPlannerImpl.java","83580","334734","418314"
"2015-08-10","PhysicalPlannerImpl.java","84081","388332","472413"
"2014-08-21","PhysicalPlannerImpl.java","82350","223260","305610"
"2014-01-26","PhysicalPlannerImpl.java","51164","121407","172571"
"2015-04-27","PhysicalPlannerImpl.java","83622","332563","416185"
"2014-02-01","PhysicalPlannerImpl.java","59628","131090","190718"
"2014-02-07","PhysicalPlannerImpl.java","59857","133967","193824"
"2014-12-30","PhysicalPlannerImpl.java","82701","309764","392465"
"2015-03-03","PhysicalPlannerImpl.java","82697","314176","396873"
"2014-07-09","PhysicalPlannerImpl.java","82121","209209","291330"
"2014-02-20","PhysicalPlannerImpl.java","60682","138495","199177"
"2015-05-11","PhysicalPlannerImpl.java","83578","335331","418909"
"2014-07-09","PhysicalPlannerImpl.java","82121","207772","289893"
"2014-10-08","PhysicalPlannerImpl.java","82390","278177","360567"
"2014-05-16","PhysicalPlannerImpl.java","82133","193561","275694"
"2013-09-18","PhysicalPlannerImpl.java","31063","41891","72954"
"2015-05-19","TestSelectQuery.java","24254","81321","105575"
"2015-08-20","TestSelectQuery.java","87629","165589","253218"
"2015-12-16","HiveCatalogStore.java","5013","9377","14390"
"2015-11-25","HiveCatalogStore.java","3552","5488","9040"
"2014-01-22","PhysicalPlannerImpl.java","32388","89980","122368"
"2015-07-20","PhysicalPlannerImpl.java","92841","375560","468401"
"2014-01-02","PhysicalPlannerImpl.java","28182","78161","106343"
"2014-02-10","PhysicalPlannerImpl.java","46078","107969","154047"
"2013-12-18","PhysicalPlannerImpl.java","24578","70343","94921"
"2014-01-17","PhysicalPlannerImpl.java","32024","87743","119767"
"2015-07-30","PhysicalPlannerImpl.java","93405","381728","475133"
"2014-12-12","PhysicalPlannerImpl.java","91639","303036","394675"
"2014-02-20","PhysicalPlannerImpl.java","46726","111500","158226"
"2015-09-04","PhysicalPlannerImpl.java","93649","391764","485413"
"2014-08-11","PhysicalPlannerImpl.java","91323","214366","305689"
"2013-10-02","PhysicalPlannerImpl.java","1659","6557","8216"
"2013-10-07","PhysicalPlannerImpl.java","4929","17586","22515"
"2015-08-25","PhysicalPlannerImpl.java","93549","390816","484365"
"2013-12-05","PhysicalPlannerImpl.java","23808","60693","84501"
"2014-02-21","PhysicalPlannerImpl.java","47324","112760","160084"
"2015-05-15","PhysicalPlannerImpl.java","92842","331789","424631"
"2015-08-10","PhysicalPlannerImpl.java","93430","385474","478904"
"2014-08-21","PhysicalPlannerImpl.java","91334","220037","311371"
"2014-01-26","PhysicalPlannerImpl.java","33184","91220","124404"
"2015-04-27","PhysicalPlannerImpl.java","92868","329602","422470"
"2014-02-01","PhysicalPlannerImpl.java","45239","104494","149733"
"2014-02-07","PhysicalPlannerImpl.java","45524","107427","152951"
"2014-12-30","PhysicalPlannerImpl.java","91822","306678","398500"
"2015-03-03","PhysicalPlannerImpl.java","91820","311092","402912"
"2014-07-09","PhysicalPlannerImpl.java","90922","205803","296725"
"2014-02-20","PhysicalPlannerImpl.java","46760","112366","159126"
"2015-05-11","PhysicalPlannerImpl.java","92840","332386","425226"
"2014-07-09","PhysicalPlannerImpl.java","90922","204366","295288"
"2014-10-08","PhysicalPlannerImpl.java","91389","274969","366358"
"2014-05-16","PhysicalPlannerImpl.java","90921","190142","281063"
"2013-09-27","PhysicalPlannerImpl.java","525","1284","1809"
"2014-01-22","PhysicalPlannerImpl.java","32342","90693","123035"
"2015-07-20","PhysicalPlannerImpl.java","92265","375743","468008"
"2014-01-02","PhysicalPlannerImpl.java","28258","78996","107254"
"2014-02-10","PhysicalPlannerImpl.java","45945","108595","154540"
"2013-12-18","PhysicalPlannerImpl.java","24686","71210","95896"
"2014-01-17","PhysicalPlannerImpl.java","31986","88464","120450"
"2015-07-30","PhysicalPlannerImpl.java","92770","381852","474622"
"2014-12-12","PhysicalPlannerImpl.java","91073","303229","394302"
"2014-02-20","PhysicalPlannerImpl.java","46555","112088","158643"
"2015-09-04","PhysicalPlannerImpl.java","93049","391923","484972"
"2014-08-11","PhysicalPlannerImpl.java","90775","214577","305352"
"2013-10-02","PhysicalPlannerImpl.java","2163","7820","9983"
"2013-10-07","PhysicalPlannerImpl.java","5370","18786","24156"
"2015-08-25","PhysicalPlannerImpl.java","92949","390975","483924"
"2013-12-05","PhysicalPlannerImpl.java","23921","61565","85486"
"2014-02-21","PhysicalPlannerImpl.java","47149","113344","160493"
"2015-05-15","PhysicalPlannerImpl.java","92266","331972","424238"
"2015-08-10","PhysicalPlannerImpl.java","92804","385607","478411"
"2014-08-21","PhysicalPlannerImpl.java","90786","220248","311034"
"2014-01-26","PhysicalPlannerImpl.java","33092","91887","124979"
"2015-04-27","PhysicalPlannerImpl.java","92302","329795","422097"
"2014-02-01","PhysicalPlannerImpl.java","45113","105127","150240"
"2014-02-07","PhysicalPlannerImpl.java","45391","108053","153444"
"2014-12-30","PhysicalPlannerImpl.java","91256","306871","398127"
"2015-03-03","PhysicalPlannerImpl.java","91254","311285","402539"
"2014-07-09","PhysicalPlannerImpl.java","90374","206014","296388"
"2014-02-20","PhysicalPlannerImpl.java","46585","112950","159535"
"2015-05-11","PhysicalPlannerImpl.java","92264","332569","424833"
"2014-07-09","PhysicalPlannerImpl.java","90374","204577","294951"
"2014-10-08","PhysicalPlannerImpl.java","90841","275180","366021"
"2014-05-16","PhysicalPlannerImpl.java","90373","190353","280726"
"2015-05-19","TestSelectQuery.java","91087","257964","349051"
"2014-12-30","TestSelectQuery.java","68599","174850","243449"
"2015-02-14","TestSelectQuery.java","77690","187500","265190"
"2014-08-11","TestSelectQuery.java","4004","18442","22446"
"2014-12-12","TestSelectQuery.java","45869","140597","186466"
"2014-12-08","TestSelectQuery.java","43675","135345","179020"
"2015-08-20","TestSelectQuery.java","125048","312818","437866"
"2015-07-20","PhysicalPlannerImpl.java","135856","360983","496839"
"2014-02-10","PhysicalPlannerImpl.java","24785","29084","53869"
"2015-07-30","PhysicalPlannerImpl.java","136459","367190","503649"
"2014-12-12","PhysicalPlannerImpl.java","131268","285073","416341"
"2014-02-20","PhysicalPlannerImpl.java","26816","33998","60814"
"2015-09-04","PhysicalPlannerImpl.java","137059","377582","514641"
"2014-08-11","PhysicalPlannerImpl.java","128684","194135","322819"
"2015-08-25","PhysicalPlannerImpl.java","136948","376623","513571"
"2014-02-21","PhysicalPlannerImpl.java","27874","35718","63592"
"2015-05-15","PhysicalPlannerImpl.java","135374","316729","452103"
"2015-08-10","PhysicalPlannerImpl.java","136577","371029","507606"
"2014-08-21","PhysicalPlannerImpl.java","128705","199816","328521"
"2014-01-26","PhysicalPlannerImpl.java","3433","3877","7310"
"2015-04-27","PhysicalPlannerImpl.java","135191","314333","449524"
"2014-02-01","PhysicalPlannerImpl.java","23478","25141","48619"
"2014-02-07","PhysicalPlannerImpl.java","24186","28497","52683"
"2014-12-30","PhysicalPlannerImpl.java","131478","288742","420220"
"2015-03-03","PhysicalPlannerImpl.java","131712","293392","425104"
"2014-07-09","PhysicalPlannerImpl.java","128079","185368","313447"
"2014-02-20","PhysicalPlannerImpl.java","26930","34944","61874"
"2015-05-11","PhysicalPlannerImpl.java","135350","317304","452654"
"2014-07-09","PhysicalPlannerImpl.java","128079","183931","312010"
"2014-10-08","PhysicalPlannerImpl.java","128893","254881","383774"
"2014-05-16","PhysicalPlannerImpl.java","127623","169252","296875"
"2015-07-30","PhysicalPlannerImpl.java","10367","15971","26338"
"2015-09-04","PhysicalPlannerImpl.java","110082","125478","235560"
"2015-08-25","PhysicalPlannerImpl.java","106178","120726","226904"
"2015-08-10","PhysicalPlannerImpl.java","11609","20934","32543"
"2015-05-14","TajoWriteSupport.java","149474","309432","458906"
"2015-10-08","TajoWriteSupport.java","152974","397906","550880"
"2013-09-27","PhysicalPlannerImpl.java","1431","2129","3560"
"2013-09-24","PhysicalPlannerImpl.java","932","871","1803"
"2014-01-22","PhysicalPlannerImpl.java","33169","91459","124628"
"2015-07-20","PhysicalPlannerImpl.java","92356","375773","468129"
"2014-01-02","PhysicalPlannerImpl.java","29099","79776","108875"
"2014-02-10","PhysicalPlannerImpl.java","46746","109335","156081"
"2013-12-18","PhysicalPlannerImpl.java","25529","71992","97521"
"2014-01-17","PhysicalPlannerImpl.java","32815","89232","122047"
"2015-07-30","PhysicalPlannerImpl.java","92861","381882","474743"
"2014-12-12","PhysicalPlannerImpl.java","91163","303258","394421"
"2014-02-20","PhysicalPlannerImpl.java","47334","112806","160140"
"2015-09-04","PhysicalPlannerImpl.java","93140","391953","485093"
"2014-08-11","PhysicalPlannerImpl.java","90865","214606","305471"
"2013-10-02","PhysicalPlannerImpl.java","3065","8661","11726"
"2013-10-07","PhysicalPlannerImpl.java","6260","19615","25875"
"2015-08-25","PhysicalPlannerImpl.java","93040","391005","484045"
"2013-12-05","PhysicalPlannerImpl.java","24764","62347","87111"
"2014-02-21","PhysicalPlannerImpl.java","47922","114056","161978"
"2015-05-15","PhysicalPlannerImpl.java","92356","332001","424357"
"2015-08-10","PhysicalPlannerImpl.java","92895","385637","478532"
"2014-08-21","PhysicalPlannerImpl.java","90876","220277","311153"
"2014-01-26","PhysicalPlannerImpl.java","33919","92653","126572"
"2015-04-27","PhysicalPlannerImpl.java","92392","329824","422216"
"2014-02-01","PhysicalPlannerImpl.java","45922","105875","151797"
"2014-02-07","PhysicalPlannerImpl.java","46193","108794","154987"
"2014-12-30","PhysicalPlannerImpl.java","91346","306900","398246"
"2015-03-03","PhysicalPlannerImpl.java","91344","311314","402658"
"2014-07-09","PhysicalPlannerImpl.java","90464","206043","296507"
"2014-02-20","PhysicalPlannerImpl.java","47362","113666","161028"
"2015-05-11","PhysicalPlannerImpl.java","92354","332598","424952"
"2014-07-09","PhysicalPlannerImpl.java","90464","204606","295070"
"2014-10-08","PhysicalPlannerImpl.java","90931","275209","366140"
"2014-05-16","PhysicalPlannerImpl.java","90463","190382","280845"
"2015-08-13","HiveCatalogStore.java","4085","7820","11905"
"2015-09-24","HiveCatalogStore.java","111935","146798","258733"
"2015-10-16","HiveCatalogStore.java","113093","149110","262203"
"2015-09-01","HiveCatalogStore.java","100649","108485","209134"
"2015-12-16","HiveCatalogStore.java","116604","156958","273562"
"2015-08-19","HiveCatalogStore.java","98197","105146","203343"
"2015-11-25","HiveCatalogStore.java","115471","153397","268868"
"2015-10-09","HiveCatalogStore.java","113015","148867","261882"
"2015-09-28","HiveCatalogStore.java","112374","147524","259898"
"2015-10-20","HiveCatalogStore.java","113251","149241","262492"
"2015-05-19","TestSelectQuery.java","96106","248545","344651"
"2014-12-30","TestSelectQuery.java","70872","162685","233557"
"2015-02-14","TestSelectQuery.java","80389","175761","256150"
"2014-12-12","TestSelectQuery.java","45863","126153","172016"
"2014-12-08","TestSelectQuery.java","43624","120856","164480"
"2015-08-20","TestSelectQuery.java","133845","307177","441022"
"2013-09-27","PhysicalPlannerImpl.java","3792","4894","8686"
"2013-09-24","PhysicalPlannerImpl.java","3337","3680","7017"
"2014-01-22","PhysicalPlannerImpl.java","34327","93021","127348"
"2015-07-20","PhysicalPlannerImpl.java","92072","375893","467965"
"2013-09-23","PhysicalPlannerImpl.java","2418","2822","5240"
"2014-01-02","PhysicalPlannerImpl.java","30737","81818","112555"
"2013-09-21","PhysicalPlannerImpl.java","1369","1675","3044"
"2014-02-10","PhysicalPlannerImpl.java","47853","110846","158699"
"2013-12-18","PhysicalPlannerImpl.java","27190","74057","101247"
"2014-01-17","PhysicalPlannerImpl.java","33977","90798","124775"
"2015-07-30","PhysicalPlannerImpl.java","92576","382001","474577"
"2014-12-12","PhysicalPlannerImpl.java","90885","303384","394269"
"2014-02-20","PhysicalPlannerImpl.java","48440","114316","162756"
"2015-09-04","PhysicalPlannerImpl.java","92855","392072","484927"
"2014-08-11","PhysicalPlannerImpl.java","90587","214732","305319"
"2013-10-02","PhysicalPlannerImpl.java","5265","11265","16530"
"2013-10-07","PhysicalPlannerImpl.java","8397","22156","30553"
"2015-08-25","PhysicalPlannerImpl.java","92755","391124","483879"
"2013-12-05","PhysicalPlannerImpl.java","26501","64488","90989"
"2014-02-21","PhysicalPlannerImpl.java","48964","115502","164466"
"2015-05-15","PhysicalPlannerImpl.java","92072","332121","424193"
"2015-08-10","PhysicalPlannerImpl.java","92610","385756","478366"
"2014-08-21","PhysicalPlannerImpl.java","90598","220403","311001"
"2014-01-26","PhysicalPlannerImpl.java","35049","94187","129236"
"2015-04-27","PhysicalPlannerImpl.java","92108","329944","422052"
"2014-02-01","PhysicalPlannerImpl.java","47038","107395","154433"
"2014-02-07","PhysicalPlannerImpl.java","47323","110328","157651"
"2014-12-30","PhysicalPlannerImpl.java","91068","307026","398094"
"2015-03-03","PhysicalPlannerImpl.java","91066","311440","402506"
"2014-07-09","PhysicalPlannerImpl.java","90186","206169","296355"
"2014-02-20","PhysicalPlannerImpl.java","48468","115176","163644"
"2015-05-11","PhysicalPlannerImpl.java","92070","332718","424788"
"2014-07-09","PhysicalPlannerImpl.java","90186","204732","294918"
"2014-10-08","PhysicalPlannerImpl.java","90653","275335","365988"
"2014-05-16","PhysicalPlannerImpl.java","90185","190508","280693"
"2013-09-18","PhysicalPlannerImpl.java","1038","761","1799"
"2015-05-19","TestSelectQuery.java","74374","146523","220897"
"2014-12-30","TestSelectQuery.java","36886","48409","85295"
"2015-02-14","TestSelectQuery.java","53479","68561","122040"
"2015-08-20","TestSelectQuery.java","122064","215106","337170"
"2014-01-22","PhysicalPlannerImpl.java","7357","14970","22327"
"2015-07-20","PhysicalPlannerImpl.java","130246","362986","493232"
"2014-02-10","PhysicalPlannerImpl.java","31404","43316","74720"
"2014-01-17","PhysicalPlannerImpl.java","5835","11575","17410"
"2015-07-30","PhysicalPlannerImpl.java","130842","369186","500028"
"2014-12-12","PhysicalPlannerImpl.java","125985","287403","413388"
"2014-02-20","PhysicalPlannerImpl.java","33005","47800","80805"
"2015-09-04","PhysicalPlannerImpl.java","131452","379588","511040"
"2014-08-11","PhysicalPlannerImpl.java","124389","197453","321842"
"2015-08-25","PhysicalPlannerImpl.java","131338","378626","509964"
"2014-02-21","PhysicalPlannerImpl.java","33882","49339","83221"
"2015-05-15","PhysicalPlannerImpl.java","129764","318732","448496"
"2015-08-10","PhysicalPlannerImpl.java","130960","373025","503985"
"2014-08-21","PhysicalPlannerImpl.java","124407","203131","327538"
"2014-01-26","PhysicalPlannerImpl.java","10438","18495","28933"
"2015-04-27","PhysicalPlannerImpl.java","129600","316355","445955"
"2014-02-01","PhysicalPlannerImpl.java","30254","39530","69784"
"2014-02-07","PhysicalPlannerImpl.java","30815","42739","73554"
"2014-12-30","PhysicalPlannerImpl.java","126178","291055","417233"
"2015-03-03","PhysicalPlannerImpl.java","126391","295684","422075"
"2014-07-09","PhysicalPlannerImpl.java","123816","188718","312534"
"2014-02-20","PhysicalPlannerImpl.java","33084","48711","81795"
"2015-05-11","PhysicalPlannerImpl.java","129740","319307","449047"
"2014-07-09","PhysicalPlannerImpl.java","123816","187281","311097"
"2014-10-08","PhysicalPlannerImpl.java","124507","258108","382615"
"2014-05-16","PhysicalPlannerImpl.java","123420","172662","296082"
"2015-05-19","TestSelectQuery.java","76235","151442","227677"
"2014-12-30","TestSelectQuery.java","39846","54427","94273"
"2015-02-14","TestSelectQuery.java","56397","74537","130934"
"2014-12-12","TestSelectQuery.java","3149","6207","9356"
"2015-08-20","TestSelectQuery.java","123431","219531","342962"
"2013-09-27","PhysicalPlannerImpl.java","2469","3265","5734"
"2013-09-24","PhysicalPlannerImpl.java","2002","2039","4041"
"2014-01-22","PhysicalPlannerImpl.java","33846","92234","126080"
"2015-07-20","PhysicalPlannerImpl.java","92337","375852","468189"
"2013-09-23","PhysicalPlannerImpl.java","1077","1175","2252"
"2014-01-02","PhysicalPlannerImpl.java","29872","80647","110519"
"2014-02-10","PhysicalPlannerImpl.java","47406","110093","157499"
"2013-12-18","PhysicalPlannerImpl.java","26318","72879","99197"
"2014-01-17","PhysicalPlannerImpl.java","33497","90012","123509"
"2015-07-30","PhysicalPlannerImpl.java","92841","381960","474801"
"2014-12-12","PhysicalPlannerImpl.java","91150","303343","394493"
"2014-02-20","PhysicalPlannerImpl.java","47994","113564","161558"
"2015-09-04","PhysicalPlannerImpl.java","93120","392031","485151"
"2014-08-11","PhysicalPlannerImpl.java","90852","214691","305543"
"2013-10-02","PhysicalPlannerImpl.java","3951","9645","13596"
"2013-10-07","PhysicalPlannerImpl.java","7113","20566","27679"
"2015-08-25","PhysicalPlannerImpl.java","93020","391083","484103"
"2013-12-05","PhysicalPlannerImpl.java","25565","63246","88811"
"2014-02-21","PhysicalPlannerImpl.java","48554","114786","163340"
"2015-05-15","PhysicalPlannerImpl.java","92337","332080","424417"
"2015-08-10","PhysicalPlannerImpl.java","92875","385715","478590"
"2014-08-21","PhysicalPlannerImpl.java","90863","220362","311225"
"2014-01-26","PhysicalPlannerImpl.java","34593","93425","128018"
"2015-04-27","PhysicalPlannerImpl.java","92373","329903","422276"
"2014-02-01","PhysicalPlannerImpl.java","46582","106633","153215"
"2014-02-07","PhysicalPlannerImpl.java","46853","109552","156405"
"2014-12-30","PhysicalPlannerImpl.java","91333","306985","398318"
"2015-03-03","PhysicalPlannerImpl.java","91331","311399","402730"
"2014-07-09","PhysicalPlannerImpl.java","90452","206129","296581"
"2014-02-20","PhysicalPlannerImpl.java","48022","114424","162446"
"2015-05-11","PhysicalPlannerImpl.java","92335","332677","425012"
"2014-07-09","PhysicalPlannerImpl.java","90452","204692","295144"
"2014-10-08","PhysicalPlannerImpl.java","90918","275294","366212"
"2014-05-16","PhysicalPlannerImpl.java","90451","190468","280919"
"2015-07-20","PhysicalPlannerImpl.java","138695","359523","498218"
"2015-07-30","PhysicalPlannerImpl.java","139388","365820","505208"
"2014-12-12","PhysicalPlannerImpl.java","133881","283387","417268"
"2014-02-20","PhysicalPlannerImpl.java","2527","5410","7937"
"2015-09-04","PhysicalPlannerImpl.java","140019","376243","516262"
"2014-08-11","PhysicalPlannerImpl.java","111287","172439","283726"
"2015-08-25","PhysicalPlannerImpl.java","139905","375281","515186"
"2014-02-21","PhysicalPlannerImpl.java","3766","7311","11077"
"2015-05-15","PhysicalPlannerImpl.java","138200","315256","453456"
"2015-08-10","PhysicalPlannerImpl.java","139451","369604","509055"
"2014-08-21","PhysicalPlannerImpl.java","111309","178121","289430"
"2015-04-27","PhysicalPlannerImpl.java","137983","312826","450809"
"2014-12-30","PhysicalPlannerImpl.java","134098","287063","421161"
"2015-03-03","PhysicalPlannerImpl.java","134361","291742","426103"
"2014-07-09","PhysicalPlannerImpl.java","110624","163614","274238"
"2014-02-20","PhysicalPlannerImpl.java","2660","6375","9035"
"2015-05-11","PhysicalPlannerImpl.java","138176","315831","454007"
"2014-07-09","PhysicalPlannerImpl.java","110624","162177","272801"
"2014-10-08","PhysicalPlannerImpl.java","111541","233230","344771"
"2014-05-16","PhysicalPlannerImpl.java","110075","147405","257480"
"2015-10-08","TajoWriteSupport.java","91701","176675","268376"
"2015-12-17","TestSetSessionQuery.java","130433","261567","392000"
"2015-09-03","DirectRawFileScanner.java","105778","116572","222350"
"2015-11-17","DirectRawFileScanner.java","114787","154814","269601"
"2015-12-03","DirectRawFileScanner.java","115769","158878","274647"
"2015-11-17","DirectRawFileScanner.java","13995","43228","57223"
"2015-12-03","DirectRawFileScanner.java","15811","48126","63937"
"2015-12-03","DirectRawFileScanner.java","2106","5188","7294"
"2014-01-22","PhysicalPlannerImpl.java","16571","28398","44969"
"2015-07-20","PhysicalPlannerImpl.java","130913","367867","498780"
"2014-01-02","PhysicalPlannerImpl.java","9918","14132","24050"
"2014-02-10","PhysicalPlannerImpl.java","39984","56110","96094"
"2014-01-17","PhysicalPlannerImpl.java","15418","25372","40790"
"2015-07-30","PhysicalPlannerImpl.java","131449","374007","505456"
"2014-12-12","PhysicalPlannerImpl.java","127246","292878","420124"
"2014-02-20","PhysicalPlannerImpl.java","41522","60531","102053"
"2015-09-04","PhysicalPlannerImpl.java","131854","384204","516058"
"2014-08-11","PhysicalPlannerImpl.java","126726","204004","330730"
"2015-08-25","PhysicalPlannerImpl.java","131743","383245","514988"
"2014-02-21","PhysicalPlannerImpl.java","42375","62046","104421"
"2015-05-15","PhysicalPlannerImpl.java","130826","324008","454834"
"2015-08-10","PhysicalPlannerImpl.java","131559","377838","509397"
"2014-08-21","PhysicalPlannerImpl.java","126740","209678","336418"
"2014-01-26","PhysicalPlannerImpl.java","19549","31820","51369"
"2015-04-27","PhysicalPlannerImpl.java","130663","321632","452295"
"2014-02-01","PhysicalPlannerImpl.java","38968","52458","91426"
"2014-02-07","PhysicalPlannerImpl.java","39398","55536","94934"
"2014-12-30","PhysicalPlannerImpl.java","127435","296526","423961"
"2015-03-03","PhysicalPlannerImpl.java","127460","300967","428427"
"2014-07-09","PhysicalPlannerImpl.java","126168","195284","321452"
"2014-02-20","PhysicalPlannerImpl.java","41597","61438","103035"
"2015-05-11","PhysicalPlannerImpl.java","130802","324583","455385"
"2014-07-09","PhysicalPlannerImpl.java","126168","193847","320015"
"2014-10-08","PhysicalPlannerImpl.java","126789","264604","391393"
"2014-05-16","PhysicalPlannerImpl.java","125901","179357","305258"
"2015-10-30","TestSortQuery.java","136355","345840","482195"
"2015-02-03","TestSortQuery.java","78543","178904","257447"
"2015-04-17","TestSortQuery.java","87058","203141","290199"
"2014-08-21","TestSortQuery.java","3517","17032","20549"
"2014-12-12","TestSortQuery.java","63467","158850","222317"
"2015-01-20","TestSortQuery.java","78269","177962","256231"
"2015-11-18","TestSortQuery.java","136494","347289","483783"
"2015-09-21","TestSortQuery.java","135655","337871","473526"
"2014-07-15","TestSortQuery.java","82121","210472","292593"
"2014-03-20","TestSortQuery.java","61564","150556","212120"
"2015-10-30","TestSortQuery.java","84573","422409","506982"
"2014-01-07","TestSortQuery.java","49915","112229","162144"
"2014-01-17","TestSortQuery.java","50436","118362","168798"
"2013-07-26","TestSortQuery.java","13947","7998","21945"
"2013-10-07","TestSortQuery.java","34123","57389","91512"
"2015-02-03","TestSortQuery.java","82704","311416","394120"
"2015-04-17","TestSortQuery.java","83604","328038","411642"
"2014-02-16","TestSortQuery.java","60372","135295","195667"
"2014-02-10","TestSortQuery.java","60372","134470","194842"
"2014-05-12","TestSortQuery.java","82133","191653","273786"
"2014-08-21","TestSortQuery.java","82350","224216","306566"
"2014-12-12","TestSortQuery.java","82600","306334","388934"
"2015-01-20","TestSortQuery.java","82709","310753","393462"
"2015-11-18","TestSortQuery.java","84587","423733","508320"
"2015-09-21","TestSortQuery.java","84545","415112","499657"
"2014-07-15","TestSortQuery.java","115277","154636","269913"
"2015-10-30","TestSortQuery.java","150559","399403","549962"
"2015-02-03","TestSortQuery.java","141653","281373","423026"
"2015-04-17","TestSortQuery.java","146543","301985","448528"
"2014-05-12","TestSortQuery.java","114468","134996","249464"
"2014-08-21","TestSortQuery.java","116391","169265","285656"
"2014-12-12","TestSortQuery.java","141143","275885","417028"
"2015-01-20","TestSortQuery.java","141640","280692","422332"
"2015-11-18","TestSortQuery.java","150599","400753","551352"
"2015-09-21","TestSortQuery.java","150311","391886","542197"
"2014-01-22","PhysicalPlannerImpl.java","1916","3789","5705"
"2015-07-20","PhysicalPlannerImpl.java","134298","361298","495596"
"2014-02-10","PhysicalPlannerImpl.java","26480","32652","59132"
"2015-07-30","PhysicalPlannerImpl.java","134898","367502","502400"
"2014-12-12","PhysicalPlannerImpl.java","129749","285427","415176"
"2014-02-20","PhysicalPlannerImpl.java","28444","37499","65943"
"2015-09-04","PhysicalPlannerImpl.java","135498","377894","513392"
"2014-08-11","PhysicalPlannerImpl.java","127765","195089","322854"
"2015-08-25","PhysicalPlannerImpl.java","135384","376932","512316"
"2014-02-21","PhysicalPlannerImpl.java","29432","39149","68581"
"2015-05-15","PhysicalPlannerImpl.java","133816","317044","450860"
"2015-08-10","PhysicalPlannerImpl.java","135016","371341","506357"
"2014-08-21","PhysicalPlannerImpl.java","127786","200770","328556"
"2014-01-26","PhysicalPlannerImpl.java","5209","7526","12735"
"2015-04-27","PhysicalPlannerImpl.java","133648","314663","448311"
"2014-02-01","PhysicalPlannerImpl.java","25210","28746","53956"
"2014-02-07","PhysicalPlannerImpl.java","25885","32069","57954"
"2014-12-30","PhysicalPlannerImpl.java","129959","289096","419055"
"2015-03-03","PhysicalPlannerImpl.java","130192","293745","423937"
"2014-07-09","PhysicalPlannerImpl.java","127179","186341","313520"
"2014-02-20","PhysicalPlannerImpl.java","28556","38443","66999"
"2015-05-11","PhysicalPlannerImpl.java","133792","317619","451411"
"2014-07-09","PhysicalPlannerImpl.java","127179","184904","312083"
"2014-10-08","PhysicalPlannerImpl.java","127965","255826","383791"
"2014-05-16","PhysicalPlannerImpl.java","126729","170231","296960"
"2015-11-18","TestSortQuery.java","2669","3979","6648"
"2014-07-15","TestSortQuery.java","123953","189990","313943"
"2014-03-20","TestSortQuery.java","41182","67860","109042"
"2015-10-30","TestSortQuery.java","131967","407489","539456"
"2014-01-17","TestSortQuery.java","4010","9622","13632"
"2015-02-03","TestSortQuery.java","126326","292724","419050"
"2015-04-17","TestSortQuery.java","129684","311804","441488"
"2014-02-16","TestSortQuery.java","29765","42374","72139"
"2014-02-10","TestSortQuery.java","29660","41444","71104"
"2014-05-12","TestSortQuery.java","123530","170736","294266"
"2014-08-21","TestSortQuery.java","124514","204066","328580"
"2014-12-12","TestSortQuery.java","126095","287515","413610"
"2015-01-20","TestSortQuery.java","126329","292059","418388"
"2015-11-18","TestSortQuery.java","132001","408833","540834"
"2015-09-21","TestSortQuery.java","131813","400066","531879"
"2014-07-15","TestSortQuery.java","127221","187646","314867"
"2014-03-20","TestSortQuery.java","38604","59670","98274"
"2015-10-30","TestSortQuery.java","135894","405804","541698"
"2015-02-03","TestSortQuery.java","130003","290789","420792"
"2015-04-17","TestSortQuery.java","133622","310130","443752"
"2014-02-16","TestSortQuery.java","26629","33626","60255"
"2014-02-10","TestSortQuery.java","26480","32652","59132"
"2014-05-12","TestSortQuery.java","126729","168323","295052"
"2014-08-21","TestSortQuery.java","127783","201723","329506"
"2014-12-12","TestSortQuery.java","129749","285557","415306"
"2015-01-20","TestSortQuery.java","130006","290124","420130"
"2015-11-18","TestSortQuery.java","135930","407150","543080"
"2015-09-21","TestSortQuery.java","135749","398390","534139"
"2014-07-15","TestSortQuery.java","75237","209537","284774"
"2014-03-20","TestSortQuery.java","51937","146878","198815"
"2015-10-30","TestSortQuery.java","77699","421484","499183"
"2014-01-07","TestSortQuery.java","39283","107546","146829"
"2014-01-17","TestSortQuery.java","40534","114409","154943"
"2013-10-07","TestSortQuery.java","22281","51496","73777"
"2015-02-03","TestSortQuery.java","75820","310481","386301"
"2015-04-17","TestSortQuery.java","76720","327103","403823"
"2014-02-16","TestSortQuery.java","50545","131417","181962"
"2014-02-10","TestSortQuery.java","50548","130595","181143"
"2014-05-12","TestSortQuery.java","75249","190718","265967"
"2014-08-21","TestSortQuery.java","75466","223281","298747"
"2014-12-12","TestSortQuery.java","75716","305399","381115"
"2015-01-20","TestSortQuery.java","75825","309818","385643"
"2015-11-18","TestSortQuery.java","77718","422813","500531"
"2015-09-21","TestSortQuery.java","77666","414182","491848"
"2014-07-15","TestSortQuery.java","99109","204194","303303"
"2014-03-20","TestSortQuery.java","55571","121297","176868"
"2015-10-30","TestSortQuery.java","102184","416754","518938"
"2014-01-07","TestSortQuery.java","29319","68367","97686"
"2014-01-17","TestSortQuery.java","31900","76560","108460"
"2015-02-03","TestSortQuery.java","100040","305486","405526"
"2015-04-17","TestSortQuery.java","101068","322236","423304"
"2014-02-16","TestSortQuery.java","49526","101183","150709"
"2014-02-10","TestSortQuery.java","49510","100342","149852"
"2014-05-12","TestSortQuery.java","99078","185332","284410"
"2014-08-21","TestSortQuery.java","99535","218135","317670"
"2014-12-12","TestSortQuery.java","99849","300317","400166"
"2015-01-20","TestSortQuery.java","100045","304823","404868"
"2015-11-18","TestSortQuery.java","102216","418096","520312"
"2015-09-21","TestSortQuery.java","102113","409414","511527"
"2015-08-13","HiveCatalogStore.java","4268","8675","12943"
"2015-09-24","HiveCatalogStore.java","111830","147365","259195"
"2015-10-16","HiveCatalogStore.java","112985","149674","262659"
"2015-09-01","HiveCatalogStore.java","100577","109085","209662"
"2015-12-16","HiveCatalogStore.java","116493","157519","274012"
"2015-08-19","HiveCatalogStore.java","98205","105826","204031"
"2015-11-25","HiveCatalogStore.java","115360","153958","269318"
"2015-10-09","HiveCatalogStore.java","112907","149431","262338"
"2015-09-28","HiveCatalogStore.java","112269","148091","260360"
"2015-10-20","HiveCatalogStore.java","113141","149803","262944"
"2015-07-31","HiveCatalogStore.java","340","1012","1352"
"2015-10-30","TestSortQuery.java","100786","209910","310696"
"2015-04-17","TestSortQuery.java","16738","32460","49198"
"2015-11-18","TestSortQuery.java","102065","212499","314564"
"2015-09-21","TestSortQuery.java","99068","200923","299991"
"2015-09-04","PhysicalPlannerImpl.java","103994","113786","217780"
"2015-08-25","PhysicalPlannerImpl.java","99780","108724","208504"
"2015-08-10","PhysicalPlannerImpl.java","1722","5443","7165"
"2015-10-30","TestSortQuery.java","93438","186840","280278"
"2015-11-18","TestSortQuery.java","94790","189502","284292"
"2015-09-21","TestSortQuery.java","91508","177641","269149"
"2015-07-20","PhysicalPlannerImpl.java","62429","133751","196180"
"2015-07-30","PhysicalPlannerImpl.java","69968","146894","216862"
"2015-09-04","PhysicalPlannerImpl.java","109912","196630","306542"
"2015-08-25","PhysicalPlannerImpl.java","106697","192567","299264"
"2015-05-15","PhysicalPlannerImpl.java","41284","68834","110118"
"2015-08-10","PhysicalPlannerImpl.java","70672","151319","221991"
"2015-04-27","PhysicalPlannerImpl.java","38264","63601","101865"
"2014-12-30","PhysicalPlannerImpl.java","9352","12811","22163"
"2015-03-03","PhysicalPlannerImpl.java","26759","34634","61393"
"2015-05-11","PhysicalPlannerImpl.java","39567","67716","107283"
"2014-07-15","TestSortQuery.java","111026","164454","275480"
"2014-03-20","TestSortQuery.java","13765","27834","41599"
"2015-10-30","TestSortQuery.java","141263","404176","545439"
"2015-02-03","TestSortQuery.java","134879","288668","423547"
"2015-04-17","TestSortQuery.java","138687","308198","446885"
"2014-05-12","TestSortQuery.java","110432","145029","255461"
"2014-08-21","TestSortQuery.java","112035","178978","291013"
"2014-12-12","TestSortQuery.java","134600","283411","418011"
"2015-01-20","TestSortQuery.java","134882","288003","422885"
"2015-11-18","TestSortQuery.java","141299","405522","546821"
"2015-09-21","TestSortQuery.java","141091","396735","537826"
"2015-07-20","PhysicalPlannerImpl.java","141088","359033","500121"
"2015-07-30","PhysicalPlannerImpl.java","141830","365379","507209"
"2014-12-12","PhysicalPlannerImpl.java","135870","282493","418363"
"2015-09-04","PhysicalPlannerImpl.java","142669","376010","518679"
"2014-08-11","PhysicalPlannerImpl.java","113157","171426","284583"
"2015-08-25","PhysicalPlannerImpl.java","142552","375045","517597"
"2014-02-21","PhysicalPlannerImpl.java","1264","1926","3190"
"2015-05-15","PhysicalPlannerImpl.java","140583","314756","455339"
"2015-08-10","PhysicalPlannerImpl.java","141898","369168","511066"
"2014-08-21","PhysicalPlannerImpl.java","113184","177113","290297"
"2015-04-27","PhysicalPlannerImpl.java","140364","312324","452688"
"2014-12-30","PhysicalPlannerImpl.java","136087","286169","422256"
"2015-03-03","PhysicalPlannerImpl.java","136328","290826","427154"
"2014-07-09","PhysicalPlannerImpl.java","112132","162239","274371"
"2015-05-11","PhysicalPlannerImpl.java","140559","315331","455890"
"2014-07-09","PhysicalPlannerImpl.java","112132","160802","272934"
"2014-10-08","PhysicalPlannerImpl.java","113443","232249","345692"
"2014-05-16","PhysicalPlannerImpl.java","111513","145960","257473"
"2014-07-15","TestSortQuery.java","110670","164923","275593"
"2014-03-20","TestSortQuery.java","13771","28665","42436"
"2015-10-30","TestSortQuery.java","140527","404265","544792"
"2015-02-03","TestSortQuery.java","134160","288774","422934"
"2015-04-17","TestSortQuery.java","137951","308287","446238"
"2014-02-16","TestSortQuery.java","181","1006","1187"
"2014-05-12","TestSortQuery.java","110075","145497","255572"
"2014-08-21","TestSortQuery.java","111316","179084","290400"
"2014-12-12","TestSortQuery.java","133881","283517","417398"
"2015-01-20","TestSortQuery.java","134163","288109","422272"
"2015-11-18","TestSortQuery.java","140563","405611","546174"
"2015-09-21","TestSortQuery.java","140355","396824","537179"
"2014-07-15","TestSortQuery.java","7863","26694","34557"
"2015-10-30","TestSortQuery.java","128180","356496","484676"
"2015-02-03","TestSortQuery.java","79672","198864","278536"
"2015-04-17","TestSortQuery.java","87368","222282","309650"
"2014-08-21","TestSortQuery.java","10767","43113","53880"
"2014-12-12","TestSortQuery.java","65999","180213","246212"
"2015-01-20","TestSortQuery.java","79417","197941","277358"
"2015-11-18","TestSortQuery.java","128260","357886","486146"
"2015-09-21","TestSortQuery.java","127519","348566","476085"
"2015-07-20","PhysicalPlannerImpl.java","103527","263203","366730"
"2015-07-30","PhysicalPlannerImpl.java","106242","271522","377764"
"2014-12-12","PhysicalPlannerImpl.java","64622","152976","217598"
"2015-09-04","PhysicalPlannerImpl.java","134748","309820","444568"
"2015-08-25","PhysicalPlannerImpl.java","134306","308530","442836"
"2015-05-15","PhysicalPlannerImpl.java","90494","206398","296892"
"2015-08-10","PhysicalPlannerImpl.java","106665","275666","382331"
"2014-08-21","PhysicalPlannerImpl.java","813","6473","7286"
"2015-04-27","PhysicalPlannerImpl.java","88789","202480","291269"
"2014-12-30","PhysicalPlannerImpl.java","70872","162685","233557"
"2015-03-03","PhysicalPlannerImpl.java","80622","176851","257473"
"2015-05-11","PhysicalPlannerImpl.java","89175","205678","294853"
"2014-10-08","PhysicalPlannerImpl.java","3344","63881","67225"
"2015-08-13","HiveCatalogStore.java","68433","143646","212079"
"2015-09-24","HiveCatalogStore.java","111626","217967","329593"
"2015-10-16","HiveCatalogStore.java","112154","219649","331803"
"2015-09-01","HiveCatalogStore.java","104744","184058","288802"
"2015-04-17","HiveCatalogStore.java","32922","47632","80554"
"2015-12-16","HiveCatalogStore.java","114720","226552","341272"
"2015-08-19","HiveCatalogStore.java","103472","181899","285371"
"2015-07-20","HiveCatalogStore.java","60763","127761","188524"
"2015-11-25","HiveCatalogStore.java","114021","223425","337446"
"2015-10-09","HiveCatalogStore.java","112152","219482","331634"
"2015-09-28","HiveCatalogStore.java","111830","218458","330288"
"2015-03-27","HiveCatalogStore.java","26822","35467","62289"
"2015-04-05","HiveCatalogStore.java","29485","38755","68240"
"2015-10-20","HiveCatalogStore.java","112238","219706","331944"
"2015-07-31","HiveCatalogStore.java","66775","138253","205028"
"2015-07-30","HiveCatalogStore.java","66729","137535","204264"
"2013-09-27","PhysicalPlannerImpl.java","8165","22159","30324"
"2013-09-24","PhysicalPlannerImpl.java","7945","21180","29125"
"2014-01-22","PhysicalPlannerImpl.java","32738","104324","137062"
"2015-07-20","PhysicalPlannerImpl.java","79732","376445","456177"
"2013-09-23","PhysicalPlannerImpl.java","7046","20342","27388"
"2013-09-16","PhysicalPlannerImpl.java","5130","18022","23152"
"2014-01-02","PhysicalPlannerImpl.java","30060","94033","124093"
"2013-09-21","PhysicalPlannerImpl.java","6117","19315","25432"
"2014-02-10","PhysicalPlannerImpl.java","42768","118653","161421"
"2013-12-18","PhysicalPlannerImpl.java","26733","86492","113225"
"2014-01-17","PhysicalPlannerImpl.java","32553","102266","134819"
"2015-07-30","PhysicalPlannerImpl.java","80234","382551","462785"
"2014-12-12","PhysicalPlannerImpl.java","78563","303954","382517"
"2014-02-20","PhysicalPlannerImpl.java","43300","122068","165368"
"2015-09-04","PhysicalPlannerImpl.java","80511","392620","473131"
"2014-08-11","PhysicalPlannerImpl.java","78283","215320","293603"
"2013-10-02","PhysicalPlannerImpl.java","9287","28179","37466"
"2013-10-07","PhysicalPlannerImpl.java","11755","38406","50161"
"2015-08-25","PhysicalPlannerImpl.java","80411","391672","472083"
"2013-12-05","PhysicalPlannerImpl.java","26155","77034","103189"
"2014-02-21","PhysicalPlannerImpl.java","43606","123036","166642"
"2015-05-15","PhysicalPlannerImpl.java","79733","332674","412407"
"2015-08-10","PhysicalPlannerImpl.java","80266","386304","466570"
"2014-08-21","PhysicalPlannerImpl.java","78293","220990","299283"
"2014-01-26","PhysicalPlannerImpl.java","33374","105404","138778"
"2015-04-27","PhysicalPlannerImpl.java","79775","330503","410278"
"2014-02-01","PhysicalPlannerImpl.java","41989","115238","157227"
"2014-02-07","PhysicalPlannerImpl.java","42238","118135","160373"
"2014-12-30","PhysicalPlannerImpl.java","78746","307596","386342"
"2015-03-03","PhysicalPlannerImpl.java","78744","312010","390754"
"2014-07-09","PhysicalPlannerImpl.java","78053","206928","284981"
"2014-02-20","PhysicalPlannerImpl.java","43322","122922","166244"
"2015-05-11","PhysicalPlannerImpl.java","79731","333271","413002"
"2014-07-09","PhysicalPlannerImpl.java","78053","205491","283544"
"2014-10-08","PhysicalPlannerImpl.java","78347","275921","354268"
"2014-05-16","PhysicalPlannerImpl.java","78054","191269","269323"
"2013-09-18","PhysicalPlannerImpl.java","5979","18594","24573"
"2015-10-30","TestSortQuery.java","145383","341353","486736"
"2015-02-03","TestSortQuery.java","83505","170351","253856"
"2015-04-17","TestSortQuery.java","92276","194844","287120"
"2014-12-12","TestSortQuery.java","66583","148451","215034"
"2015-01-20","TestSortQuery.java","83139","169317","252456"
"2015-11-18","TestSortQuery.java","145560","342840","488400"
"2015-09-21","TestSortQuery.java","144679","333380","478059"
"2014-01-22","PhysicalPlannerImpl.java","32976","85670","118646"
"2015-07-20","PhysicalPlannerImpl.java","97507","375328","472835"
"2014-01-02","PhysicalPlannerImpl.java","28661","73742","102403"
"2014-02-10","PhysicalPlannerImpl.java","46797","103790","150587"
"2013-12-18","PhysicalPlannerImpl.java","25036","65903","90939"
"2014-01-17","PhysicalPlannerImpl.java","32573","83394","115967"
"2015-07-30","PhysicalPlannerImpl.java","98071","381496","479567"
"2014-12-12","PhysicalPlannerImpl.java","96304","302803","399107"
"2014-02-20","PhysicalPlannerImpl.java","47449","107325","154774"
"2015-09-04","PhysicalPlannerImpl.java","98315","391532","489847"
"2014-08-11","PhysicalPlannerImpl.java","95984","214129","310113"
"2013-10-07","PhysicalPlannerImpl.java","4452","12211","16663"
"2015-08-25","PhysicalPlannerImpl.java","98215","390584","488799"
"2013-12-05","PhysicalPlannerImpl.java","24129","56116","80245"
"2014-02-21","PhysicalPlannerImpl.java","48062","108600","156662"
"2015-05-15","PhysicalPlannerImpl.java","97507","331556","429063"
"2015-08-10","PhysicalPlannerImpl.java","98096","385242","483338"
"2014-08-21","PhysicalPlannerImpl.java","95995","219800","315795"
"2014-01-26","PhysicalPlannerImpl.java","33869","87007","120876"
"2015-04-27","PhysicalPlannerImpl.java","97533","329369","426902"
"2014-02-01","PhysicalPlannerImpl.java","45946","100303","146249"
"2014-02-07","PhysicalPlannerImpl.java","46234","103239","149473"
"2014-12-30","PhysicalPlannerImpl.java","96487","306445","402932"
"2015-03-03","PhysicalPlannerImpl.java","96485","310859","407344"
"2014-07-09","PhysicalPlannerImpl.java","95569","205552","301121"
"2014-02-20","PhysicalPlannerImpl.java","47485","108193","155678"
"2015-05-11","PhysicalPlannerImpl.java","97505","332153","429658"
"2014-07-09","PhysicalPlannerImpl.java","95569","204115","299684"
"2014-10-08","PhysicalPlannerImpl.java","96052","274734","370786"
"2014-05-16","PhysicalPlannerImpl.java","95547","189870","285417"
"2015-10-30","TestSortQuery.java","114916","229018","343934"
"2015-02-03","TestSortQuery.java","21864","26842","48706"
"2015-04-17","TestSortQuery.java","37859","58559","96418"
"2015-01-20","TestSortQuery.java","21016","25326","46342"
"2015-11-18","TestSortQuery.java","116148","231560","347708"
"2015-09-21","TestSortQuery.java","113520","220353","333873"
"2014-01-22","PhysicalPlannerImpl.java","29908","74843","104751"
"2015-07-20","PhysicalPlannerImpl.java","102159","372221","474380"
"2014-01-02","PhysicalPlannerImpl.java","25106","62428","87534"
"2014-02-10","PhysicalPlannerImpl.java","47864","97098","144962"
"2013-12-18","PhysicalPlannerImpl.java","21286","54394","75680"
"2014-01-17","PhysicalPlannerImpl.java","29366","72428","101794"
"2015-07-30","PhysicalPlannerImpl.java","102726","378392","481118"
"2014-12-12","PhysicalPlannerImpl.java","100928","299668","400596"
"2014-02-20","PhysicalPlannerImpl.java","48774","100891","149665"
"2015-09-04","PhysicalPlannerImpl.java","103063","388521","491584"
"2014-08-11","PhysicalPlannerImpl.java","100578","210964","311542"
"2015-08-25","PhysicalPlannerImpl.java","102964","387574","490538"
"2013-12-05","PhysicalPlannerImpl.java","20303","44531","64834"
"2014-02-21","PhysicalPlannerImpl.java","49407","102186","151593"
"2015-05-15","PhysicalPlannerImpl.java","102145","328435","430580"
"2015-08-10","PhysicalPlannerImpl.java","102774","382161","484935"
"2014-08-21","PhysicalPlannerImpl.java","100589","216635","317224"
"2014-01-26","PhysicalPlannerImpl.java","31635","77014","108649"
"2015-04-27","PhysicalPlannerImpl.java","102171","326248","428419"
"2014-02-01","PhysicalPlannerImpl.java","47007","93605","140612"
"2014-02-07","PhysicalPlannerImpl.java","47297","96543","143840"
"2014-12-30","PhysicalPlannerImpl.java","101113","303312","404425"
"2015-03-03","PhysicalPlannerImpl.java","101117","307732","408849"
"2014-07-09","PhysicalPlannerImpl.java","100163","202387","302550"
"2014-02-20","PhysicalPlannerImpl.java","48813","101762","150575"
"2015-05-11","PhysicalPlannerImpl.java","102143","329032","431175"
"2014-07-09","PhysicalPlannerImpl.java","100163","200950","301113"
"2014-10-08","PhysicalPlannerImpl.java","100647","271570","372217"
"2014-05-16","PhysicalPlannerImpl.java","100099","186663","286762"
"2015-10-30","TestSortQuery.java","101415","211207","312622"
"2015-02-03","TestSortQuery.java","1574","2242","3816"
"2015-04-17","TestSortQuery.java","18205","34595","52800"
"2015-11-18","TestSortQuery.java","102694","213796","316490"
"2015-09-21","TestSortQuery.java","99707","202230","301937"
"2015-11-17","DirectRawFileWriter.java","114787","154814","269601"
"2015-08-10","DirectRawFileWriter.java","4513","9802","14315"
"2015-11-25","DirectRawFileWriter.java","115377","155543","270920"
"2015-09-03","DirectRawFileWriter.java","105778","116572","222350"
"2015-11-13","DirectRawFileWriter.java","114185","153708","267893"
"2015-11-25","DirectRawFileWriter.java","1425","1564","2989"
"2015-11-17","DirectRawFileWriter.java","114741","149479","264220"
"2015-11-25","DirectRawFileWriter.java","115342","150219","265561"
"2015-09-03","DirectRawFileWriter.java","103700","109205","212905"
"2015-11-13","DirectRawFileWriter.java","114133","148367","262500"
"2014-08-06","HiveCatalogStoreClientPool.java","124449","195650","320099"
"2014-02-19","HiveCatalogStoreClientPool.java","31004","45244","76248"
"2015-04-17","HiveCatalogStoreClientPool.java","129956","311803","441759"
"2014-03-20","HiveCatalogStoreClientPool.java","40984","67389","108373"
"2014-07-11","HiveCatalogStoreClientPool.java","123945","189013","312958"
"2014-03-04","HiveCatalogStoreClientPool.java","38490","55648","94138"
"2015-04-17","HiveCatalogStoreClientPool.java","88606","199252","287858"
"2014-08-06","HiveCatalogStoreClientPool.java","112924","169885","282809"
"2015-04-17","HiveCatalogStoreClientPool.java","140178","307785","447963"
"2014-03-20","HiveCatalogStoreClientPool.java","12345","24510","36855"
"2014-07-11","HiveCatalogStoreClientPool.java","112015","162843","274858"
"2014-03-04","HiveCatalogStoreClientPool.java","8058","10976","19034"
"2015-09-04","PhysicalPlannerImpl.java","4665","5513","10178"
"2015-10-30","TestSortQuery.java","4054","11323","15377"
"2015-11-18","TestSortQuery.java","6654","15233","21887"
"2014-08-21","TestTablePartitions.java","126739","209343","336082"
"2015-04-27","TestTablePartitions.java","130663","321632","452295"
"2014-10-25","TestTablePartitions.java","127038","265313","392351"
"2014-02-04","TestTablePartitions.java","39115","53856","92971"
"2015-09-03","TestTablePartitions.java","131851","382980","514831"
"2014-07-15","TestTablePartitions.java","126191","196393","322584"
"2015-07-31","TestTablePartitions.java","131447","374677","506124"
"2014-01-26","TestTablePartitions.java","19549","31820","51369"
"2014-03-20","TestTablePartitions.java","50948","81968","132916"
"2014-12-04","TestTablePartitions.java","127233","280987","408220"
"2014-01-14","TestTablePartitions.java","12241","17692","29933"
"2014-04-21","TestTablePartitions.java","124318","170163","294481"
"2015-06-24","TestTablePartitions.java","130811","368999","499810"
"2014-01-17","TestTablePartitions.java","15418","25372","40790"
"2015-09-24","TestTablePartitions.java","132125","410218","542343"
"2014-07-15","TestTablePartitions.java","126195","198768","324963"
"2015-04-17","TestTablePartitions.java","130635","317097","447732"
"2014-10-06","TestTablePartitions.java","126789","262770","389559"
"2015-06-26","TestTablePartitions.java","130811","369505","500316"
"2015-07-22","TestTablePartitions.java","131362","369859","501221"
"2014-06-23","TestTablePartitions.java","126050","190939","316989"
"2015-07-20","TestTablePartitions.java","131358","370108","501466"
"2014-08-11","TestTablePartitions.java","126726","204164","330890"
"2015-09-23","TestTablePartitions.java","132114","406815","538929"
"2015-08-26","TestTablePartitions.java","131743","383293","515036"
"2015-11-26","TestTablePartitions.java","132264","414040","546304"
"2015-04-27","TestTablePartitions.java","92542","200907","293449"
"2014-10-25","TestTablePartitions.java","35021","90692","125713"
"2015-09-03","TestTablePartitions.java","139370","307895","447265"
"2015-07-31","TestTablePartitions.java","110183","270809","380992"
"2014-12-04","TestTablePartitions.java","44932","116082","161014"
"2015-06-24","TestTablePartitions.java","102934","258518","361452"
"2015-09-24","TestTablePartitions.java","143991","339480","483471"
"2015-04-17","TestTablePartitions.java","92348","196206","288554"
"2014-10-06","TestTablePartitions.java","2614","55991","58605"
"2015-06-26","TestTablePartitions.java","102977","259067","362044"
"2015-07-22","TestTablePartitions.java","109371","265264","374635"
"2015-07-20","TestTablePartitions.java","108711","264857","373568"
"2015-09-23","TestTablePartitions.java","143976","336073","480049"
"2015-08-26","TestTablePartitions.java","138948","307894","446842"
"2015-11-26","TestTablePartitions.java","144805","343977","488782"
"2015-09-03","TestTablePartitions.java","85107","145267","230374"
"2015-07-31","TestTablePartitions.java","40645","92906","133551"
"2015-06-24","TestTablePartitions.java","22181","69400","91581"
"2015-09-24","TestTablePartitions.java","92892","180016","272908"
"2015-06-26","TestTablePartitions.java","22586","70311","92897"
"2015-07-22","TestTablePartitions.java","37225","84753","121978"
"2015-07-20","TestTablePartitions.java","33973","81754","115727"
"2015-09-23","TestTablePartitions.java","92872","176604","269476"
"2015-08-26","TestTablePartitions.java","84289","144870","229159"
"2015-11-26","TestTablePartitions.java","95855","186662","282517"
"2014-08-06","HiveCatalogStoreClientPool.java","116188","160984","277172"
"2015-04-17","HiveCatalogStoreClientPool.java","146543","301985","448528"
"2014-07-11","HiveCatalogStoreClientPool.java","115263","153926","269189"
"2015-04-27","TestTablePartitions.java","64862","117556","182418"
"2015-09-03","TestTablePartitions.java","118550","231404","349954"
"2015-07-31","TestTablePartitions.java","86605","191560","278165"
"2014-12-04","TestTablePartitions.java","11247","26726","37973"
"2015-06-24","TestTablePartitions.java","77333","177246","254579"
"2015-09-24","TestTablePartitions.java","124027","263845","387872"
"2015-04-17","TestTablePartitions.java","64553","112740","177293"
"2015-06-26","TestTablePartitions.java","77400","177819","255219"
"2015-07-22","TestTablePartitions.java","85693","185915","271608"
"2015-07-20","TestTablePartitions.java","84184","184659","268843"
"2015-09-23","TestTablePartitions.java","123979","260405","384384"
"2015-08-26","TestTablePartitions.java","118116","231391","349507"
"2015-11-26","TestTablePartitions.java","125301","268802","394103"
"2014-01-22","PhysicalPlannerImpl.java","18100","38807","56907"
"2015-07-20","PhysicalPlannerImpl.java","123124","368958","492082"
"2014-01-02","PhysicalPlannerImpl.java","12586","25680","38266"
"2014-02-10","PhysicalPlannerImpl.java","39980","64986","104966"
"2013-12-18","PhysicalPlannerImpl.java","3030","11910","14940"
"2014-01-17","PhysicalPlannerImpl.java","17202","36036","53238"
"2015-07-30","PhysicalPlannerImpl.java","123661","375099","498760"
"2014-12-12","PhysicalPlannerImpl.java","120102","294614","414716"
"2014-02-20","PhysicalPlannerImpl.java","41348","69237","110585"
"2015-09-04","PhysicalPlannerImpl.java","124043","385273","509316"
"2014-08-11","PhysicalPlannerImpl.java","119572","205730","325302"
"2015-08-25","PhysicalPlannerImpl.java","123932","384314","508246"
"2014-02-21","PhysicalPlannerImpl.java","42110","70661","112771"
"2015-05-15","PhysicalPlannerImpl.java","123049","325111","448160"
"2015-08-10","PhysicalPlannerImpl.java","123747","378906","502653"
"2014-08-21","PhysicalPlannerImpl.java","119583","211401","330984"
"2014-01-26","PhysicalPlannerImpl.java","20664","41815","62479"
"2015-04-27","PhysicalPlannerImpl.java","122896","322745","445641"
"2014-02-01","PhysicalPlannerImpl.java","39050","61420","100470"
"2014-02-07","PhysicalPlannerImpl.java","39406","64424","103830"
"2014-12-30","PhysicalPlannerImpl.java","120290","298261","418551"
"2015-03-03","PhysicalPlannerImpl.java","120316","302703","423019"
"2014-07-09","PhysicalPlannerImpl.java","119028","197024","316052"
"2014-02-20","PhysicalPlannerImpl.java","41414","70135","111549"
"2015-05-11","PhysicalPlannerImpl.java","123025","325686","448711"
"2014-07-09","PhysicalPlannerImpl.java","119028","195587","314615"
"2014-10-08","PhysicalPlannerImpl.java","119651","266346","385997"
"2014-05-16","PhysicalPlannerImpl.java","118913","181249","300162"
"2014-08-21","TestTablePartitions.java","110912","178775","289687"
"2015-04-27","TestTablePartitions.java","137020","313248","450268"
"2014-10-25","TestTablePartitions.java","117380","240914","358294"
"2015-09-03","TestTablePartitions.java","139026","375414","514440"
"2014-07-15","TestTablePartitions.java","110273","165734","276007"
"2015-07-31","TestTablePartitions.java","138385","366874","505259"
"2014-03-20","TestTablePartitions.java","15148","31427","46575"
"2014-12-04","TestTablePartitions.java","121098","260111","381209"
"2014-04-21","TestTablePartitions.java","107721","138825","246546"
"2015-06-24","TestTablePartitions.java","137596","361043","498639"
"2015-09-24","TestTablePartitions.java","139412","402764","542176"
"2014-07-15","TestTablePartitions.java","110275","168107","278382"
"2015-04-17","TestTablePartitions.java","136989","308710","445699"
"2014-10-06","TestTablePartitions.java","111126","232366","343492"
"2015-06-26","TestTablePartitions.java","137596","361549","499145"
"2015-07-22","TestTablePartitions.java","138281","362037","500318"
"2014-06-23","TestTablePartitions.java","110062","160210","270272"
"2015-07-20","TestTablePartitions.java","138279","362288","500567"
"2014-08-11","TestTablePartitions.java","110891","173588","284479"
"2015-09-23","TestTablePartitions.java","139398","399358","538756"
"2015-08-26","TestTablePartitions.java","138909","375718","514627"
"2015-11-26","TestTablePartitions.java","139576","406611","546187"
"2014-08-06","HiveCatalogStoreClientPool.java","1922","8055","9977"
"2015-04-17","HiveCatalogStoreClientPool.java","86888","203667","290555"
"2015-09-24","TestTablePartitions.java","13478","40442","53920"
"2015-09-23","TestTablePartitions.java","13308","36880","50188"
"2015-11-26","TestTablePartitions.java","18593","49240","67833"
"2015-11-17","DirectRawFileWriter.java","13995","43228","57223"
"2015-11-25","DirectRawFileWriter.java","15319","44691","60010"
"2015-11-13","DirectRawFileWriter.java","13186","41915","55101"
"2014-08-06","HiveCatalogStoreClientPool.java","114974","169017","283991"
"2015-04-17","HiveCatalogStoreClientPool.java","142694","307383","450077"
"2014-03-20","HiveCatalogStoreClientPool.java","4662","13909","18571"
"2014-07-11","HiveCatalogStoreClientPool.java","114061","161971","276032"
"2014-08-21","TestTablePartitions.java","3441","15843","19284"
"2015-04-27","TestTablePartitions.java","87155","207922","295077"
"2014-10-25","TestTablePartitions.java","35608","103681","139289"
"2015-09-03","TestTablePartitions.java","131092","312019","443111"
"2015-07-31","TestTablePartitions.java","104193","277221","381414"
"2014-12-04","TestTablePartitions.java","44292","127844","172136"
"2015-06-24","TestTablePartitions.java","97095","265081","362176"
"2015-09-24","TestTablePartitions.java","135688","343579","479267"
"2015-04-17","TestTablePartitions.java","86978","203238","290216"
"2014-10-06","TestTablePartitions.java","5675","71454","77129"
"2015-06-26","TestTablePartitions.java","97114","265606","362720"
"2015-07-22","TestTablePartitions.java","103400","271695","375095"
"2015-07-20","TestTablePartitions.java","102761","271309","374070"
"2014-08-11","TestTablePartitions.java","2780","10016","12796"
"2015-09-23","TestTablePartitions.java","135673","340172","475845"
"2015-08-26","TestTablePartitions.java","130670","312018","442688"
"2015-11-26","TestTablePartitions.java","136459","348033","484492"
"2015-11-17","DirectRawFileWriter.java","896","1400","2296"
"2015-11-25","DirectRawFileWriter.java","2321","2964","5285"
"2015-07-20","PhysicalPlannerImpl.java","141576","358859","500435"
"2015-07-30","PhysicalPlannerImpl.java","142320","365207","507527"
"2014-12-12","PhysicalPlannerImpl.java","136342","282303","418645"
"2015-09-04","PhysicalPlannerImpl.java","143038","375717","518755"
"2014-08-11","PhysicalPlannerImpl.java","113539","171146","284685"
"2015-08-25","PhysicalPlannerImpl.java","142920","374751","517671"
"2015-05-15","PhysicalPlannerImpl.java","141069","314580","455649"
"2015-08-10","PhysicalPlannerImpl.java","142388","368996","511384"
"2014-08-21","PhysicalPlannerImpl.java","113566","176833","290399"
"2015-04-27","PhysicalPlannerImpl.java","140846","312144","452990"
"2014-12-30","PhysicalPlannerImpl.java","136558","285978","422536"
"2015-03-03","PhysicalPlannerImpl.java","136799","290635","427434"
"2014-07-09","PhysicalPlannerImpl.java","112511","161956","274467"
"2015-05-11","PhysicalPlannerImpl.java","141045","315155","456200"
"2014-07-09","PhysicalPlannerImpl.java","112511","160519","273030"
"2014-10-08","PhysicalPlannerImpl.java","113826","231970","345796"
"2014-05-16","PhysicalPlannerImpl.java","111892","145677","257569"
"2015-09-03","TestTablePartitions.java","100849","108748","209597"
"2015-09-24","TestTablePartitions.java","111935","146798","258733"
"2015-09-23","TestTablePartitions.java","111800","143271","255071"
"2015-08-26","TestTablePartitions.java","99808","108128","207936"
"2015-11-26","TestTablePartitions.java","115761","154307","270068"
"2015-11-17","RawFile.java","84576","423565","508141"
"2014-12-22","RawFile.java","82703","307125","389828"
"2014-09-24","RawFile.java","82389","274598","356987"
"2014-12-12","RawFile.java","82600","306204","388804"
"2014-02-10","RawFile.java","60372","134470","194842"
"2014-11-12","RawFile.java","82577","291771","374348"
"2013-09-04","RawFile.java","27910","27238","55148"
"2014-02-20","RawFile.java","60749","138539","199288"
"2013-12-20","RawFile.java","48097","105774","153871"
"2014-02-04","RawFile.java","59834","133461","193295"
"2013-10-04","RawFile.java","34003","53379","87382"
"2014-07-17","RawFile.java","82121","212689","294810"
"2014-03-01","RawFile.java","60888","140564","201452"
"2015-12-03","RawFile.java","84587","426658","511245"
"2015-12-03","RawFile.java","2106","5188","7294"
"2015-10-16","HiveCatalogUtil.java","116757","414589","531346"
"2015-04-17","HiveCatalogUtil.java","115321","320368","435689"
"2015-07-20","HiveCatalogUtil.java","116011","373346","489357"
"2014-03-20","HiveCatalogUtil.java","47382","96987","144369"
"2015-07-20","PhysicalPlannerImpl.java","26538","70310","96848"
"2015-07-30","PhysicalPlannerImpl.java","36014","85390","121404"
"2015-09-04","PhysicalPlannerImpl.java","84649","143817","228466"
"2015-08-25","PhysicalPlannerImpl.java","80699","139019","219718"
"2015-08-10","PhysicalPlannerImpl.java","37052","90149","127201"
"2015-11-17","RawFile.java","114374","228941","343315"
"2015-12-03","RawFile.java","114970","232619","347589"
"2015-10-16","HiveCatalogUtil.java","92881","185666","278547"
"2015-07-20","HiveCatalogUtil.java","34280","86568","120848"
"2015-11-17","RawFile.java","148496","295276","443772"
"2014-12-22","RawFile.java","69736","101949","171685"
"2014-12-12","RawFile.java","65935","97330","163265"
"2014-11-12","RawFile.java","40819","57804","98623"
"2015-12-03","RawFile.java","148700","298562","447262"
"2015-10-16","HiveCatalogUtil.java","115757","156254","272011"
"2015-11-17","RawFile.java","115807","231192","346999"
"2014-12-22","RawFile.java","4610","5428","10038"
"2015-12-03","RawFile.java","116400","234867","351267"
"2015-11-17","RawFile.java","140540","405431","545971"
"2014-12-22","RawFile.java","134074","284398","418472"
"2014-09-24","RawFile.java","111485","229596","341081"
"2014-12-12","RawFile.java","133881","283387","417268"
"2014-11-12","RawFile.java","120128","255224","375352"
"2014-02-20","RawFile.java","3215","6907","10122"
"2014-07-17","RawFile.java","110674","167144","277818"
"2014-03-01","RawFile.java","10097","15675","25772"
"2015-12-03","RawFile.java","140575","408548","549123"
"2015-11-17","RawFile.java","129327","259122","388449"
"2014-12-22","RawFile.java","36038","51266","87304"
"2014-12-12","RawFile.java","31663","46073","77736"
"2015-12-03","RawFile.java","129832","262709","392541"
"2015-11-17","RawFile.java","81887","421548","503435"
"2014-12-22","RawFile.java","79847","304941","384788"
"2014-09-24","RawFile.java","79445","272326","351771"
"2014-12-12","RawFile.java","79662","303938","383600"
"2014-02-10","RawFile.java","43507","118277","161784"
"2014-11-12","RawFile.java","79640","289506","369146"
"2014-02-20","RawFile.java","44205","122667","166872"
"2013-12-20","RawFile.java","27377","85726","113103"
"2014-02-04","RawFile.java","42946","117245","160191"
"2013-10-04","RawFile.java","9782","29830","39612"
"2014-07-17","RawFile.java","79152","210392","289544"
"2014-03-01","RawFile.java","44784","125132","169916"
"2015-12-03","RawFile.java","81907","424650","506557"
"2014-08-21","TestTablePartitions.java","128300","198633","326933"
"2015-04-27","TestTablePartitions.java","134966","313664","448630"
"2014-10-25","TestTablePartitions.java","128848","254852","383700"
"2014-02-04","TestTablePartitions.java","20336","22806","43142"
"2015-09-03","TestTablePartitions.java","136941","375799","512740"
"2014-07-15","TestTablePartitions.java","127713","185644","313357"
"2015-07-31","TestTablePartitions.java","136297","367256","503553"
"2014-03-20","TestTablePartitions.java","34723","53472","88195"
"2014-12-04","TestTablePartitions.java","130883","272366","403249"
"2014-04-21","TestTablePartitions.java","125295","158869","284164"
"2015-06-24","TestTablePartitions.java","135540","361457","496997"
"2015-09-24","TestTablePartitions.java","137277","403099","540376"
"2014-07-15","TestTablePartitions.java","127717","188019","315736"
"2015-04-17","TestTablePartitions.java","134940","309131","444071"
"2014-10-06","TestTablePartitions.java","128489","252199","380688"
"2015-06-26","TestTablePartitions.java","135540","361963","497503"
"2015-07-22","TestTablePartitions.java","136193","362419","498612"
"2014-06-23","TestTablePartitions.java","127522","180140","307662"
"2015-07-20","TestTablePartitions.java","136191","362670","498861"
"2014-08-11","TestTablePartitions.java","128280","193447","321727"
"2015-09-23","TestTablePartitions.java","137263","399693","536956"
"2015-08-26","TestTablePartitions.java","136824","376103","512927"
"2015-11-26","TestTablePartitions.java","137441","406946","544387"
"2015-11-17","RawFile.java","143736","404935","548671"
"2014-12-22","RawFile.java","136681","283313","419994"
"2014-09-24","RawFile.java","113917","228336","342253"
"2014-12-12","RawFile.java","136489","282303","418792"
"2014-11-12","RawFile.java","122655","254059","376714"
"2014-07-17","RawFile.java","112709","165487","278196"
"2014-03-01","RawFile.java","6978","8864","15842"
"2015-12-03","RawFile.java","143773","408054","551827"
"2015-10-16","HiveCatalogUtil.java","150329","398556","548885"
"2015-04-17","HiveCatalogUtil.java","146543","301985","448528"
"2015-07-20","HiveCatalogUtil.java","148435","356165","504600"
"2015-11-17","RawFile.java","131939","413251","545190"
"2014-12-22","RawFile.java","127139","293884","421023"
"2014-09-24","RawFile.java","126492","261024","387516"
"2014-12-12","RawFile.java","126950","292877","419827"
"2014-02-10","RawFile.java","39655","56076","95731"
"2014-11-12","RawFile.java","126888","278405","405293"
"2014-02-20","RawFile.java","41652","61765","103417"
"2014-02-04","RawFile.java","38964","54914","93878"
"2014-07-17","RawFile.java","125899","198790","324689"
"2014-03-01","RawFile.java","48243","70242","118485"
"2015-12-03","RawFile.java","131969","416363","548332"
"2015-03-27","TestHiveCatalogStore.java","128468","310631","439099"
"2013-12-18","TestHiveCatalogStore.java","948","1690","2638"
"2015-04-17","TestHiveCatalogStore.java","129116","317344","446460"
"2014-03-04","TestHiveCatalogStore.java","48946","72485","121431"
"2014-01-07","TestHiveCatalogStore.java","13974","20355","34329"
"2014-03-13","TestHiveCatalogStore.java","49273","76929","126202"
"2015-06-24","TestHiveCatalogStore.java","129282","369236","498518"
"2015-11-25","TestHiveCatalogStore.java","130723","413645","544368"
"2014-03-20","TestHiveCatalogStore.java","51025","83811","134836"
"2015-10-16","TestHiveCatalogStore.java","130621","411634","542255"
"2014-11-10","TestHiveCatalogStore.java","125552","273303","398855"
"2014-05-12","TestHiveCatalogStore.java","124380","177958","302338"
"2014-11-25","TestHiveCatalogStore.java","125711","279582","405293"
"2015-09-24","TestHiveCatalogStore.java","130585","410444","541029"
"2015-07-17","TestHiveCatalogStore.java","129358","371339","500697"
"2014-04-01","TestHiveCatalogStore.java","51527","90258","141785"
"2014-08-11","TestHiveCatalogStore.java","125197","204241","329438"
"2014-06-03","TestHiveCatalogStore.java","124531","188916","313447"
"2015-04-17","TestHiveCatalogStore.java","7583","13648","21231"
"2015-06-24","TestHiveCatalogStore.java","28947","86738","115685"
"2015-11-25","TestHiveCatalogStore.java","97946","198705","296651"
"2015-10-16","TestHiveCatalogStore.java","95945","194795","290740"
"2015-09-24","TestHiveCatalogStore.java","95347","193043","288390"
"2015-07-17","TestHiveCatalogStore.java","30019","89837","119856"
"2014-08-21","TestTablePartitions.java","116384","167968","284352"
"2015-04-27","TestTablePartitions.java","146576","306525","453101"
"2014-10-25","TestTablePartitions.java","123305","230560","353865"
"2015-09-03","TestTablePartitions.java","149918","370027","519945"
"2014-07-15","TestTablePartitions.java","115271","154453","269724"
"2015-07-31","TestTablePartitions.java","148680","360890","509570"
"2014-12-04","TestTablePartitions.java","128516","251250","379766"
"2014-04-21","TestTablePartitions.java","112134","126959","239093"
"2015-06-24","TestTablePartitions.java","147333","354501","501834"
"2015-09-24","TestTablePartitions.java","150253","397326","547579"
"2014-07-15","TestTablePartitions.java","115277","156830","272107"
"2015-04-17","TestTablePartitions.java","146543","301985","448528"
"2014-10-06","TestTablePartitions.java","116833","221794","338627"
"2015-06-26","TestTablePartitions.java","147333","355007","502340"
"2015-07-22","TestTablePartitions.java","148438","355915","504353"
"2014-06-23","TestTablePartitions.java","114900","148769","263669"
"2015-07-20","TestTablePartitions.java","148435","356165","504600"
"2014-08-11","TestTablePartitions.java","116292","162710","279002"
"2015-09-23","TestTablePartitions.java","150362","394043","544405"
"2015-08-26","TestTablePartitions.java","149606","370136","519742"
"2015-11-26","TestTablePartitions.java","150622","401378","552000"
"2015-04-27","TestTablePartitions.java","66995","104210","171205"
"2015-09-03","TestTablePartitions.java","124241","221616","345857"
"2015-07-31","TestTablePartitions.java","90510","179986","270496"
"2015-06-24","TestTablePartitions.java","80045","164479","244524"
"2015-09-24","TestTablePartitions.java","129798","254137","383935"
"2015-04-17","TestTablePartitions.java","66645","99353","165998"
"2015-06-26","TestTablePartitions.java","80125","165065","245190"
"2015-07-22","TestTablePartitions.java","89477","174220","263697"
"2015-07-20","TestTablePartitions.java","87942","172938","260880"
"2015-09-23","TestTablePartitions.java","129749","250696","380445"
"2015-08-26","TestTablePartitions.java","123797","221593","345390"
"2015-11-26","TestTablePartitions.java","131140","259162","390302"
"2014-08-21","TestTablePartitions.java","124934","202087","327021"
"2015-04-27","TestTablePartitions.java","130750","316268","447018"
"2014-10-25","TestTablePartitions.java","125403","258227","383630"
"2014-02-04","TestTablePartitions.java","28399","37689","66088"
"2015-09-03","TestTablePartitions.java","132582","378260","510842"
"2014-07-15","TestTablePartitions.java","124362","189113","313475"
"2015-07-31","TestTablePartitions.java","131992","369771","501763"
"2014-01-26","TestTablePartitions.java","8368","15188","23556"
"2014-03-20","TestTablePartitions.java","41075","66644","107719"
"2014-12-04","TestTablePartitions.java","126861","275164","402025"
"2014-04-21","TestTablePartitions.java","122095","162489","284584"
"2015-06-24","TestTablePartitions.java","131295","364032","495327"
"2014-01-17","TestTablePartitions.java","3692","8195","11887"
"2015-09-24","TestTablePartitions.java","132859","405501","538360"
"2014-07-15","TestTablePartitions.java","124366","191488","315854"
"2015-04-17","TestTablePartitions.java","130724","311735","442459"
"2014-10-06","TestTablePartitions.java","125113","255643","380756"
"2015-06-26","TestTablePartitions.java","131295","364538","495833"
"2015-07-22","TestTablePartitions.java","131908","364954","496862"
"2014-06-23","TestTablePartitions.java","124202","183640","307842"
"2015-07-20","TestTablePartitions.java","131904","365203","497107"
"2014-08-11","TestTablePartitions.java","124912","196899","321811"
"2015-09-23","TestTablePartitions.java","132848","402098","534946"
"2015-08-26","TestTablePartitions.java","132468","378567","511035"
"2015-11-26","TestTablePartitions.java","133020","409345","542365"
"2015-03-27","TestHiveCatalogStore.java","129126","310547","439673"
"2015-04-17","TestHiveCatalogStore.java","129782","317268","447050"
"2014-03-04","TestHiveCatalogStore.java","49167","71964","121131"
"2014-01-07","TestHiveCatalogStore.java","13114","18753","31867"
"2014-03-13","TestHiveCatalogStore.java","49494","76408","125902"
"2015-06-24","TestHiveCatalogStore.java","129948","369160","499108"
"2015-11-25","TestHiveCatalogStore.java","131388","413568","544956"
"2014-03-20","TestHiveCatalogStore.java","51246","83290","134536"
"2015-10-16","TestHiveCatalogStore.java","131286","411557","542843"
"2014-11-10","TestHiveCatalogStore.java","126209","273218","399427"
"2014-05-12","TestHiveCatalogStore.java","125037","177873","302910"
"2014-11-25","TestHiveCatalogStore.java","126368","279497","405865"
"2015-09-24","TestHiveCatalogStore.java","131250","410367","541617"
"2015-07-17","TestHiveCatalogStore.java","130024","371263","501287"
"2014-04-01","TestHiveCatalogStore.java","51751","89740","141491"
"2014-08-11","TestHiveCatalogStore.java","125854","204156","330010"
"2014-06-03","TestHiveCatalogStore.java","125188","188831","314019"
"2015-11-17","RawFile.java","140097","405459","545556"
"2014-12-22","RawFile.java","133658","284453","418111"
"2014-09-24","RawFile.java","111116","229698","340814"
"2014-12-12","RawFile.java","133465","283442","416907"
"2014-02-10","RawFile.java","951","1422","2373"
"2014-11-12","RawFile.java","119751","255318","375069"
"2014-02-20","RawFile.java","4134","8297","12431"
"2014-07-17","RawFile.java","110312","167253","277565"
"2014-03-01","RawFile.java","11007","17056","28063"
"2015-12-03","RawFile.java","140132","408576","548708"
"2015-06-24","TestHiveCatalogStore.java","22532","74258","96790"
"2015-11-25","TestHiveCatalogStore.java","94930","189624","284554"
"2015-10-16","TestHiveCatalogStore.java","92881","185666","278547"
"2015-09-24","TestHiveCatalogStore.java","92196","183827","276023"
"2015-07-17","TestHiveCatalogStore.java","23867","77620","101487"
"2015-03-27","TestHiveCatalogStore.java","141577","300201","441778"
"2015-04-17","TestHiveCatalogStore.java","142694","307383","450077"
"2014-03-13","TestHiveCatalogStore.java","747","4864","5611"
"2015-06-24","TestHiveCatalogStore.java","143359","359774","503133"
"2015-11-25","TestHiveCatalogStore.java","145522","404905","550427"
"2014-03-20","TestHiveCatalogStore.java","4662","13909","18571"
"2015-10-16","TestHiveCatalogStore.java","145397","402871","548268"
"2014-11-10","TestHiveCatalogStore.java","123890","248102","371992"
"2014-05-12","TestHiveCatalogStore.java","113344","143383","256727"
"2014-11-25","TestHiveCatalogStore.java","124625","254957","379582"
"2015-09-24","TestHiveCatalogStore.java","145338","401658","546996"
"2015-07-17","TestHiveCatalogStore.java","143452","361894","505346"
"2014-04-01","TestHiveCatalogStore.java","5617","20809","26426"
"2014-08-11","TestHiveCatalogStore.java","115052","170557","285609"
"2014-06-03","TestHiveCatalogStore.java","113692","154538","268230"
"2015-03-27","TestHiveCatalogStore.java","129054","304836","433890"
"2015-04-17","TestHiveCatalogStore.java","129956","311803","441759"
"2014-03-04","TestHiveCatalogStore.java","38490","55648","94138"
"2014-03-13","TestHiveCatalogStore.java","38871","60146","99017"
"2015-06-24","TestHiveCatalogStore.java","130526","364099","494625"
"2015-11-25","TestHiveCatalogStore.java","132280","408821","541101"
"2014-03-20","TestHiveCatalogStore.java","40984","67389","108373"
"2015-10-16","TestHiveCatalogStore.java","132176","406808","538984"
"2014-11-10","TestHiveCatalogStore.java","125935","267305","393240"
"2014-05-12","TestHiveCatalogStore.java","123519","170716","294235"
"2014-11-25","TestHiveCatalogStore.java","126102","273592","399694"
"2015-09-24","TestHiveCatalogStore.java","132110","405588","537698"
"2015-07-17","TestHiveCatalogStore.java","130614","366214","496828"
"2014-04-01","TestHiveCatalogStore.java","41581","73931","115512"
"2014-08-11","TestHiveCatalogStore.java","124503","197166","321669"
"2014-06-03","TestHiveCatalogStore.java","123726","181730","305456"
"2015-09-04","PhysicalPlannerImpl.java","103812","109883","213695"
"2015-08-25","PhysicalPlannerImpl.java","99485","104708","204193"
"2015-03-27","TestHiveCatalogStore.java","142800","297307","440107"
"2015-04-17","TestHiveCatalogStore.java","144122","304694","448816"
"2015-06-24","TestHiveCatalogStore.java","144788","357086","501874"
"2015-11-25","TestHiveCatalogStore.java","147020","402286","549306"
"2014-03-20","TestHiveCatalogStore.java","4067","9197","13264"
"2015-10-16","TestHiveCatalogStore.java","146894","400251","547145"
"2014-11-10","TestHiveCatalogStore.java","124791","244886","369677"
"2014-05-12","TestHiveCatalogStore.java","114119","140041","254160"
"2014-11-25","TestHiveCatalogStore.java","125529","251744","377273"
"2015-09-24","TestHiveCatalogStore.java","146835","399038","545873"
"2015-07-17","TestHiveCatalogStore.java","144882","359207","504089"
"2014-04-01","TestHiveCatalogStore.java","5073","16148","21221"
"2014-08-11","TestHiveCatalogStore.java","115842","167230","283072"
"2014-06-03","TestHiveCatalogStore.java","114469","151198","265667"
"2015-07-20","PhysicalPlannerImpl.java","107432","261448","368880"
"2015-07-30","PhysicalPlannerImpl.java","110174","269794","379968"
"2014-12-12","PhysicalPlannerImpl.java","66674","149368","216042"
"2015-09-04","PhysicalPlannerImpl.java","139563","308975","448538"
"2015-08-25","PhysicalPlannerImpl.java","139121","307685","446806"
"2015-05-15","PhysicalPlannerImpl.java","94328","204572","298900"
"2015-08-10","PhysicalPlannerImpl.java","110600","273941","384541"
"2015-04-27","PhysicalPlannerImpl.java","92557","200588","293145"
"2014-12-30","PhysicalPlannerImpl.java","73502","159655","233157"
"2015-03-03","PhysicalPlannerImpl.java","84323","174892","259215"
"2015-05-11","PhysicalPlannerImpl.java","92997","203840","296837"
"2014-10-08","PhysicalPlannerImpl.java","2724","57601","60325"
"2015-11-25","TestHiveCatalogStore.java","128077","171045","299122"
"2015-10-16","TestHiveCatalogStore.java","125881","166940","292821"
"2015-09-24","TestHiveCatalogStore.java","125038","164943","289981"
"2015-07-17","TestHiveCatalogStore.java","2257","4284","6541"
"2015-07-20","PhysicalPlannerImpl.java","135647","360330","495977"
"2014-02-10","PhysicalPlannerImpl.java","21434","25289","46723"
"2015-07-30","PhysicalPlannerImpl.java","136302","366589","502891"
"2014-12-12","PhysicalPlannerImpl.java","130904","284265","415169"
"2014-02-20","PhysicalPlannerImpl.java","23886","30624","54510"
"2015-09-04","PhysicalPlannerImpl.java","136938","377017","513955"
"2014-08-11","PhysicalPlannerImpl.java","128280","193287","321567"
"2015-08-25","PhysicalPlannerImpl.java","136824","376055","512879"
"2014-02-21","PhysicalPlannerImpl.java","25012","32412","57424"
"2015-05-15","PhysicalPlannerImpl.java","135166","316077","451243"
"2015-08-10","PhysicalPlannerImpl.java","136368","370376","506744"
"2014-08-21","PhysicalPlannerImpl.java","128301","198968","327269"
"2015-04-27","PhysicalPlannerImpl.java","134966","313664","448630"
"2014-02-01","PhysicalPlannerImpl.java","20079","21298","41377"
"2014-02-07","PhysicalPlannerImpl.java","20828","24695","45523"
"2014-12-30","PhysicalPlannerImpl.java","131114","287934","419048"
"2015-03-03","PhysicalPlannerImpl.java","131366","292602","423968"
"2014-07-09","PhysicalPlannerImpl.java","127675","184520","312195"
"2014-02-20","PhysicalPlannerImpl.java","24011","31581","55592"
"2015-05-11","PhysicalPlannerImpl.java","135142","316652","451794"
"2014-07-09","PhysicalPlannerImpl.java","127675","183083","310758"
"2014-10-08","PhysicalPlannerImpl.java","128489","254033","382522"
"2014-05-16","PhysicalPlannerImpl.java","127162","168347","295509"
"2015-07-20","PhysicalPlannerImpl.java","31648","77633","109281"
"2015-07-30","PhysicalPlannerImpl.java","40421","92010","132431"
"2015-09-04","PhysicalPlannerImpl.java","87978","149359","237337"
"2015-08-25","PhysicalPlannerImpl.java","84285","144818","229103"
"2015-05-15","PhysicalPlannerImpl.java","5742","7955","13697"
"2015-08-10","PhysicalPlannerImpl.java","41413","96723","138136"
"2015-05-11","PhysicalPlannerImpl.java","3316","6128","9444"
"2015-03-27","TestHiveCatalogStore.java","144946","294323","439269"
"2015-04-17","TestHiveCatalogStore.java","146543","301985","448528"
"2015-06-24","TestHiveCatalogStore.java","147333","354501","501834"
"2015-11-25","TestHiveCatalogStore.java","150607","400743","551350"
"2015-10-16","TestHiveCatalogStore.java","150329","398556","548885"
"2014-11-10","TestHiveCatalogStore.java","126560","241525","368085"
"2014-05-12","TestHiveCatalogStore.java","114475","135267","249742"
"2014-11-25","TestHiveCatalogStore.java","127525","248610","376135"
"2015-09-24","TestHiveCatalogStore.java","150253","397326","547579"
"2015-07-17","TestHiveCatalogStore.java","147432","356627","504059"
"2014-04-01","TestHiveCatalogStore.java","1197","7142","8339"
"2014-08-11","TestHiveCatalogStore.java","116292","162550","278842"
"2014-06-03","TestHiveCatalogStore.java","114825","146424","261249"
"2015-07-20","PhysicalPlannerImpl.java","136551","360015","496566"
"2014-02-10","PhysicalPlannerImpl.java","1714","4350","6064"
"2015-07-30","PhysicalPlannerImpl.java","137236","366304","503540"
"2014-12-12","PhysicalPlannerImpl.java","131779","283921","415700"
"2014-02-20","PhysicalPlannerImpl.java","4205","9724","13929"
"2015-09-04","PhysicalPlannerImpl.java","137869","376729","514598"
"2014-08-11","PhysicalPlannerImpl.java","110732","174520","285252"
"2015-08-25","PhysicalPlannerImpl.java","137755","375767","513522"
"2014-02-21","PhysicalPlannerImpl.java","5425","11606","17031"
"2015-05-15","PhysicalPlannerImpl.java","136070","315762","451832"
"2015-08-10","PhysicalPlannerImpl.java","137301","370090","507391"
"2014-08-21","PhysicalPlannerImpl.java","110754","180202","290956"
"2015-04-27","PhysicalPlannerImpl.java","135868","313347","449215"
"2014-02-07","PhysicalPlannerImpl.java","1075","3723","4798"
"2014-12-30","PhysicalPlannerImpl.java","131990","287591","419581"
"2015-03-03","PhysicalPlannerImpl.java","132242","292259","424501"
"2014-07-09","PhysicalPlannerImpl.java","110071","165697","275768"
"2014-02-20","PhysicalPlannerImpl.java","4331","10682","15013"
"2015-05-11","PhysicalPlannerImpl.java","136046","316337","452383"
"2014-07-09","PhysicalPlannerImpl.java","110071","164260","274331"
"2014-10-08","PhysicalPlannerImpl.java","110970","235295","346265"
"2014-05-16","PhysicalPlannerImpl.java","109525","149491","259016"
"2014-08-21","TestTablePartitions.java","15284","52043","67327"
"2015-04-27","TestTablePartitions.java","89276","234400","323676"
"2014-10-25","TestTablePartitions.java","42425","134855","177280"
"2015-09-03","TestTablePartitions.java","122662","327946","450608"
"2014-07-15","TestTablePartitions.java","12696","37053","49749"
"2015-07-31","TestTablePartitions.java","102119","299504","401623"
"2014-12-04","TestTablePartitions.java","49654","157563","207217"
"2015-06-24","TestTablePartitions.java","95828","288171","383999"
"2015-09-24","TestTablePartitions.java","126673","358921","485594"
"2014-07-15","TestTablePartitions.java","12784","39512","52296"
"2015-04-17","TestTablePartitions.java","89149","229766","318915"
"2014-10-06","TestTablePartitions.java","17246","107382","124628"
"2015-06-26","TestTablePartitions.java","95845","288694","384539"
"2015-07-22","TestTablePartitions.java","101344","293996","395340"
"2014-06-23","TestTablePartitions.java","7215","26259","33474"
"2015-07-20","TestTablePartitions.java","100892","293797","394689"
"2014-08-11","TestTablePartitions.java","14858","46451","61309"
"2015-09-23","TestTablePartitions.java","126659","355515","482174"
"2015-08-26","TestTablePartitions.java","122241","327946","450187"
"2015-11-26","TestTablePartitions.java","127343","363274","490617"
"2015-07-20","PhysicalPlannerImpl.java","138707","359523","498230"
"2014-02-10","PhysicalPlannerImpl.java","696","684","1380"
"2015-07-30","PhysicalPlannerImpl.java","139400","365820","505220"
"2014-12-12","PhysicalPlannerImpl.java","133905","283399","417304"
"2014-02-20","PhysicalPlannerImpl.java","3216","6087","9303"
"2015-09-04","PhysicalPlannerImpl.java","140031","376243","516274"
"2014-08-11","PhysicalPlannerImpl.java","111351","172491","283842"
"2015-08-25","PhysicalPlannerImpl.java","139917","375281","515198"
"2014-02-21","PhysicalPlannerImpl.java","4452","7985","12437"
"2015-05-15","PhysicalPlannerImpl.java","138212","315256","453468"
"2015-08-10","PhysicalPlannerImpl.java","139463","369604","509067"
"2014-08-21","PhysicalPlannerImpl.java","111373","178173","289546"
"2015-04-27","PhysicalPlannerImpl.java","137995","312826","450821"
"2014-12-30","PhysicalPlannerImpl.java","134122","287075","421197"
"2015-03-03","PhysicalPlannerImpl.java","134373","291742","426115"
"2014-07-09","PhysicalPlannerImpl.java","110688","163666","274354"
"2014-02-20","PhysicalPlannerImpl.java","3347","7050","10397"
"2015-05-11","PhysicalPlannerImpl.java","138188","315831","454019"
"2014-07-09","PhysicalPlannerImpl.java","110688","162229","272917"
"2014-10-08","PhysicalPlannerImpl.java","111597","233274","344871"
"2014-05-16","PhysicalPlannerImpl.java","110139","147457","257596"
"2015-11-25","TestHiveCatalogStore.java","3752","5661","9413"
"2015-07-20","PhysicalPlannerImpl.java","57648","125511","183159"
"2015-07-30","PhysicalPlannerImpl.java","65395","138862","204257"
"2015-09-04","PhysicalPlannerImpl.java","105899","189158","295057"
"2015-08-25","PhysicalPlannerImpl.java","102683","185094","287777"
"2015-05-15","PhysicalPlannerImpl.java","35999","60090","96089"
"2015-08-10","PhysicalPlannerImpl.java","66142","143330","209472"
"2015-04-27","PhysicalPlannerImpl.java","32693","54571","87264"
"2015-03-03","PhysicalPlannerImpl.java","20969","25385","46354"
"2015-05-11","PhysicalPlannerImpl.java","34019","58709","92728"
"2015-09-03","TestTablePartitions.java","116500","129441","245941"
"2015-07-31","TestTablePartitions.java","26777","31819","58596"
"2015-09-24","TestTablePartitions.java","125038","164943","289981"
"2015-06-26","TestTablePartitions.java","1228","1734","2962"
"2015-07-22","TestTablePartitions.java","22779","23088","45867"
"2015-07-20","TestTablePartitions.java","19164","19726","38890"
"2015-09-23","TestTablePartitions.java","125009","161522","286531"
"2015-08-26","TestTablePartitions.java","115656","129018","244674"
"2015-11-26","TestTablePartitions.java","128356","171944","300300"
"2015-11-17","RawFile.java","98402","418015","516417"
"2014-12-22","RawFile.java","96262","301308","397570"
"2014-09-24","RawFile.java","95821","268654","364475"
"2014-12-12","RawFile.java","96077","300305","396382"
"2014-02-10","RawFile.java","46361","101083","147444"
"2014-11-12","RawFile.java","96039","285857","381896"
"2014-02-20","RawFile.java","47315","105729","153044"
"2013-12-20","RawFile.java","25046","63347","88393"
"2014-02-04","RawFile.java","45760","100011","145771"
"2014-07-17","RawFile.java","95339","206531","301870"
"2014-03-01","RawFile.java","51154","111454","162608"
"2015-12-03","RawFile.java","98424","421119","519543"
"2015-03-27","TestHiveCatalogStore.java","61200","95612","156812"
"2015-04-17","TestHiveCatalogStore.java","66380","106857","173237"
"2015-06-24","TestHiveCatalogStore.java","79590","171793","251383"
"2015-11-25","TestHiveCatalogStore.java","128956","264127","393083"
"2015-10-16","TestHiveCatalogStore.java","128053","261315","389368"
"2014-11-25","TestHiveCatalogStore.java","2435","8555","10990"
"2015-09-24","TestHiveCatalogStore.java","127745","259853","387598"
"2015-07-17","TestHiveCatalogStore.java","80015","174245","254260"
"2014-08-21","TestTablePartitions.java","127785","200435","328220"
"2015-04-27","TestTablePartitions.java","133648","314663","448311"
"2014-10-25","TestTablePartitions.java","128255","256576","384831"
"2014-02-04","TestTablePartitions.java","25431","30218","55649"
"2015-09-03","TestTablePartitions.java","135498","376673","512171"
"2014-07-15","TestTablePartitions.java","127217","187465","314682"
"2015-07-31","TestTablePartitions.java","134896","368172","503068"
"2014-01-26","TestTablePartitions.java","5209","7526","12735"
"2014-03-20","TestTablePartitions.java","38604","59670","98274"
"2014-12-04","TestTablePartitions.java","129729","273529","403258"
"2014-04-21","TestTablePartitions.java","124922","160813","285735"
"2015-06-24","TestTablePartitions.java","134197","362431","496628"
"2015-09-24","TestTablePartitions.java","135775","403914","539689"
"2014-07-15","TestTablePartitions.java","127221","189840","317061"
"2015-04-17","TestTablePartitions.java","133622","310130","443752"
"2014-10-06","TestTablePartitions.java","127965","253992","381957"
"2015-06-26","TestTablePartitions.java","134197","362937","497134"
"2015-07-22","TestTablePartitions.java","134812","363355","498167"
"2014-06-23","TestTablePartitions.java","127051","181986","309037"
"2015-07-20","TestTablePartitions.java","134808","363604","498412"
"2014-08-11","TestTablePartitions.java","127765","195249","323014"
"2015-09-23","TestTablePartitions.java","135764","400511","536275"
"2015-08-26","TestTablePartitions.java","135384","376980","512364"
"2015-11-26","TestTablePartitions.java","135942","407764","543706"
"2015-07-20","PhysicalPlannerImpl.java","40420","103867","144287"
"2015-07-30","PhysicalPlannerImpl.java","48749","117800","166549"
"2015-09-04","PhysicalPlannerImpl.java","91830","170673","262503"
"2015-08-25","PhysicalPlannerImpl.java","88334","166329","254663"
"2015-05-15","PhysicalPlannerImpl.java","16173","35848","52021"
"2015-08-10","PhysicalPlannerImpl.java","49525","122297","171822"
"2015-04-27","PhysicalPlannerImpl.java","12338","29800","42138"
"2015-05-11","PhysicalPlannerImpl.java","13954","34228","48182"
"2015-07-20","PhysicalPlannerImpl.java","101073","268911","369984"
"2015-07-30","PhysicalPlannerImpl.java","103746","277188","380934"
"2014-12-12","PhysicalPlannerImpl.java","63454","159970","223424"
"2015-09-04","PhysicalPlannerImpl.java","130311","313545","443856"
"2014-08-11","PhysicalPlannerImpl.java","3000","11162","14162"
"2015-08-25","PhysicalPlannerImpl.java","129889","312275","442164"
"2015-05-15","PhysicalPlannerImpl.java","88660","212726","301386"
"2015-08-10","PhysicalPlannerImpl.java","104162","281325","385487"
"2014-08-21","PhysicalPlannerImpl.java","3632","17454","21086"
"2015-04-27","PhysicalPlannerImpl.java","87005","208858","295863"
"2014-12-30","PhysicalPlannerImpl.java","69587","169562","239149"
"2015-03-03","PhysicalPlannerImpl.java","79066","183457","262523"
"2015-05-11","PhysicalPlannerImpl.java","87390","212055","299445"
"2014-10-08","PhysicalPlannerImpl.java","5948","74647","80595"
"2015-11-17","RawFile.java","138604","347025","485629"
"2014-12-22","RawFile.java","68523","162377","230900"
"2014-09-24","RawFile.java","5292","66933","72225"
"2014-12-12","RawFile.java","65279","158315","223594"
"2014-11-12","RawFile.java","41775","120401","162176"
"2015-12-03","RawFile.java","138784","350287","489071"
"2015-11-17","RawFile.java","145423","404736","550159"
"2014-12-22","RawFile.java","138350","283096","421446"
"2014-09-24","RawFile.java","115372","227905","343277"
"2014-12-12","RawFile.java","138158","282086","420244"
"2014-11-12","RawFile.java","124208","253726","377934"
"2014-07-17","RawFile.java","114160","165052","279212"
"2015-12-03","RawFile.java","145460","407855","553315"
"2015-11-26","TestTablePartitions.java","5892","9575","15467"
"2015-03-27","TestHiveCatalogStore.java","84097","212682","296779"
"2015-04-17","TestHiveCatalogStore.java","87507","222157","309664"
"2015-06-24","TestHiveCatalogStore.java","94389","280765","375154"
"2015-11-25","TestHiveCatalogStore.java","128506","357850","486356"
"2015-10-16","TestHiveCatalogStore.java","128036","355471","483507"
"2014-11-10","TestHiveCatalogStore.java","44313","138486","182799"
"2014-11-25","TestHiveCatalogStore.java","45757","146050","191807"
"2015-09-24","TestHiveCatalogStore.java","127865","354146","482011"
"2015-07-17","TestHiveCatalogStore.java","94711","283114","377825"
"2014-08-11","TestHiveCatalogStore.java","10089","35555","45644"
"2014-06-03","TestHiveCatalogStore.java","1856","12663","14519"
"2014-08-21","TestTablePartitions.java","3348","13379","16727"
"2015-04-27","TestTablePartitions.java","89043","207439","296482"
"2014-10-25","TestTablePartitions.java","35556","101258","136814"
"2015-09-03","TestTablePartitions.java","133377","311933","445310"
"2015-07-31","TestTablePartitions.java","106110","276767","382877"
"2014-12-04","TestTablePartitions.java","44248","125429","169677"
"2015-06-24","TestTablePartitions.java","98988","264603","363591"
"2015-09-24","TestTablePartitions.java","137973","343493","481466"
"2015-04-17","TestTablePartitions.java","88858","202747","291605"
"2014-10-06","TestTablePartitions.java","5615","69023","74638"
"2015-06-26","TestTablePartitions.java","99032","265153","364185"
"2015-07-22","TestTablePartitions.java","105318","271242","376560"
"2015-07-20","TestTablePartitions.java","104679","270856","375535"
"2014-08-11","TestTablePartitions.java","2687","7552","10239"
"2015-09-23","TestTablePartitions.java","137958","340086","478044"
"2015-08-26","TestTablePartitions.java","132955","311932","444887"
"2015-11-26","TestTablePartitions.java","138744","347947","486691"
"2014-01-27","BytesRefArrayWritable.java","51302","121398","172700"
"2015-03-27","TestHiveCatalogStore.java","60950","89242","150192"
"2015-04-17","TestHiveCatalogStore.java","66174","100531","166705"
"2015-06-24","TestHiveCatalogStore.java","79551","165634","245185"
"2015-11-25","TestHiveCatalogStore.java","129599","258650","388249"
"2015-10-16","TestHiveCatalogStore.java","128694","255836","384530"
"2015-09-24","TestHiveCatalogStore.java","128352","254340","382692"
"2015-07-17","TestHiveCatalogStore.java","79976","168086","248062"
"2015-04-27","TestTablePartitions.java","851","5358","6209"
"2015-09-03","TestTablePartitions.java","84477","149144","233621"
"2015-07-31","TestTablePartitions.java","40914","97682","138596"
"2015-06-24","TestTablePartitions.java","22532","74258","96790"
"2015-09-24","TestTablePartitions.java","92196","183827","276023"
"2015-06-26","TestTablePartitions.java","22935","75167","98102"
"2015-07-22","TestTablePartitions.java","37511","89546","127057"
"2015-07-20","TestTablePartitions.java","34280","86568","120848"
"2015-09-23","TestTablePartitions.java","92177","180416","272593"
"2015-08-26","TestTablePartitions.java","83723","148811","232534"
"2015-11-26","TestTablePartitions.java","95142","190456","285598"
"2015-07-20","PhysicalPlannerImpl.java","141917","359030","500947"
"2015-07-30","PhysicalPlannerImpl.java","142660","365377","508037"
"2014-12-12","PhysicalPlannerImpl.java","136695","282486","419181"
"2015-09-04","PhysicalPlannerImpl.java","143499","376008","519507"
"2014-08-11","PhysicalPlannerImpl.java","113981","171418","285399"
"2015-08-25","PhysicalPlannerImpl.java","143382","375043","518425"
"2014-02-21","PhysicalPlannerImpl.java","1130","960","2090"
"2015-05-15","PhysicalPlannerImpl.java","141410","314751","456161"
"2015-08-10","PhysicalPlannerImpl.java","142728","369166","511894"
"2014-08-21","PhysicalPlannerImpl.java","114008","177105","291113"
"2015-04-27","PhysicalPlannerImpl.java","141189","312317","453506"
"2014-12-30","PhysicalPlannerImpl.java","136912","286162","423074"
"2015-03-03","PhysicalPlannerImpl.java","137153","290819","427972"
"2014-07-09","PhysicalPlannerImpl.java","112956","162231","275187"
"2015-05-11","PhysicalPlannerImpl.java","141386","315326","456712"
"2014-07-09","PhysicalPlannerImpl.java","112956","160794","273750"
"2014-10-08","PhysicalPlannerImpl.java","114267","232241","346508"
"2014-05-16","PhysicalPlannerImpl.java","112337","145952","258289"
"2015-07-20","PhysicalPlannerImpl.java","28963","72136","101099"
"2015-07-30","PhysicalPlannerImpl.java","38236","87013","125249"
"2015-09-04","PhysicalPlannerImpl.java","86492","145061","231553"
"2015-08-25","PhysicalPlannerImpl.java","82769","140490","223259"
"2015-05-15","PhysicalPlannerImpl.java","2436","1837","4273"
"2015-08-10","PhysicalPlannerImpl.java","39272","91770","131042"
"2015-11-25","TestHiveCatalogStore.java","5369","8432","13801"
"2015-10-16","TestHiveCatalogStore.java","1654","2808","4462"
"2013-11-21","NonSyncByteArrayOutputStream.java","46290","88181","134471"
"2013-11-21","NonSyncDataInputBuffer.java","46290","88181","134471"
"2015-04-27","TestTablePartitions.java","93425","148413","241838"
"2014-10-25","TestTablePartitions.java","32938","35232","68170"
"2015-09-03","TestTablePartitions.java","143273","258421","401694"
"2015-07-31","TestTablePartitions.java","112166","219415","331581"
"2014-12-04","TestTablePartitions.java","43255","61028","104283"
"2015-06-24","TestTablePartitions.java","104320","206527","310847"
"2015-09-24","TestTablePartitions.java","148064","290176","438240"
"2015-04-17","TestTablePartitions.java","93212","143693","236905"
"2015-06-26","TestTablePartitions.java","104385","207098","311483"
"2015-07-22","TestTablePartitions.java","111344","213860","325204"
"2015-07-20","TestTablePartitions.java","110658","213427","324085"
"2015-09-23","TestTablePartitions.java","148049","286769","434818"
"2015-08-26","TestTablePartitions.java","142849","258418","401267"
"2015-11-26","TestTablePartitions.java","148962","294757","443719"
"2015-07-20","PhysicalPlannerImpl.java","99678","268953","368631"
"2015-07-30","PhysicalPlannerImpl.java","102351","277230","379581"
"2014-12-12","PhysicalPlannerImpl.java","63548","161501","225049"
"2015-09-04","PhysicalPlannerImpl.java","128897","313568","442465"
"2014-08-11","PhysicalPlannerImpl.java","3160","12759","15919"
"2015-08-25","PhysicalPlannerImpl.java","128475","312298","440773"
"2015-05-15","PhysicalPlannerImpl.java","88576","214079","302655"
"2015-08-10","PhysicalPlannerImpl.java","102767","281367","384134"
"2014-08-21","PhysicalPlannerImpl.java","3760","19019","22779"
"2015-04-27","PhysicalPlannerImpl.java","86921","210211","297132"
"2014-12-30","PhysicalPlannerImpl.java","69654","171066","240720"
"2015-03-03","PhysicalPlannerImpl.java","78982","184810","263792"
"2015-05-11","PhysicalPlannerImpl.java","87306","213408","300714"
"2014-10-08","PhysicalPlannerImpl.java","6076","76212","82288"
"2015-09-03","TestTablePartitions.java","115627","128062","243689"
"2015-07-31","TestTablePartitions.java","25568","30104","55672"
"2015-09-24","TestTablePartitions.java","124261","163660","287921"
"2015-07-22","TestTablePartitions.java","21565","21368","42933"
"2015-07-20","TestTablePartitions.java","17944","18000","35944"
"2015-09-23","TestTablePartitions.java","124231","160238","284469"
"2015-08-26","TestTablePartitions.java","114781","127637","242418"
"2015-11-26","TestTablePartitions.java","127601","170683","298284"
"2015-07-20","PhysicalPlannerImpl.java","109479","208618","318097"
"2015-07-30","PhysicalPlannerImpl.java","112425","217168","329593"
"2014-12-12","PhysicalPlannerImpl.java","65923","93740","159663"
"2015-09-04","PhysicalPlannerImpl.java","143758","258293","402051"
"2015-08-25","PhysicalPlannerImpl.java","143314","257001","400315"
"2015-05-15","PhysicalPlannerImpl.java","95353","150720","246073"
"2015-08-10","PhysicalPlannerImpl.java","112956","221420","334376"
"2015-04-27","PhysicalPlannerImpl.java","93505","146659","240164"
"2014-12-30","PhysicalPlannerImpl.java","72906","104182","177088"
"2015-03-03","PhysicalPlannerImpl.java","84390","120082","204472"
"2015-05-11","PhysicalPlannerImpl.java","94018","149984","244002"
"2015-11-25","TestHiveCatalogStore.java","127731","168672","296403"
"2015-10-16","TestHiveCatalogStore.java","125509","164541","290050"
"2015-09-24","TestHiveCatalogStore.java","124631","162509","287140"
"2015-07-20","PhysicalPlannerImpl.java","98669","282167","380836"
"2015-07-30","PhysicalPlannerImpl.java","101253","290355","391608"
"2014-12-12","PhysicalPlannerImpl.java","66306","178482","244788"
"2015-09-04","PhysicalPlannerImpl.java","124414","323308","447722"
"2014-08-11","PhysicalPlannerImpl.java","10072","33894","43966"
"2015-08-25","PhysicalPlannerImpl.java","123993","322039","446032"
"2015-05-15","PhysicalPlannerImpl.java","89678","229404","319082"
"2015-08-10","PhysicalPlannerImpl.java","101647","294470","396117"
"2014-08-21","PhysicalPlannerImpl.java","10608","40090","50698"
"2015-04-27","PhysicalPlannerImpl.java","88062","225575","313637"
"2014-12-30","PhysicalPlannerImpl.java","72201","187836","260037"
"2015-03-03","PhysicalPlannerImpl.java","80777","200828","281605"
"2014-07-09","PhysicalPlannerImpl.java","7519","23179","30698"
"2015-05-11","PhysicalPlannerImpl.java","88444","228769","317213"
"2014-07-09","PhysicalPlannerImpl.java","7337","21560","28897"
"2014-10-08","PhysicalPlannerImpl.java","12726","97085","109811"
"2014-03-07","RCFile.java","47508","87781","135289"
"2015-06-02","RCFile.java","117849","368326","486175"
"2014-12-12","RCFile.java","114934","296647","411581"
"2014-02-20","RCFile.java","41518","77417","118935"
"2015-11-25","RCFile.java","119242","416479","535721"
"2014-08-11","RCFile.java","114479","207838","322317"
"2013-12-18","RCFile.java","5062","20116","25178"
"2015-11-13","RCFile.java","119210","415804","535014"
"2014-01-27","RCFile.java","21979","50184","72163"
"2014-03-05","RCFile.java","47473","85330","132803"
"2014-04-10","RCFile.java","49863","107075","156938"
"2015-07-22","RCFile.java","118385","374188","492573"
"2015-05-06","RCFile.java","117837","326712","444549"
"2015-07-22","RCFile.java","118385","374355","492740"
"2015-05-11","RCFile.java","117844","327706","445550"
"2015-06-28","RCFile.java","117925","372686","490611"
"2013-11-21","RCFile.java","46290","88181","134471"
"2014-03-07","RCFile.java","60890","143054","203944"
"2015-06-02","RCFile.java","83566","375934","459500"
"2014-12-12","RCFile.java","82600","306204","388804"
"2014-02-20","RCFile.java","60749","138539","199288"
"2015-11-25","RCFile.java","84587","423715","508302"
"2014-08-11","RCFile.java","82338","217588","299926"
"2013-12-18","RCFile.java","47477","104422","151899"
"2015-11-13","RCFile.java","84573","423058","507631"
"2014-01-27","RCFile.java","51302","121398","172700"
"2014-03-05","RCFile.java","60889","140637","201526"
"2013-09-02","RCFile.java","27905","26805","54710"
"2014-04-10","RCFile.java","61921","161024","222945"
"2015-07-22","RCFile.java","83983","381677","465660"
"2015-05-06","RCFile.java","83576","334342","417918"
"2015-07-22","RCFile.java","83983","381844","465827"
"2015-05-11","RCFile.java","83578","335331","418909"
"2015-06-28","RCFile.java","83567","380219","463786"
"2015-09-03","TestTablePartitions.java","103094","115726","218820"
"2015-07-31","TestTablePartitions.java","4269","9002","13271"
"2015-09-24","TestTablePartitions.java","112070","151666","263736"
"2015-09-23","TestTablePartitions.java","111956","148160","260116"
"2015-08-26","TestTablePartitions.java","102193","115246","217439"
"2015-11-26","TestTablePartitions.java","115785","159064","274849"
"2013-09-27","PhysicalPlannerImpl.java","2792","4171","6963"
"2013-09-24","PhysicalPlannerImpl.java","2335","2955","5290"
"2014-01-22","PhysicalPlannerImpl.java","33772","92743","126515"
"2015-07-20","PhysicalPlannerImpl.java","91777","375875","467652"
"2013-09-23","PhysicalPlannerImpl.java","1410","2091","3501"
"2014-01-02","PhysicalPlannerImpl.java","29939","81297","111236"
"2013-09-21","PhysicalPlannerImpl.java","341","924","1265"
"2014-02-10","PhysicalPlannerImpl.java","47300","110570","157870"
"2013-12-18","PhysicalPlannerImpl.java","26387","73531","99918"
"2014-01-17","PhysicalPlannerImpl.java","33422","90520","123942"
"2015-07-30","PhysicalPlannerImpl.java","92281","381983","474264"
"2014-12-12","PhysicalPlannerImpl.java","90590","303366","393956"
"2014-02-20","PhysicalPlannerImpl.java","47887","114040","161927"
"2015-09-04","PhysicalPlannerImpl.java","92560","392054","484614"
"2014-08-11","PhysicalPlannerImpl.java","90292","214714","305006"
"2013-10-02","PhysicalPlannerImpl.java","4265","10542","14807"
"2013-10-07","PhysicalPlannerImpl.java","7406","21442","28848"
"2015-08-25","PhysicalPlannerImpl.java","92460","391106","483566"
"2013-12-05","PhysicalPlannerImpl.java","25652","63916","89568"
"2014-02-21","PhysicalPlannerImpl.java","48447","115262","163709"
"2015-05-15","PhysicalPlannerImpl.java","91777","332103","423880"
"2015-08-10","PhysicalPlannerImpl.java","92315","385738","478053"
"2014-08-21","PhysicalPlannerImpl.java","90303","220385","310688"
"2014-01-26","PhysicalPlannerImpl.java","34497","93912","128409"
"2015-04-27","PhysicalPlannerImpl.java","91813","329926","421739"
"2014-02-01","PhysicalPlannerImpl.java","46486","107120","153606"
"2014-02-07","PhysicalPlannerImpl.java","46759","110041","156800"
"2014-12-30","PhysicalPlannerImpl.java","90773","307008","397781"
"2015-03-03","PhysicalPlannerImpl.java","90771","311422","402193"
"2014-07-09","PhysicalPlannerImpl.java","89892","206152","296044"
"2014-02-20","PhysicalPlannerImpl.java","47915","114900","162815"
"2015-05-11","PhysicalPlannerImpl.java","91775","332700","424475"
"2014-07-09","PhysicalPlannerImpl.java","89892","204715","294607"
"2014-10-08","PhysicalPlannerImpl.java","90358","275317","365675"
"2014-05-16","PhysicalPlannerImpl.java","89891","190491","280382"
"2015-03-27","TestHiveCatalogStore.java","149254","292686","441940"
"2015-04-17","TestHiveCatalogStore.java","151072","300569","451641"
"2015-06-24","TestHiveCatalogStore.java","151867","353090","504957"
"2015-11-25","TestHiveCatalogStore.java","155424","399615","555039"
"2015-10-16","TestHiveCatalogStore.java","155121","397403","552524"
"2014-11-10","TestHiveCatalogStore.java","128165","237185","365350"
"2014-05-12","TestHiveCatalogStore.java","115845","130692","246537"
"2014-11-25","TestHiveCatalogStore.java","129161","244301","373462"
"2015-09-24","TestHiveCatalogStore.java","155032","396160","551192"
"2015-07-17","TestHiveCatalogStore.java","151973","355223","507196"
"2014-08-11","TestHiveCatalogStore.java","117803","158116","275919"
"2014-06-03","TestHiveCatalogStore.java","116259","141913","258172"
"2015-03-27","TestHiveCatalogStore.java","84529","187648","272177"
"2015-04-17","TestHiveCatalogStore.java","88601","197785","286386"
"2015-06-24","TestHiveCatalogStore.java","99090","260000","359090"
"2015-11-25","TestHiveCatalogStore.java","140060","343938","483998"
"2015-10-16","TestHiveCatalogStore.java","139530","341499","481029"
"2014-11-10","TestHiveCatalogStore.java","40222","108929","149151"
"2014-11-25","TestHiveCatalogStore.java","41797","116624","158421"
"2015-09-24","TestHiveCatalogStore.java","139346","340161","479507"
"2015-07-17","TestHiveCatalogStore.java","99476","262413","361889"
"2014-10-25","Projector.java","82572","278819","361391"
"2014-08-23","Projector.java","82390","271489","353879"
"2015-11-18","Projector.java","84576","423658","508234"
"2014-01-17","Projector.java","50436","118362","168798"
"2015-04-02","Projector.java","83604","321848","405452"
"2015-11-18","Projector.java","125128","267963","393091"
"2015-04-02","Projector.java","61354","103351","164705"
"2014-10-25","Projector.java","34831","41979","76810"
"2015-11-18","Projector.java","146682","296665","443347"
"2015-04-02","Projector.java","89742","138887","228629"
"2015-03-27","TestHiveCatalogStore.java","85044","202822","287866"
"2015-04-17","TestHiveCatalogStore.java","88607","212450","301057"
"2015-06-24","TestHiveCatalogStore.java","95775","271344","367119"
"2015-11-25","TestHiveCatalogStore.java","131683","350220","481903"
"2015-10-16","TestHiveCatalogStore.java","131163","347791","478954"
"2014-11-10","TestHiveCatalogStore.java","44154","127520","171674"
"2014-11-25","TestHiveCatalogStore.java","45707","135193","180900"
"2015-09-24","TestHiveCatalogStore.java","130982","346456","477438"
"2015-07-17","TestHiveCatalogStore.java","96119","273715","369834"
"2014-08-11","TestHiveCatalogStore.java","8566","23225","31791"
"2014-10-25","Projector.java","128255","256576","384831"
"2014-08-23","Projector.java","127846","249019","376865"
"2015-11-18","Projector.java","135907","407063","542970"
"2015-04-02","Projector.java","132757","303075","435832"
"2015-11-18","Projector.java","95673","196511","292184"
"2015-08-06","CatalogServer.java","84081","388309","472390"
"2013-09-27","CatalogServer.java","32461","44668","77129"
"2015-07-20","CatalogServer.java","83983","380705","464688"
"2014-03-20","CatalogServer.java","61564","150556","212120"
"2015-09-16","CatalogServer.java","84372","399677","484049"
"2015-09-17","CatalogServer.java","84545","415025","499570"
"2014-04-05","CatalogServer.java","61926","159903","221829"
"2014-02-19","CatalogServer.java","60663","137490","198153"
"2013-10-28","CatalogServer.java","43884","81749","125633"
"2015-09-01","CatalogServer.java","84320","393358","477678"
"2014-02-17","CatalogServer.java","60532","135764","196296"
"2013-09-09","CatalogServer.java","28547","29065","57612"
"2015-07-20","CatalogServer.java","83572","378498","462070"
"2013-08-14","CatalogServer.java","22677","17814","40491"
"2014-01-26","CatalogServer.java","51164","121407","172571"
"2014-03-23","CatalogServer.java","61612","150751","212363"
"2015-08-13","CatalogServer.java","84208","389145","473353"
"2014-12-30","CatalogServer.java","82703","312427","395130"
"2014-04-14","CatalogServer.java","61921","162669","224590"
"2015-09-25","CatalogServer.java","84547","420781","505328"
"2014-03-31","CatalogServer.java","61876","155730","217606"
"2014-12-07","CatalogServer.java","82592","294528","377120"
"2015-09-29","CatalogServer.java","84555","420957","505512"
"2015-08-04","CatalogServer.java","84062","386860","470922"
"2015-10-15","CatalogServer.java","84572","421705","506277"
"2015-09-24","CatalogServer.java","84547","420612","505159"
"2015-03-27","CatalogServer.java","83604","321973","405577"
"2015-09-17","CatalogServer.java","84376","413341","497717"
"2015-07-31","CatalogServer.java","84059","385261","469320"
"2015-07-30","CatalogServer.java","84059","384589","468648"
"2014-04-16","CatalogServer.java","62056","163147","225203"
"2014-10-15","CatalogServer.java","82548","281343","363891"
"2014-04-11","CatalogServer.java","61921","161638","223559"
"2014-02-06","CatalogServer.java","59840","133453","193293"
"2014-01-29","CatalogServer.java","59632","130388","190020"
"2015-09-16","CatalogServer.java","109588","120665","230253"
"2015-09-17","CatalogServer.java","110444","136696","247140"
"2015-09-01","CatalogServer.java","100438","105248","205686"
"2015-08-13","CatalogServer.java","3254","3963","7217"
"2015-09-25","CatalogServer.java","111942","143948","255890"
"2015-09-29","CatalogServer.java","112314","144488","256802"
"2015-10-15","CatalogServer.java","112953","145858","258811"
"2015-09-24","CatalogServer.java","111852","143689","255541"
"2015-09-17","CatalogServer.java","109923","134660","244583"
"2015-08-06","CatalogServer.java","93430","385451","478881"
"2015-07-20","CatalogServer.java","93320","377835","471155"
"2014-03-20","CatalogServer.java","52004","128789","180793"
"2015-09-16","CatalogServer.java","93708","396806","490514"
"2015-09-17","CatalogServer.java","93882","412155","506037"
"2014-04-05","CatalogServer.java","52509","138279","190788"
"2014-02-19","CatalogServer.java","46703","111323","158026"
"2013-10-28","CatalogServer.java","19254","44912","64166"
"2015-09-01","CatalogServer.java","93649","390480","484129"
"2014-02-17","CatalogServer.java","46328","109353","155681"
"2015-07-20","CatalogServer.java","92841","375560","468401"
"2014-01-26","CatalogServer.java","33184","91220","124404"
"2014-03-23","CatalogServer.java","52072","129004","181076"
"2015-08-13","CatalogServer.java","93536","386266","479802"
"2014-12-30","CatalogServer.java","91824","309341","401165"
"2014-04-14","CatalogServer.java","52595","141136","193731"
"2015-09-25","CatalogServer.java","93888","417915","511803"
"2014-03-31","CatalogServer.java","52414","134061","186475"
"2014-12-07","CatalogServer.java","91635","291364","382999"
"2015-09-29","CatalogServer.java","93897","418092","511989"
"2015-08-04","CatalogServer.java","93407","383998","477405"
"2015-10-15","CatalogServer.java","93919","418845","512764"
"2015-09-24","CatalogServer.java","93888","417746","511634"
"2015-03-27","CatalogServer.java","92843","319005","411848"
"2015-09-17","CatalogServer.java","93713","410471","504184"
"2015-07-31","CatalogServer.java","93404","382399","475803"
"2015-07-30","CatalogServer.java","93405","381728","475133"
"2014-04-16","CatalogServer.java","52762","141646","194408"
"2014-10-15","CatalogServer.java","91562","278150","369712"
"2014-04-11","CatalogServer.java","52588","140098","192686"
"2014-02-06","CatalogServer.java","45494","106900","152394"
"2014-01-29","CatalogServer.java","45238","103787","149025"
"2014-08-04","RangePartitionAlgorithm.java","82324","215856","298180"
"2014-02-10","RangePartitionAlgorithm.java","60372","134470","194842"
"2014-08-21","RangePartitionAlgorithm.java","82350","224216","306566"
"2015-06-02","RangePartitionAlgorithm.java","83566","375934","459500"
"2014-01-17","RangePartitionAlgorithm.java","50436","118362","168798"
"2015-08-06","CatalogServer.java","9039","16545","25584"
"2015-09-16","CatalogServer.java","112672","131255","243927"
"2015-09-17","CatalogServer.java","113367","147125","260492"
"2015-09-01","CatalogServer.java","105623","117939","223562"
"2015-08-13","CatalogServer.java","11470","19685","31155"
"2015-09-25","CatalogServer.java","114784","154296","269080"
"2015-09-29","CatalogServer.java","115113","154793","269906"
"2015-08-04","CatalogServer.java","8785","14861","23646"
"2015-10-15","CatalogServer.java","115691","156102","271793"
"2015-09-24","CatalogServer.java","114698","154041","268739"
"2015-09-17","CatalogServer.java","112876","145119","257995"
"2015-07-31","CatalogServer.java","7917","12397","20314"
"2015-07-30","CatalogServer.java","7595","11403","18998"
"2014-08-21","RangePartitionAlgorithm.java","1982","10316","12298"
"2015-06-02","RangePartitionAlgorithm.java","97969","256805","354774"
"2015-08-06","CatalogServer.java","148765","364001","512766"
"2015-07-20","CatalogServer.java","148435","356165","504600"
"2015-09-16","CatalogServer.java","150042","376355","526397"
"2015-09-17","CatalogServer.java","150311","391799","542110"
"2014-04-05","CatalogServer.java","1648","10633","12281"
"2015-09-01","CatalogServer.java","149918","369964","519882"
"2015-07-20","CatalogServer.java","147482","353416","500898"
"2014-03-23","CatalogServer.java","316","463","779"
"2015-08-13","CatalogServer.java","149312","365257","514569"
"2014-12-30","CatalogServer.java","141417","282149","423566"
"2014-04-14","CatalogServer.java","2519","14275","16794"
"2015-09-25","CatalogServer.java","150254","397496","547750"
"2014-03-31","CatalogServer.java","1166","6028","7194"
"2014-12-07","CatalogServer.java","128515","251459","379974"
"2015-09-29","CatalogServer.java","150271","397681","547952"
"2015-08-04","CatalogServer.java","148691","362497","511188"
"2015-10-15","CatalogServer.java","150329","398470","548799"
"2015-09-24","CatalogServer.java","150253","397326","547579"
"2015-03-27","CatalogServer.java","144946","294323","439269"
"2015-09-17","CatalogServer.java","150056","390029","540085"
"2015-07-31","CatalogServer.java","148680","360890","509570"
"2015-07-30","CatalogServer.java","148637","360175","508812"
"2014-04-16","CatalogServer.java","3144","15243","18387"
"2014-10-15","CatalogServer.java","117170","226973","344143"
"2014-04-11","CatalogServer.java","2467","13192","15659"
"2014-08-04","RangePartitionAlgorithm.java","111207","170641","281848"
"2014-08-21","RangePartitionAlgorithm.java","111316","179084","290400"
"2015-06-02","RangePartitionAlgorithm.java","138305","356575","494880"
"2015-09-17","CatalogServer.java","981","16156","17137"
"2015-09-25","CatalogServer.java","2956","23885","26841"
"2015-09-29","CatalogServer.java","3451","24548","27999"
"2015-10-15","CatalogServer.java","4220","26048","30268"
"2015-09-24","CatalogServer.java","2838","23598","26436"
"2015-09-17","CatalogServer.java","362","14022","14384"
"2015-06-02","RangePartitionAlgorithm.java","101997","252499","354496"
"2015-09-25","CatalogServer.java","2054","7808","9862"
"2015-09-29","CatalogServer.java","2551","8473","11024"
"2015-10-15","CatalogServer.java","3336","9989","13325"
"2015-09-24","CatalogServer.java","1931","7516","9447"
"2015-08-06","CatalogServer.java","156082","362333","518415"
"2015-07-20","CatalogServer.java","155722","354467","510189"
"2015-09-16","CatalogServer.java","157375","374703","532078"
"2015-09-17","CatalogServer.java","157644","390147","547791"
"2015-09-01","CatalogServer.java","157241","368302","525543"
"2015-07-20","CatalogServer.java","154714","351663","506377"
"2015-08-13","CatalogServer.java","156561","363521","520082"
"2014-12-30","CatalogServer.java","148347","280094","428441"
"2014-04-14","CatalogServer.java","987","3758","4745"
"2015-09-25","CatalogServer.java","157726","395983","553709"
"2014-12-07","CatalogServer.java","132824","246783","379607"
"2015-09-29","CatalogServer.java","157748","396173","553921"
"2015-08-04","CatalogServer.java","155981","360802","516783"
"2015-10-15","CatalogServer.java","157815","396971","554786"
"2015-09-24","CatalogServer.java","157725","395813","553538"
"2015-03-27","CatalogServer.java","151946","292338","444284"
"2015-09-17","CatalogServer.java","157392","388380","545772"
"2015-07-31","CatalogServer.java","155970","359195","515165"
"2015-07-30","CatalogServer.java","155935","358488","514423"
"2014-04-16","CatalogServer.java","1793","4907","6700"
"2014-10-15","CatalogServer.java","121359","222177","343536"
"2014-04-11","CatalogServer.java","923","2663","3586"
"2015-08-06","CatalogServer.java","141744","369145","510889"
"2015-07-20","CatalogServer.java","141556","361451","503007"
"2014-03-20","CatalogServer.java","12345","24510","36855"
"2015-09-16","CatalogServer.java","142617","381095","523712"
"2015-09-17","CatalogServer.java","142864","396517","539381"
"2014-04-05","CatalogServer.java","13676","34826","48502"
"2015-09-01","CatalogServer.java","142518","374729","517247"
"2015-07-20","CatalogServer.java","140934","359033","499967"
"2014-03-23","CatalogServer.java","12543","24855","37398"
"2015-08-13","CatalogServer.java","142146","370256","512402"
"2014-12-30","CatalogServer.java","135924","288821","424745"
"2014-04-14","CatalogServer.java","14308","38229","52537"
"2015-09-25","CatalogServer.java","142905","402312","545217"
"2014-03-31","CatalogServer.java","13258","30285","43543"
"2014-12-07","CatalogServer.java","123418","258527","381945"
"2015-09-29","CatalogServer.java","142920","402495","545415"
"2015-08-04","CatalogServer.java","141687","367658","509345"
"2015-10-15","CatalogServer.java","142963","403269","546232"
"2015-09-24","CatalogServer.java","142904","402142","545046"
"2015-03-27","CatalogServer.java","139134","300676","439810"
"2015-09-17","CatalogServer.java","142632","394770","537402"
"2015-07-31","CatalogServer.java","141675","366050","507725"
"2015-07-30","CatalogServer.java","141676","365379","507055"
"2014-04-16","CatalogServer.java","14871","39135","54006"
"2014-10-15","CatalogServer.java","113590","235558","349148"
"2014-04-11","CatalogServer.java","14262","37152","51414"
"2015-06-02","RCFile.java","143909","354113","498022"
"2014-12-12","RCFile.java","138732","280172","418904"
"2015-11-25","RCFile.java","146437","403401","549838"
"2014-08-11","RCFile.java","115441","168527","283968"
"2015-11-13","RCFile.java","146401","402722","549123"
"2014-04-10","RCFile.java","6382","23321","29703"
"2015-07-22","RCFile.java","144974","360504","505478"
"2015-05-06","RCFile.java","143734","312336","456070"
"2015-07-22","RCFile.java","144974","360671","505645"
"2015-05-11","RCFile.java","143779","313368","457147"
"2015-06-28","RCFile.java","144283","358771","503054"
"2014-08-04","RangePartitionAlgorithm.java","127706","193312","321018"
"2014-02-10","RangePartitionAlgorithm.java","26480","32652","59132"
"2014-08-21","RangePartitionAlgorithm.java","127783","201723","329506"
"2015-06-02","RangePartitionAlgorithm.java","133907","358349","492256"
"2015-08-06","CatalogServer.java","114810","381173","495983"
"2015-07-20","CatalogServer.java","114661","373518","488179"
"2014-03-20","CatalogServer.java","46571","97698","144269"
"2015-09-16","CatalogServer.java","115154","392594","507748"
"2015-09-17","CatalogServer.java","115332","407947","523279"
"2014-04-05","CatalogServer.java","47167","107279","154446"
"2014-02-19","CatalogServer.java","38818","77780","116598"
"2015-09-01","CatalogServer.java","115091","386264","501355"
"2014-02-17","CatalogServer.java","38085","75452","113537"
"2015-07-20","CatalogServer.java","114216","371277","485493"
"2014-01-26","CatalogServer.java","21142","53520","74662"
"2014-03-23","CatalogServer.java","46645","97919","144564"
"2015-08-13","CatalogServer.java","114923","381995","496918"
"2014-12-30","CatalogServer.java","111422","303281","414703"
"2014-04-14","CatalogServer.java","47298","110181","157479"
"2015-09-25","CatalogServer.java","115361","413730","529091"
"2014-03-31","CatalogServer.java","47012","103001","150013"
"2014-12-07","CatalogServer.java","111225","285296","396521"
"2015-09-29","CatalogServer.java","115375","413912","529287"
"2015-08-04","CatalogServer.java","114786","379719","494505"
"2015-10-15","CatalogServer.java","115396","414664","530060"
"2015-09-24","CatalogServer.java","115361","413561","528922"
"2015-03-27","CatalogServer.java","113945","314449","428394"
"2015-09-17","CatalogServer.java","115161","406261","521422"
"2015-07-31","CatalogServer.java","114746","378083","492829"
"2015-07-30","CatalogServer.java","114748","377413","492161"
"2014-04-16","CatalogServer.java","47472","110698","158170"
"2014-10-15","CatalogServer.java","111077","272007","383084"
"2014-04-11","CatalogServer.java","47287","109139","156426"
"2014-02-06","CatalogServer.java","37070","72818","109888"
"2014-01-29","CatalogServer.java","36783","69674","106457"
"2015-09-16","CatalogServer.java","11172","17439","28611"
"2015-09-17","CatalogServer.java","12081","33523","45604"
"2015-09-25","CatalogServer.java","13906","41102","55008"
"2015-09-29","CatalogServer.java","14317","41681","55998"
"2015-10-15","CatalogServer.java","15064","43159","58223"
"2015-09-24","CatalogServer.java","13791","40818","54609"
"2015-09-17","CatalogServer.java","11528","31455","42983"
"2015-08-06","CatalogServer.java","140476","369472","509948"
"2015-07-20","CatalogServer.java","140301","361791","502092"
"2014-03-20","CatalogServer.java","13372","27132","40504"
"2015-09-16","CatalogServer.java","141132","381205","522337"
"2015-09-17","CatalogServer.java","141380","396628","538008"
"2014-04-05","CatalogServer.java","14656","37401","52057"
"2014-02-19","CatalogServer.java","1907","3502","5409"
"2015-09-01","CatalogServer.java","141047","374853","515900"
"2015-07-20","CatalogServer.java","139722","359416","499138"
"2014-03-23","CatalogServer.java","13567","27474","41041"
"2015-08-13","CatalogServer.java","140678","370383","511061"
"2014-12-30","CatalogServer.java","134887","289379","424266"
"2014-04-14","CatalogServer.java","15315","40831","56146"
"2015-09-25","CatalogServer.java","141437","402439","543876"
"2014-03-31","CatalogServer.java","14257","32879","47136"
"2014-12-07","CatalogServer.java","122350","259054","381404"
"2015-09-29","CatalogServer.java","141452","402622","544074"
"2015-08-04","CatalogServer.java","140419","367985","508404"
"2015-10-15","CatalogServer.java","141495","403396","544891"
"2015-09-24","CatalogServer.java","141436","402269","543705"
"2015-03-27","CatalogServer.java","138006","301143","439149"
"2015-09-17","CatalogServer.java","141158","394891","536049"
"2015-07-31","CatalogServer.java","140408","366378","506786"
"2015-07-30","CatalogServer.java","140413","365711","506124"
"2014-04-16","CatalogServer.java","15890","41749","57639"
"2014-10-15","CatalogServer.java","112583","236146","348729"
"2014-04-11","CatalogServer.java","15270","39755","55025"
"2015-08-06","CatalogServer.java","82342","386052","468394"
"2013-09-27","CatalogServer.java","7049","18738","25787"
"2015-07-20","CatalogServer.java","82222","378426","460648"
"2014-03-20","CatalogServer.java","45940","134414","180354"
"2015-09-16","CatalogServer.java","82646","397433","480079"
"2015-09-17","CatalogServer.java","82820","412782","495602"
"2014-04-05","CatalogServer.java","46404","143863","190267"
"2014-02-19","CatalogServer.java","43950","120259","164209"
"2013-10-28","CatalogServer.java","21595","58942","80537"
"2015-09-01","CatalogServer.java","82587","391107","473694"
"2014-02-17","CatalogServer.java","43633","118347","161980"
"2015-07-20","CatalogServer.java","81801","376209","458010"
"2014-01-26","CatalogServer.java","33436","103161","136597"
"2014-03-23","CatalogServer.java","46009","134630","180639"
"2015-08-13","CatalogServer.java","82474","386893","469367"
"2014-12-30","CatalogServer.java","80809","310015","390824"
"2014-04-14","CatalogServer.java","46443","146673","193116"
"2015-09-25","CatalogServer.java","82823","418539","501362"
"2014-03-31","CatalogServer.java","46328","139664","185992"
"2014-12-07","CatalogServer.java","80621","292039","372660"
"2015-09-29","CatalogServer.java","82832","418716","501548"
"2015-08-04","CatalogServer.java","82307","384587","466894"
"2015-10-15","CatalogServer.java","82849","419464","502313"
"2015-09-24","CatalogServer.java","82823","418370","501193"
"2015-03-27","CatalogServer.java","81812","319663","401475"
"2015-09-17","CatalogServer.java","82651","411098","493749"
"2015-07-31","CatalogServer.java","82304","382988","465292"
"2015-07-30","CatalogServer.java","82305","382317","464622"
"2014-04-16","CatalogServer.java","46609","147182","193791"
"2014-10-15","CatalogServer.java","80572","278849","359421"
"2014-04-11","CatalogServer.java","46439","145638","192077"
"2014-02-06","CatalogServer.java","42831","115926","158757"
"2014-01-29","CatalogServer.java","42603","112841","155444"
"2015-08-06","CatalogServer.java","11553","20855","32408"
"2015-09-16","CatalogServer.java","113867","134246","248113"
"2015-09-17","CatalogServer.java","114559","150113","264672"
"2015-09-01","CatalogServer.java","106876","120988","227864"
"2015-08-13","CatalogServer.java","12975","22986","35961"
"2015-09-25","CatalogServer.java","115903","157211","273114"
"2015-09-29","CatalogServer.java","116233","157709","273942"
"2015-08-04","CatalogServer.java","11309","19181","30490"
"2015-10-15","CatalogServer.java","116794","159001","275795"
"2015-09-24","CatalogServer.java","115819","156958","272777"
"2015-09-17","CatalogServer.java","114011","148050","262061"
"2015-07-31","CatalogServer.java","10705","16981","27686"
"2015-07-30","CatalogServer.java","10367","15971","26338"
"2015-08-06","CatalogServer.java","77728","386819","464547"
"2013-09-27","CatalogServer.java","14365","31435","45800"
"2015-07-20","CatalogServer.java","77624","379209","456833"
"2014-03-20","CatalogServer.java","48752","142607","191359"
"2015-09-16","CatalogServer.java","78026","398194","476220"
"2015-09-17","CatalogServer.java","78199","413542","491741"
"2014-04-05","CatalogServer.java","49176","152016","201192"
"2014-02-19","CatalogServer.java","47405","129095","176500"
"2013-10-28","CatalogServer.java","27281","70009","97290"
"2015-09-01","CatalogServer.java","77973","391874","469847"
"2014-02-17","CatalogServer.java","47156","127251","174407"
"2013-09-09","CatalogServer.java","8995","14376","23371"
"2015-07-20","CatalogServer.java","77205","376994","454199"
"2014-01-26","CatalogServer.java","37710","112816","150526"
"2014-03-23","CatalogServer.java","48802","142804","191606"
"2015-08-13","CatalogServer.java","77860","387660","465520"
"2014-12-30","CatalogServer.java","76288","310875","387163"
"2014-04-14","CatalogServer.java","49172","154783","203955"
"2015-09-25","CatalogServer.java","78201","419298","497499"
"2014-03-31","CatalogServer.java","49103","147820","196923"
"2014-12-07","CatalogServer.java","76182","292981","369163"
"2015-09-29","CatalogServer.java","78209","419474","497683"
"2015-08-04","CatalogServer.java","77709","385370","463079"
"2015-10-15","CatalogServer.java","78223","420219","498442"
"2015-09-24","CatalogServer.java","78201","419129","497330"
"2015-03-27","CatalogServer.java","77231","320463","397694"
"2015-09-17","CatalogServer.java","78030","411858","489888"
"2015-07-31","CatalogServer.java","77706","383771","461477"
"2015-07-30","CatalogServer.java","77707","383100","460807"
"2014-04-16","CatalogServer.java","49316","155270","204586"
"2014-10-15","CatalogServer.java","76138","279796","355934"
"2014-04-11","CatalogServer.java","49173","153753","202926"
"2014-02-06","CatalogServer.java","46450","124926","171376"
"2014-01-29","CatalogServer.java","46249","121868","168117"
"2015-08-06","CatalogServer.java","136368","370353","506721"
"2015-07-20","CatalogServer.java","136191","362670","498861"
"2014-03-20","CatalogServer.java","34723","53472","88195"
"2015-09-16","CatalogServer.java","137024","382086","519110"
"2015-09-17","CatalogServer.java","137222","397459","534681"
"2014-04-05","CatalogServer.java","35807","63541","99348"
"2014-02-19","CatalogServer.java","23850","30434","54284"
"2015-09-01","CatalogServer.java","136941","375736","512677"
"2014-02-17","CatalogServer.java","22000","26989","48989"
"2015-07-20","CatalogServer.java","135647","360330","495977"
"2014-03-23","CatalogServer.java","34849","53745","88594"
"2015-08-13","CatalogServer.java","136570","371264","507834"
"2014-12-30","CatalogServer.java","131137","290618","421755"
"2014-04-14","CatalogServer.java","36350","66855","103205"
"2015-09-25","CatalogServer.java","137278","403269","540547"
"2014-03-31","CatalogServer.java","35422","59033","94455"
"2014-12-07","CatalogServer.java","130882","272575","403457"
"2015-09-29","CatalogServer.java","137293","403452","540745"
"2015-08-04","CatalogServer.java","136309","368864","505173"
"2015-10-15","CatalogServer.java","137336","404226","541562"
"2015-09-24","CatalogServer.java","137277","403099","540376"
"2015-03-27","CatalogServer.java","134003","302129","436132"
"2015-09-17","CatalogServer.java","137050","395772","532822"
"2015-07-31","CatalogServer.java","136297","367256","503553"
"2015-07-30","CatalogServer.java","136302","366589","502891"
"2014-04-16","CatalogServer.java","36877","67725","104602"
"2014-10-15","CatalogServer.java","128768","257320","386088"
"2014-04-11","CatalogServer.java","36305","65779","102084"
"2014-02-06","CatalogServer.java","20681","24051","44732"
"2014-01-29","CatalogServer.java","19775","20288","40063"
"2015-11-25","RCFile.java","127730","174490","302220"
"2015-11-13","RCFile.java","126649","172766","299415"
"2015-07-22","RCFile.java","22769","28095","50864"
"2015-07-22","RCFile.java","22773","28266","51039"
"2015-06-28","RCFile.java","4750","9034","13784"
"2015-08-06","CatalogServer.java","148855","363944","512799"
"2015-07-20","CatalogServer.java","148503","356086","504589"
"2015-09-16","CatalogServer.java","150024","376190","526214"
"2015-09-17","CatalogServer.java","150293","391634","541927"
"2014-04-05","CatalogServer.java","1342","10180","11522"
"2015-09-01","CatalogServer.java","149900","369799","519699"
"2015-07-20","CatalogServer.java","147545","353332","500877"
"2015-08-13","CatalogServer.java","149292","365090","514382"
"2014-12-30","CatalogServer.java","141475","282060","423535"
"2014-04-14","CatalogServer.java","2253","13862","16115"
"2015-09-25","CatalogServer.java","150373","397468","547841"
"2014-03-31","CatalogServer.java","860","5575","6435"
"2014-12-07","CatalogServer.java","128572","251369","379941"
"2015-09-29","CatalogServer.java","150390","397653","548043"
"2015-08-04","CatalogServer.java","148758","362417","511175"
"2015-10-15","CatalogServer.java","150448","398442","548890"
"2015-09-24","CatalogServer.java","150372","397298","547670"
"2015-03-27","CatalogServer.java","145008","294238","439246"
"2015-09-17","CatalogServer.java","150042","389868","539910"
"2015-07-31","CatalogServer.java","148747","360810","509557"
"2015-07-30","CatalogServer.java","148711","360102","508813"
"2014-04-16","CatalogServer.java","2877","14829","17706"
"2014-10-15","CatalogServer.java","117234","226890","344124"
"2014-04-11","CatalogServer.java","2201","12779","14980"
"2014-08-21","TestTablePartitions.java","9105","26820","35925"
"2015-04-27","TestTablePartitions.java","89326","215406","304732"
"2014-10-25","TestTablePartitions.java","38868","112254","151122"
"2015-09-03","TestTablePartitions.java","128312","314552","442864"
"2014-07-15","TestTablePartitions.java","6050","11363","17413"
"2015-07-31","TestTablePartitions.java","103678","282019","385697"
"2014-12-04","TestTablePartitions.java","47498","136363","183861"
"2015-06-24","TestTablePartitions.java","96642","269941","366583"
"2015-09-24","TestTablePartitions.java","132594","345798","478392"
"2014-07-15","TestTablePartitions.java","6128","13812","19940"
"2015-04-17","TestTablePartitions.java","89173","210746","299919"
"2014-10-06","TestTablePartitions.java","11273","82365","93638"
"2015-06-26","TestTablePartitions.java","96661","270466","367127"
"2015-07-22","TestTablePartitions.java","102887","276495","379382"
"2015-07-20","TestTablePartitions.java","102297","276158","378455"
"2014-08-11","TestTablePartitions.java","8585","21134","29719"
"2015-09-23","TestTablePartitions.java","132579","342391","474970"
"2015-08-26","TestTablePartitions.java","127890","314551","442441"
"2015-11-26","TestTablePartitions.java","133355","350242","483597"
"2015-09-16","CatalogServer.java","107209","117577","224786"
"2015-09-17","CatalogServer.java","108071","133614","241685"
"2015-09-01","CatalogServer.java","98008","102109","200117"
"2015-09-25","CatalogServer.java","109611","140908","250519"
"2015-09-29","CatalogServer.java","109984","141449","251433"
"2015-10-15","CatalogServer.java","110655","142851","253506"
"2015-09-24","CatalogServer.java","109517","140645","250162"
"2015-09-17","CatalogServer.java","107558","131586","239144"
"2015-09-03","TestTablePartitions.java","105806","118185","223991"
"2015-07-31","TestTablePartitions.java","7917","12397","20314"
"2015-09-24","TestTablePartitions.java","114698","154041","268739"
"2015-07-22","TestTablePartitions.java","3678","3425","7103"
"2015-09-23","TestTablePartitions.java","114590","150541","265131"
"2015-08-26","TestTablePartitions.java","104907","117707","222614"
"2015-11-26","TestTablePartitions.java","118308","161334","279642"
"2015-06-02","RCFile.java","54160","122924","177084"
"2015-11-25","RCFile.java","116215","231739","347954"
"2015-11-13","RCFile.java","115294","230175","345469"
"2015-07-22","RCFile.java","65825","139915","205740"
"2015-05-06","RCFile.java","38991","66153","105144"
"2015-07-22","RCFile.java","65829","140086","205915"
"2015-05-11","RCFile.java","39567","67716","107283"
"2015-06-28","RCFile.java","56587","129635","186222"
"2014-03-07","RCFile.java","7408","11782","19190"
"2015-06-02","RCFile.java","141321","355899","497220"
"2014-12-12","RCFile.java","136489","282303","418792"
"2015-11-25","RCFile.java","143769","405107","548876"
"2014-08-11","RCFile.java","113686","171146","284832"
"2015-11-13","RCFile.java","143733","404428","548161"
"2014-03-05","RCFile.java","7322","9280","16602"
"2014-04-10","RCFile.java","13333","34646","47979"
"2015-07-22","RCFile.java","142345","362249","504594"
"2015-05-06","RCFile.java","141151","314127","455278"
"2015-07-22","RCFile.java","142345","362416","504761"
"2015-05-11","RCFile.java","141192","315155","456347"
"2015-06-28","RCFile.java","141688","360550","502238"
"2015-08-06","CatalogServer.java","67458","141962","209420"
"2015-07-20","CatalogServer.java","60763","127761","188524"
"2015-09-16","CatalogServer.java","110570","196151","306721"
"2015-09-17","CatalogServer.java","110991","211747","322738"
"2015-09-01","CatalogServer.java","104744","184058","288802"
"2015-07-20","CatalogServer.java","58718","123920","182638"
"2015-08-13","CatalogServer.java","68433","143646","212079"
"2015-09-25","CatalogServer.java","111642","218152","329794"
"2015-09-29","CatalogServer.java","111840","218518","330358"
"2015-08-04","CatalogServer.java","67299","140373","207672"
"2015-10-15","CatalogServer.java","112154","219563","331717"
"2015-09-24","CatalogServer.java","111626","217967","329593"
"2015-03-27","CatalogServer.java","26822","35467","62289"
"2015-09-17","CatalogServer.java","110646","209887","320533"
"2015-07-31","CatalogServer.java","66775","138253","205028"
"2015-07-30","CatalogServer.java","66729","137535","204264"
"2015-06-02","RCFile.java","98124","255242","353366"
"2014-12-12","RCFile.java","64622","152976","217598"
"2015-11-25","RCFile.java","140060","343938","483998"
"2015-11-13","RCFile.java","139929","343164","483093"
"2015-07-22","RCFile.java","105424","267868","373292"
"2015-05-06","RCFile.java","89069","204585","293654"
"2015-07-22","RCFile.java","105424","268035","373459"
"2015-05-11","RCFile.java","89175","205678","294853"
"2015-06-28","RCFile.java","99344","260746","360090"
"2014-03-07","RCFile.java","49211","74430","123641"
"2015-06-02","RCFile.java","129946","365369","495315"
"2014-12-12","RCFile.java","126388","293047","419435"
"2014-02-20","RCFile.java","42378","63223","105601"
"2015-11-25","RCFile.java","131385","413568","544953"
"2014-08-11","RCFile.java","125859","204164","330023"
"2015-11-13","RCFile.java","131353","412893","544246"
"2014-01-27","RCFile.java","20628","33779","54407"
"2014-03-05","RCFile.java","49174","71977","121151"
"2014-04-10","RCFile.java","52060","94218","146278"
"2015-07-22","RCFile.java","130482","371231","501713"
"2015-05-06","RCFile.java","129928","323749","453677"
"2015-07-22","RCFile.java","130482","371398","501880"
"2015-05-11","RCFile.java","129936","324744","454680"
"2015-06-28","RCFile.java","130020","369727","499747"
"2014-08-21","UniformRangePartition.java","82350","224216","306566"
"2014-08-04","UniformRangePartition.java","82324","215856","298180"
"2014-02-10","UniformRangePartition.java","60372","134470","194842"
"2015-06-02","UniformRangePartition.java","83566","375934","459500"
"2014-03-29","UniformRangePartition.java","61851","154068","215919"
"2015-06-02","UniformRangePartition.java","101997","252499","354496"
"2014-08-21","UniformRangePartition.java","1982","10316","12298"
"2015-06-02","UniformRangePartition.java","97969","256805","354774"
"2015-11-25","RCFile.java","2321","2964","5285"
"2015-08-06","CatalogServer.java","157818","361298","519116"
"2015-07-20","CatalogServer.java","157450","353424","510874"
"2015-09-16","CatalogServer.java","159193","373750","532943"
"2015-09-17","CatalogServer.java","159462","389194","548656"
"2015-09-01","CatalogServer.java","159039","367329","526368"
"2015-07-20","CatalogServer.java","156411","350589","507000"
"2015-08-13","CatalogServer.java","158333","362522","520855"
"2014-12-30","CatalogServer.java","149862","278838","428700"
"2015-09-25","CatalogServer.java","159540","395026","554566"
"2014-12-07","CatalogServer.java","134172","245360","379532"
"2015-09-29","CatalogServer.java","159562","395216","554778"
"2015-08-04","CatalogServer.java","157717","359767","517484"
"2015-10-15","CatalogServer.java","159632","396017","555649"
"2015-09-24","CatalogServer.java","159537","394854","554391"
"2015-03-27","CatalogServer.java","153492","291113","444605"
"2015-09-17","CatalogServer.java","159194","387411","546605"
"2015-07-31","CatalogServer.java","157705","358159","515864"
"2015-07-30","CatalogServer.java","157670","357452","515122"
"2014-04-16","CatalogServer.java","909","1252","2161"
"2014-10-15","CatalogServer.java","122102","220149","342251"
"2014-08-21","UniformRangePartition.java","111316","179084","290400"
"2014-08-04","UniformRangePartition.java","111207","170641","281848"
"2015-06-02","UniformRangePartition.java","138305","356575","494880"
"2014-03-29","UniformRangePartition.java","14483","32602","47085"
"2015-09-29","CatalogServer.java","523","691","1214"
"2015-10-15","CatalogServer.java","1451","2350","3801"
"2015-08-06","CatalogServer.java","152435","362809","515244"
"2015-07-20","CatalogServer.java","152080","354948","507028"
"2015-09-16","CatalogServer.java","153728","375179","528907"
"2015-09-17","CatalogServer.java","153997","390623","544620"
"2014-04-05","CatalogServer.java","518","4641","5159"
"2015-09-01","CatalogServer.java","153594","368778","522372"
"2015-07-20","CatalogServer.java","151068","352140","503208"
"2015-08-13","CatalogServer.java","152914","363997","516911"
"2014-12-30","CatalogServer.java","144795","280665","425460"
"2014-04-14","CatalogServer.java","1493","8387","9880"
"2015-09-25","CatalogServer.java","154078","396458","550536"
"2014-12-07","CatalogServer.java","130057","248139","378196"
"2015-09-29","CatalogServer.java","154098","396646","550744"
"2015-08-04","CatalogServer.java","152339","361283","513622"
"2015-10-15","CatalogServer.java","154164","397443","551607"
"2015-09-24","CatalogServer.java","154077","396288","550365"
"2015-03-27","CatalogServer.java","148386","292901","441287"
"2015-09-17","CatalogServer.java","153745","388856","542601"
"2015-07-31","CatalogServer.java","152328","359676","512004"
"2015-07-30","CatalogServer.java","152293","358969","511262"
"2014-04-16","CatalogServer.java","2176","9413","11589"
"2014-10-15","CatalogServer.java","118613","223554","342167"
"2014-04-11","CatalogServer.java","1429","7292","8721"
"2015-08-06","CatalogServer.java","91138","183430","274568"
"2015-07-20","CatalogServer.java","88012","172798","260810"
"2015-09-16","CatalogServer.java","129034","232403","361437"
"2015-09-17","CatalogServer.java","129468","248012","377480"
"2015-09-01","CatalogServer.java","124353","221455","345808"
"2015-07-20","CatalogServer.java","86222","169212","255434"
"2015-08-13","CatalogServer.java","91926","184927","276853"
"2014-12-30","CatalogServer.java","40210","57998","98208"
"2015-09-25","CatalogServer.java","129930","254228","384158"
"2015-09-29","CatalogServer.java","130021","254487","384508"
"2015-08-04","CatalogServer.java","91017","181879","272896"
"2015-10-15","CatalogServer.java","130265","255462","385727"
"2015-09-24","CatalogServer.java","129920","254049","383969"
"2015-03-27","CatalogServer.java","61410","87843","149253"
"2015-09-17","CatalogServer.java","129147","246176","375323"
"2015-07-31","CatalogServer.java","90585","179851","270436"
"2015-07-30","CatalogServer.java","90550","179144","269694"
"2014-03-07","RCFile.java","31415","43483","74898"
"2015-06-02","RCFile.java","135023","357295","492318"
"2014-12-12","RCFile.java","130669","284177","414846"
"2014-02-20","RCFile.java","24200","31894","56094"
"2015-11-25","RCFile.java","137228","406260","543488"
"2014-08-11","RCFile.java","128043","193197","321240"
"2015-11-13","RCFile.java","137194","405583","542777"
"2014-03-05","RCFile.java","31357","41009","72366"
"2014-04-10","RCFile.java","35805","64812","100617"
"2015-07-22","RCFile.java","135977","363575","499552"
"2015-05-06","RCFile.java","134878","315548","450426"
"2015-07-22","RCFile.java","135977","363742","499719"
"2015-05-11","RCFile.java","134908","316565","451473"
"2015-06-28","RCFile.java","135381","361937","497318"
"2015-10-15","CatalogServer.java","937","1668","2605"
"2014-08-21","TestTablePartitions.java","743","5909","6652"
"2015-04-27","TestTablePartitions.java","88794","202325","291119"
"2014-10-25","TestTablePartitions.java","33917","94754","128671"
"2015-09-03","TestTablePartitions.java","134786","308477","443263"
"2015-07-31","TestTablePartitions.java","106286","272078","378364"
"2014-12-04","TestTablePartitions.java","43365","119681","163046"
"2015-06-24","TestTablePartitions.java","99097","259847","358944"
"2015-09-24","TestTablePartitions.java","139404","340059","479463"
"2015-04-17","TestTablePartitions.java","88604","197628","286232"
"2014-10-06","TestTablePartitions.java","3169","61712","64881"
"2015-06-26","TestTablePartitions.java","99141","260397","359538"
"2015-07-22","TestTablePartitions.java","105474","266533","372007"
"2015-07-20","TestTablePartitions.java","104828","266140","370968"
"2015-09-23","TestTablePartitions.java","139389","336652","476041"
"2015-08-26","TestTablePartitions.java","134364","308476","442840"
"2015-11-26","TestTablePartitions.java","140181","344519","484700"
"2015-09-24","TestTablePartitions.java","224","3616","3840"
"2015-11-26","TestTablePartitions.java","5938","13013","18951"
"2014-03-07","RCFile.java","102","2518","2620"
"2015-06-02","RCFile.java","143063","355683","498746"
"2014-12-12","RCFile.java","138103","281959","420062"
"2015-11-25","RCFile.java","145525","404905","550430"
"2014-08-11","RCFile.java","115046","170548","285594"
"2015-11-13","RCFile.java","145489","404226","549715"
"2014-04-10","RCFile.java","6393","25748","32141"
"2015-07-22","RCFile.java","144101","362047","506148"
"2015-05-06","RCFile.java","142888","313906","456794"
"2015-07-22","RCFile.java","144101","362214","506315"
"2015-05-11","RCFile.java","142933","314938","457871"
"2015-06-28","RCFile.java","143437","360341","503778"
"2013-11-21","RCFile.java","24622","67613","92235"
"2014-03-07","RCFile.java","44513","127777","172290"
"2015-06-02","RCFile.java","80398","373866","454264"
"2014-12-12","RCFile.java","79242","303946","383188"
"2014-02-20","RCFile.java","43921","122811","166732"
"2015-11-25","RCFile.java","81486","421714","503200"
"2014-08-11","RCFile.java","78962","215312","294274"
"2013-12-18","RCFile.java","26591","84636","111227"
"2015-11-13","RCFile.java","81464","421049","502513"
"2014-01-27","RCFile.java","33492","104688","138180"
"2014-03-05","RCFile.java","44501","125349","169850"
"2014-04-10","RCFile.java","46014","146217","192231"
"2015-07-22","RCFile.java","80830","379624","460454"
"2015-05-06","RCFile.java","80408","332274","412682"
"2015-07-22","RCFile.java","80830","379791","460621"
"2015-05-11","RCFile.java","80410","333263","413673"
"2015-06-28","RCFile.java","80400","378152","458552"
"2015-08-06","CatalogServer.java","293","1723","2016"
"2015-09-16","CatalogServer.java","109680","122187","231867"
"2015-09-17","CatalogServer.java","110501","138183","248684"
"2015-09-01","CatalogServer.java","100567","106807","207374"
"2015-08-13","CatalogServer.java","3446","5585","9031"
"2015-09-25","CatalogServer.java","111996","145432","257428"
"2015-09-29","CatalogServer.java","112368","145972","258340"
"2015-10-15","CatalogServer.java","113003","147338","260341"
"2015-09-24","CatalogServer.java","111906","145173","257079"
"2015-09-17","CatalogServer.java","110009","136176","246185"
"2015-06-02","RCFile.java","154930","348195","503125"
"2014-12-12","RCFile.java","148650","273151","421801"
"2015-11-25","RCFile.java","158855","398880","557735"
"2014-08-11","RCFile.java","120645","156792","277437"
"2015-11-13","RCFile.java","158819","398201","557020"
"2015-07-22","RCFile.java","156438","355029","511467"
"2015-05-06","RCFile.java","154751","306414","461165"
"2015-07-22","RCFile.java","156438","355196","511634"
"2015-05-11","RCFile.java","154796","307446","462242"
"2015-06-28","RCFile.java","155346","352895","508241"
"2015-09-03","TestTablePartitions.java","1313","892","2205"
"2015-09-24","TestTablePartitions.java","14759","41302","56061"
"2015-09-23","TestTablePartitions.java","14584","37735","52319"
"2015-11-26","TestTablePartitions.java","19842","50068","69910"
"2015-11-25","RCFile.java","116986","158420","275406"
"2015-11-13","RCFile.java","115809","156600","272409"
"2014-03-20","TestTableSubQuery.java","53620","131507","185127"
"2014-01-07","TestTableSubQuery.java","32017","83226","115243"
"2013-09-21","TestTableSubQuery.java","1466","1742","3208"
"2013-12-05","TestTableSubQuery.java","26501","64488","90989"
"2014-03-20","TestTableSubQuery.java","41182","67860","109042"
"2014-03-20","TestTableSubQuery.java","53156","130767","183923"
"2014-01-07","TestTableSubQuery.java","31100","82033","113133"
"2013-12-05","TestTableSubQuery.java","25472","63183","88655"
"2014-03-20","TestTableSubQuery.java","50242","90142","140384"
"2014-01-07","TestTableSubQuery.java","14331","27553","41884"
"2014-12-30","TestTruncateTable.java","72329","177897","250226"
"2015-06-02","RCFile.java","17152","58754","75906"
"2015-11-25","RCFile.java","94309","182671","276980"
"2015-11-13","RCFile.java","93279","180998","274277"
"2015-07-22","RCFile.java","33792","80720","114512"
"2015-07-22","RCFile.java","33796","80891","114687"
"2015-05-11","RCFile.java","846","1833","2679"
"2015-06-28","RCFile.java","20505","66391","86896"
"2014-03-20","TestUnionQuery.java","38604","59670","98274"
"2015-07-17","TestUnionQuery.java","134272","364060","498332"
"2014-05-26","TestUnionQuery.java","127003","177978","304981"
"2014-06-02","TestUnionQuery.java","126986","179594","306580"
"2014-06-26","TestUnionQuery.java","127084","179613","306697"
"2014-07-07","TestUnionQuery.java","127085","180208","307293"
"2015-03-19","TestUnionQuery.java","132708","300794","433502"
"2015-05-27","TestUnionQuery.java","133816","357865","491681"
"2015-09-05","TestUnionQuery.java","135498","377971","513469"
"2015-07-17","TestUnionQuery.java","147408","356130","503538"
"2014-05-26","TestUnionQuery.java","114808","144717","259525"
"2014-06-02","TestUnionQuery.java","114825","146367","261192"
"2014-06-26","TestUnionQuery.java","114944","146407","261351"
"2014-07-07","TestUnionQuery.java","114946","147003","261949"
"2015-03-19","TestUnionQuery.java","144724","291744","436468"
"2015-05-27","TestUnionQuery.java","146889","349872","496761"
"2015-09-05","TestUnionQuery.java","149915","371322","521237"
"2015-09-05","TestUnionQuery.java","118925","131610","250535"
"2015-09-25","CatalogServer.java","130","299","429"
"2015-09-29","CatalogServer.java","653","990","1643"
"2015-10-15","CatalogServer.java","1575","2643","4218"
"2015-08-06","CatalogServer.java","47151","113010","160161"
"2015-07-20","CatalogServer.java","39940","98293","138233"
"2015-09-16","CatalogServer.java","94225","171161","265386"
"2015-09-17","CatalogServer.java","94659","186770","281429"
"2015-09-01","CatalogServer.java","87714","158383","246097"
"2015-07-20","CatalogServer.java","37721","94278","131999"
"2015-08-13","CatalogServer.java","48357","114925","163282"
"2015-09-25","CatalogServer.java","95387","193252","288639"
"2015-09-29","CatalogServer.java","95592","193625","289217"
"2015-08-04","CatalogServer.java","46966","111395","158361"
"2015-10-15","CatalogServer.java","95945","194709","290654"
"2015-09-24","CatalogServer.java","95347","193043","288390"
"2015-09-17","CatalogServer.java","94330","184926","279256"
"2015-07-31","CatalogServer.java","46438","109271","155709"
"2015-07-30","CatalogServer.java","46231","108392","154623"
"2015-07-17","TestUnionQuery.java","95779","274592","370371"
"2014-06-02","TestUnionQuery.java","592","2225","2817"
"2014-06-26","TestUnionQuery.java","5535","7089","12624"
"2014-07-07","TestUnionQuery.java","5590","7738","13328"
"2015-03-19","TestUnionQuery.java","84712","201823","286535"
"2015-05-27","TestUnionQuery.java","93771","266845","360616"
"2015-09-05","TestUnionQuery.java","125550","317048","442598"
"2014-08-21","UniformRangePartition.java","117218","166867","284085"
"2014-08-04","UniformRangePartition.java","117006","158321","275327"
"2015-06-02","UniformRangePartition.java","149757","349908","499665"
"2014-08-11","QueryContext.java","80343","215075","295418"
"2014-05-07","QueryContext.java","80092","185951","266043"
"2015-07-22","QueryContext.java","82222","379398","461620"
"2014-12-08","QueryContext.java","80621","292585","373206"
"2015-06-25","QueryContext.java","81787","377531","459318"
"2014-12-12","QueryContext.java","80624","303710","384334"
"2015-06-24","QueryContext.java","81787","377429","459216"
"2013-12-30","QueryContext.java","27670","86208","113878"
"2014-10-25","QueryContext.java","80596","276325","356921"
"2015-09-25","CatalogServer.java","3121","10390","13511"
"2015-09-29","CatalogServer.java","3618","11055","14673"
"2015-10-15","CatalogServer.java","4409","12577","16986"
"2015-09-24","CatalogServer.java","3001","10101","13102"
"2015-07-22","QueryContext.java","105424","267868","373292"
"2014-12-08","QueryContext.java","43624","120856","164480"
"2015-06-25","QueryContext.java","99093","260105","359198"
"2014-12-12","QueryContext.java","64622","152976","217598"
"2015-06-24","QueryContext.java","99090","260000","359090"
"2014-10-25","QueryContext.java","33915","94912","128827"
"2015-08-06","CatalogServer.java","1322","4348","5670"
"2015-09-16","CatalogServer.java","109751","123854","233605"
"2015-09-17","CatalogServer.java","110572","139850","250422"
"2015-09-01","CatalogServer.java","100649","108485","209134"
"2015-08-13","CatalogServer.java","4085","7820","11905"
"2015-09-25","CatalogServer.java","112021","147053","259074"
"2015-09-29","CatalogServer.java","112393","147593","259986"
"2015-08-04","CatalogServer.java","1066","2662","3728"
"2015-10-15","CatalogServer.java","113021","148952","261973"
"2015-09-24","CatalogServer.java","111935","146798","258733"
"2015-09-17","CatalogServer.java","110080","137843","247923"
"2014-08-11","QueryContext.java","10383","39256","49639"
"2015-07-22","QueryContext.java","99276","290593","389869"
"2014-12-08","QueryContext.java","47070","153175","200245"
"2015-06-25","QueryContext.java","93753","283638","377391"
"2014-12-12","QueryContext.java","65723","182950","248673"
"2015-06-24","QueryContext.java","93752","283535","377287"
"2014-10-25","QueryContext.java","39174","129044","168218"
"2015-07-22","QueryContext.java","89352","174564","263916"
"2015-06-25","QueryContext.java","79962","163742","243704"
"2014-12-12","QueryContext.java","30818","41940","72758"
"2015-06-24","QueryContext.java","79959","163637","243596"
"2015-07-17","TestUnionQuery.java","96009","273189","369198"
"2014-06-26","TestUnionQuery.java","4970","4891","9861"
"2014-07-07","TestUnionQuery.java","5025","5540","10565"
"2015-03-19","TestUnionQuery.java","84781","200259","285040"
"2015-05-27","TestUnionQuery.java","93898","265339","359237"
"2015-09-05","TestUnionQuery.java","126788","316653","443441"
"2015-11-25","RCFile.java","116979","158246","275225"
"2015-11-13","RCFile.java","115802","156426","272228"
"2015-07-17","TestUnionQuery.java","93723","270982","364705"
"2014-07-07","TestUnionQuery.java","97","691","788"
"2015-03-19","TestUnionQuery.java","81360","196917","278277"
"2015-05-27","TestUnionQuery.java","91531","263051","354582"
"2015-09-05","TestUnionQuery.java","125588","315532","441120"
"2015-07-22","QueryContext.java","19985","21417","41402"
"2015-07-22","QueryContext.java","65825","139915","205740"
"2015-06-25","QueryContext.java","56229","128887","185116"
"2015-06-24","QueryContext.java","56224","128780","185004"
"2015-08-06","CatalogServer.java","1659","5357","7016"
"2015-09-16","CatalogServer.java","109666","124441","234107"
"2015-09-17","CatalogServer.java","110487","140437","250924"
"2015-09-01","CatalogServer.java","100577","109085","209662"
"2015-08-13","CatalogServer.java","4268","8675","12943"
"2015-09-25","CatalogServer.java","111916","147620","259536"
"2015-09-29","CatalogServer.java","112287","148159","260446"
"2015-08-04","CatalogServer.java","1403","3671","5074"
"2015-10-15","CatalogServer.java","112913","149516","262429"
"2015-09-24","CatalogServer.java","111830","147365","259195"
"2015-09-17","CatalogServer.java","109987","138422","248409"
"2015-07-31","CatalogServer.java","340","1012","1352"
"2015-07-22","QueryContext.java","21116","22650","43766"
"2015-06-25","QueryContext.java","1142","1244","2386"
"2015-07-17","TestUnionQuery.java","94130","270795","364925"
"2015-03-19","TestUnionQuery.java","81405","196368","277773"
"2015-05-27","TestUnionQuery.java","91933","262859","354792"
"2015-09-05","TestUnionQuery.java","126153","315503","441656"
"2015-07-17","TestUnionQuery.java","29666","91368","121034"
"2015-05-27","TestUnionQuery.java","24451","80414","104865"
"2015-09-05","TestUnionQuery.java","89519","163906","253425"
"2014-08-11","QueryContext.java","126940","203134","330074"
"2014-05-07","QueryContext.java","125999","173320","299319"
"2015-07-22","QueryContext.java","131571","370209","501780"
"2014-12-08","QueryContext.java","127451","280877","408328"
"2015-06-25","QueryContext.java","131023","368229","499252"
"2014-12-12","QueryContext.java","127464","292012","419476"
"2015-06-24","QueryContext.java","131023","368127","499150"
"2014-10-25","QueryContext.java","127251","264442","391693"
"2015-07-17","TestUnionQuery.java","7756","13495","21251"
"2015-09-05","TestUnionQuery.java","121252","139676","260928"
"2015-06-02","RCFile.java","16343","56958","73301"
"2015-11-25","RCFile.java","94401","181776","276177"
"2015-11-13","RCFile.java","93360","180092","273452"
"2015-07-22","RCFile.java","33487","79428","112915"
"2015-07-22","RCFile.java","33491","79599","113090"
"2015-06-28","RCFile.java","20095","64994","85089"
"2015-07-22","QueryContext.java","85640","187087","272727"
"2014-12-08","QueryContext.java","11591","27826","39417"
"2015-06-25","QueryContext.java","77336","177351","254687"
"2014-12-12","QueryContext.java","35492","62849","98341"
"2015-06-24","QueryContext.java","77333","177246","254579"
"2014-12-30","TestWindowQuery.java","1155","4015","5170"
"2015-02-05","TestWindowQuery.java","17198","22975","40173"
"2015-02-05","TestWindowQuery.java","17198","22975","40173"
"2014-12-26","TestWindowQuery.java","69521","168073","237594"
"2014-08-13","TestWindowQuery.java","3329","13805","17134"
"2014-12-30","TestWindowQuery.java","69654","171066","240720"
"2015-02-05","TestWindowQuery.java","78349","182678","261027"
"2015-02-05","TestWindowQuery.java","78349","182678","261027"
"2014-12-26","TestWindowQuery.java","71141","159217","230358"
"2014-12-30","TestWindowQuery.java","71277","162213","233490"
"2015-02-05","TestWindowQuery.java","80387","174240","254627"
"2015-02-05","TestWindowQuery.java","80387","174240","254627"
"2013-10-28","TaskRequest.java","44260","82382","126642"
"2015-02-05","TestWindowQuery.java","16058","18975","35033"
"2015-02-05","TestWindowQuery.java","16058","18975","35033"
"2015-07-20","TaskRequestImpl.java","83572","378498","462070"
"2014-12-18","TaskRequestImpl.java","82703","306590","389293"
"2013-09-16","TaskRequestImpl.java","30877","41982","72859"
"2014-12-30","TaskRequestImpl.java","82701","309764","392465"
"2014-08-23","TaskRequestImpl.java","82390","271489","353879"
"2013-09-09","TaskRequestImpl.java","28547","29065","57612"
"2013-09-04","TaskRequestImpl.java","28139","28743","56882"
"2013-09-24","TaskRequestImpl.java","32312","43760","76072"
"2015-12-24","TaskRequestImpl.java","84591","429333","513924"
"2015-09-23","TaskRequestImpl.java","84547","417220","501767"
"2014-04-28","TaskRequestImpl.java","81830","186459","268289"
"2015-12-24","TaskRequestImpl.java","120536","170352","290888"
"2015-09-23","TaskRequestImpl.java","115773","153520","269293"
"2015-11-25","RCFile.java","127059","169535","296594"
"2015-11-13","RCFile.java","125947","167780","293727"
"2015-07-22","RCFile.java","19578","20620","40198"
"2015-07-22","RCFile.java","19582","20791","40373"
"2015-07-20","TaskRequestImpl.java","61116","132155","193271"
"2014-12-30","TaskRequestImpl.java","5671","8847","14518"
"2015-12-24","TaskRequestImpl.java","115986","236841","352827"
"2015-09-23","TaskRequestImpl.java","112836","221622","334458"
"2014-03-26","TestTupleUtil.java","61637","151555","213192"
"2015-05-14","TestTupleUtil.java","83580","335453","419033"
"2014-04-08","TestTupleUtil.java","61921","160469","222390"
"2014-02-10","TestTupleUtil.java","60372","134470","194842"
"2013-12-18","TestTupleUtil.java","47541","105513","153054"
"2015-06-02","TestTupleUtil.java","83566","375934","459500"
"2015-05-14","TestTupleUtil.java","147500","309455","456955"
"2014-04-08","TestTupleUtil.java","1553","10183","11736"
"2015-06-02","TestTupleUtil.java","147606","350056","497662"
"2014-12-12","SequenceFileAppender.java","145386","274053","419439"
"2015-11-25","SequenceFileAppender.java","155424","399615","555039"
"2015-06-02","SequenceFileAppender.java","151528","348959","500487"
"2014-08-11","SequenceFileAppender.java","117689","156937","274626"
"2015-11-13","SequenceFileAppender.java","155388","398936","554324"
"2014-07-22","SequenceFileAppender.java","117575","153642","271217"
"2015-07-20","TaskRequestImpl.java","92072","375893","467965"
"2014-12-18","TaskRequestImpl.java","91070","303852","394922"
"2014-12-30","TaskRequestImpl.java","91068","307026","398094"
"2014-08-23","TaskRequestImpl.java","90651","268645","359296"
"2013-09-24","TaskRequestImpl.java","3337","3680","7017"
"2015-12-24","TaskRequestImpl.java","93176","426813","519989"
"2015-09-23","TaskRequestImpl.java","93091","414659","507750"
"2014-04-28","TaskRequestImpl.java","89851","183375","273226"
"2015-06-02","TestTupleUtil.java","15331","55826","71157"
"2015-11-25","SequenceFileAppender.java","116215","231739","347954"
"2015-06-02","SequenceFileAppender.java","54160","122924","177084"
"2015-11-13","SequenceFileAppender.java","115294","230175","345469"
"2015-05-14","TestTupleUtil.java","154527","307852","462379"
"2015-06-02","TestTupleUtil.java","154633","348453","503086"
"2014-03-26","TestTupleUtil.java","14078","29898","43976"
"2015-05-14","TestTupleUtil.java","138200","315975","454175"
"2014-04-08","TestTupleUtil.java","15315","39765","55080"
"2015-06-02","TestTupleUtil.java","138305","356575","494880"
"2015-11-25","SequenceFileAppender.java","127730","174490","302220"
"2015-11-13","SequenceFileAppender.java","126649","172766","299415"
"2014-03-26","TestTupleUtil.java","51067","83013","134080"
"2015-05-14","TestTupleUtil.java","130826","324727","455553"
"2014-04-08","TestTupleUtil.java","51753","92329","144082"
"2014-02-10","TestTupleUtil.java","39984","56110","96094"
"2015-06-02","TestTupleUtil.java","130812","365208","496020"
"2014-12-12","SequenceFileAppender.java","65001","154420","219421"
"2015-11-25","SequenceFileAppender.java","139833","344776","484609"
"2015-06-02","SequenceFileAppender.java","98329","256512","354841"
"2015-11-13","SequenceFileAppender.java","139706","344006","483712"
"2015-08-06","CatalogServer.java","157775","360912","518687"
"2015-07-20","CatalogServer.java","157404","353035","510439"
"2015-09-16","CatalogServer.java","159167","373381","532548"
"2015-09-17","CatalogServer.java","159436","388825","548261"
"2015-09-01","CatalogServer.java","159013","366960","525973"
"2015-07-20","CatalogServer.java","156330","350165","506495"
"2015-08-13","CatalogServer.java","158291","362137","520428"
"2014-12-30","CatalogServer.java","149704","278337","428041"
"2015-09-25","CatalogServer.java","159517","394660","554177"
"2014-12-07","CatalogServer.java","133952","244797","378749"
"2015-09-29","CatalogServer.java","159539","394850","554389"
"2015-08-04","CatalogServer.java","157674","359381","517055"
"2015-10-15","CatalogServer.java","159609","395651","555260"
"2015-09-24","CatalogServer.java","159514","394488","554002"
"2015-03-27","CatalogServer.java","153366","290644","444010"
"2015-09-17","CatalogServer.java","159168","387042","546210"
"2015-07-31","CatalogServer.java","157662","357773","515435"
"2015-07-30","CatalogServer.java","157627","357066","514693"
"2014-10-15","CatalogServer.java","121785","219489","341274"
"2015-08-06","CatalogServer.java","113226","218659","331885"
"2015-07-20","CatalogServer.java","111082","209009","320091"
"2015-09-16","CatalogServer.java","148353","264863","413216"
"2015-09-17","CatalogServer.java","148733","280418","429151"
"2015-09-01","CatalogServer.java","144221","254464","398685"
"2015-07-20","CatalogServer.java","109736","205867","315603"
"2015-08-13","CatalogServer.java","113876","220018","333894"
"2014-12-30","CatalogServer.java","72201","103130","175331"
"2015-09-25","CatalogServer.java","149044","286483","435527"
"2014-12-07","CatalogServer.java","42201","55342","97543"
"2015-09-29","CatalogServer.java","149092","286699","435791"
"2015-08-04","CatalogServer.java","113109","217112","330221"
"2015-10-15","CatalogServer.java","149269","287607","436876"
"2015-09-24","CatalogServer.java","149032","286302","435334"
"2015-03-27","CatalogServer.java","87800","127374","215174"
"2015-09-17","CatalogServer.java","148450","278620","427070"
"2015-07-31","CatalogServer.java","112735","215142","327877"
"2015-07-30","CatalogServer.java","112698","214433","327131"
"2015-11-25","SequenceFileAppender.java","2321","2964","5285"
"2015-07-20","TaskRequestImpl.java","57648","125511","183159"
"2015-12-24","TaskRequestImpl.java","113193","230872","344065"
"2015-09-23","TaskRequestImpl.java","109952","215562","325514"
"2015-08-06","CatalogServer.java","157116","361627","518743"
"2015-07-20","CatalogServer.java","156751","353756","510507"
"2015-09-16","CatalogServer.java","158428","374016","532444"
"2015-09-17","CatalogServer.java","158697","389460","548157"
"2015-09-01","CatalogServer.java","158280","367601","525881"
"2015-07-20","CatalogServer.java","155735","350944","506679"
"2015-08-13","CatalogServer.java","157600","362820","520420"
"2014-12-30","CatalogServer.java","149232","279239","428471"
"2014-04-14","CatalogServer.java","65","1096","1161"
"2015-09-25","CatalogServer.java","158779","395296","554075"
"2014-12-07","CatalogServer.java","133543","245762","379305"
"2015-09-29","CatalogServer.java","158801","395486","554287"
"2015-08-04","CatalogServer.java","157015","360096","517111"
"2015-10-15","CatalogServer.java","158868","396284","555152"
"2015-09-24","CatalogServer.java","158778","395126","553904"
"2015-03-27","CatalogServer.java","152862","291514","444376"
"2015-09-17","CatalogServer.java","158445","387693","546138"
"2015-07-31","CatalogServer.java","157004","358489","515493"
"2015-07-30","CatalogServer.java","156969","357782","514751"
"2014-04-16","CatalogServer.java","972","2346","3318"
"2014-10-15","CatalogServer.java","121768","220846","342614"
"2014-12-12","SequenceFileAppender.java","64505","157105","221610"
"2015-11-25","SequenceFileAppender.java","138023","346147","484170"
"2015-06-02","SequenceFileAppender.java","97397","258761","356158"
"2014-08-11","SequenceFileAppender.java","828","4009","4837"
"2015-11-13","SequenceFileAppender.java","137896","345377","483273"
"2015-07-20","TaskRequestImpl.java","107806","213633","321439"
"2014-12-18","TaskRequestImpl.java","69766","104554","174320"
"2014-12-30","TaskRequestImpl.java","73520","111484","185004"
"2015-12-24","TaskRequestImpl.java","147048","302691","449739"
"2015-09-23","TaskRequestImpl.java","145946","289520","435466"
"2015-07-20","TaskRequestImpl.java","81801","376209","458010"
"2014-12-18","TaskRequestImpl.java","80809","304178","384987"
"2013-09-16","TaskRequestImpl.java","3853","14440","18293"
"2014-12-30","TaskRequestImpl.java","80807","307352","388159"
"2014-08-23","TaskRequestImpl.java","80405","268986","349391"
"2013-09-24","TaskRequestImpl.java","6825","17755","24580"
"2015-12-24","TaskRequestImpl.java","82895","427119","510014"
"2015-09-23","TaskRequestImpl.java","82823","414978","497801"
"2014-04-28","TaskRequestImpl.java","79774","183885","263659"
"2015-07-20","TaskRequestImpl.java","81973","376295","458268"
"2014-12-18","TaskRequestImpl.java","80989","304272","385261"
"2013-09-16","TaskRequestImpl.java","4863","15364","20227"
"2014-12-30","TaskRequestImpl.java","80987","307446","388433"
"2014-08-23","TaskRequestImpl.java","80586","269081","349667"
"2013-09-09","TaskRequestImpl.java","1084","998","2082"
"2013-09-24","TaskRequestImpl.java","7831","18675","26506"
"2015-12-24","TaskRequestImpl.java","83061","427199","510260"
"2015-09-23","TaskRequestImpl.java","82989","415058","498047"
"2014-04-28","TaskRequestImpl.java","79961","183986","263947"
"2015-01-28","TestHAServiceHDFSImpl.java","81690","172148","253838"
"2015-06-25","TestHAServiceHDFSImpl.java","101176","259277","360453"
"2014-12-18","TestHAServiceHDFSImpl.java","65750","151481","217231"
"2014-11-19","TestHAServiceHDFSImpl.java","42223","113600","155823"
"2015-05-14","TestHAServiceHDFSImpl.java","91334","204836","296170"
"2015-12-24","TestHAServiceHDFSImpl.java","142724","349305","492029"
"2015-11-02","TestHAServiceHDFSImpl.java","142283","341970","484253"
"2015-07-22","SequenceFileScanner.java","153034","355791","508825"
"2015-05-11","SequenceFileScanner.java","151394","308210","459604"
"2014-08-11","SequenceFileScanner.java","117689","156937","274626"
"2015-06-28","SequenceFileScanner.java","151942","353657","505599"
"2015-06-25","TestHAServiceHDFSImpl.java","37260","104903","142163"
"2015-05-14","TestHAServiceHDFSImpl.java","19961","43005","62966"
"2015-12-24","TestHAServiceHDFSImpl.java","103122","219245","322367"
"2015-11-02","TestHAServiceHDFSImpl.java","100747","209976","310723"
"2015-07-20","TaskRequestImpl.java","92265","375743","468008"
"2014-12-18","TaskRequestImpl.java","91258","303697","394955"
"2014-12-30","TaskRequestImpl.java","91256","306871","398127"
"2014-08-23","TaskRequestImpl.java","90839","268490","359329"
"2015-12-24","TaskRequestImpl.java","93376","426670","520046"
"2015-09-23","TaskRequestImpl.java","93285","414510","507795"
"2014-04-28","TaskRequestImpl.java","90036","183217","273253"
"2015-12-24","TaskRequestImpl.java","11692","23761","35453"
"2015-12-24","TestHAServiceHDFSImpl.java","128709","177189","305898"
"2015-11-02","TestHAServiceHDFSImpl.java","125687","167273","292960"
"2015-01-28","TestHAServiceHDFSImpl.java","21376","26103","47479"
"2015-06-25","TestHAServiceHDFSImpl.java","56297","128667","184964"
"2015-05-14","TestHAServiceHDFSImpl.java","39939","67710","107649"
"2015-12-24","TestHAServiceHDFSImpl.java","117168","238018","355186"
"2015-11-02","TestHAServiceHDFSImpl.java","115000","228956","343956"
"2015-01-28","TestHAServiceHDFSImpl.java","51136","70217","121353"
"2015-06-25","TestHAServiceHDFSImpl.java","79142","165866","245008"
"2014-12-18","TestHAServiceHDFSImpl.java","31398","45752","77150"
"2015-05-14","TestHAServiceHDFSImpl.java","67366","109491","176857"
"2015-12-24","TestHAServiceHDFSImpl.java","129613","264817","394430"
"2015-11-02","TestHAServiceHDFSImpl.java","128633","256943","385576"
"2015-07-22","SequenceFileScanner.java","33487","79428","112915"
"2015-06-28","SequenceFileScanner.java","20095","64994","85089"
"2015-07-22","SequenceFileScanner.java","105559","269068","374627"
"2015-05-11","SequenceFileScanner.java","89450","207018","296468"
"2015-06-28","SequenceFileScanner.java","99493","261960","361453"
"2015-07-20","TaskRequestImpl.java","97393","287690","385083"
"2014-12-18","TaskRequestImpl.java","68077","187335","255412"
"2014-12-30","TaskRequestImpl.java","71336","193770","265106"
"2014-08-23","TaskRequestImpl.java","12215","96685","108900"
"2015-12-24","TaskRequestImpl.java","125631","365744","491375"
"2015-09-23","TaskRequestImpl.java","124750","352794","477544"
"2015-06-25","TestHAServiceHDFSImpl.java","18709","63308","82017"
"2015-12-24","TestHAServiceHDFSImpl.java","95107","188186","283293"
"2015-11-02","TestHAServiceHDFSImpl.java","92369","178554","270923"
"2015-07-22","CacheHolder.java","43447","107638","151085"
"2015-05-15","CacheHolder.java","15320","32971","48291"
"2015-08-25","CacheHolder.java","88066","164037","252103"
"2015-08-25","CacheHolder.java","103717","115497","219214"
"2015-08-06","CatalogServer.java","138966","369581","508547"
"2015-07-20","CatalogServer.java","138789","361898","500687"
"2014-03-20","CatalogServer.java","14525","29904","44429"
"2015-09-16","CatalogServer.java","139622","381314","520936"
"2015-09-17","CatalogServer.java","139870","396737","536607"
"2014-04-05","CatalogServer.java","15720","40084","55804"
"2014-02-19","CatalogServer.java","3321","6535","9856"
"2015-09-01","CatalogServer.java","139537","374962","514499"
"2014-02-17","CatalogServer.java","1451","3070","4521"
"2015-07-20","CatalogServer.java","138210","359523","497733"
"2014-03-23","CatalogServer.java","14655","30181","44836"
"2015-08-13","CatalogServer.java","139168","370492","509660"
"2014-12-30","CatalogServer.java","133649","289760","423409"
"2014-04-14","CatalogServer.java","16365","43500","59865"
"2015-09-25","CatalogServer.java","139927","402548","542475"
"2014-03-31","CatalogServer.java","15334","35575","50909"
"2014-12-07","CatalogServer.java","121139","259462","380601"
"2015-09-29","CatalogServer.java","139942","402731","542673"
"2015-08-04","CatalogServer.java","138909","368094","507003"
"2015-10-15","CatalogServer.java","139985","403505","543490"
"2015-09-24","CatalogServer.java","139926","402378","542304"
"2015-03-27","CatalogServer.java","136516","301272","437788"
"2015-09-17","CatalogServer.java","139648","395000","534648"
"2015-07-31","CatalogServer.java","138898","366487","505385"
"2015-07-30","CatalogServer.java","138903","365820","504723"
"2014-04-16","CatalogServer.java","16941","44419","61360"
"2014-10-15","CatalogServer.java","111393","236575","347968"
"2014-04-11","CatalogServer.java","16320","42424","58744"
"2015-07-22","CacheHolder.java","31147","77687","108834"
"2015-08-25","CacheHolder.java","80699","139019","219718"
"2015-03-03","TableCacheKey.java","148834","282336","431170"
"2015-07-22","SequenceFileScanner.java","19578","20620","40198"
"2015-08-06","CatalogServer.java","136660","370132","506792"
"2015-07-20","CatalogServer.java","136484","362450","498934"
"2014-03-20","CatalogServer.java","15630","33866","49496"
"2015-09-16","CatalogServer.java","137314","381863","519177"
"2015-09-17","CatalogServer.java","137511","397235","534746"
"2014-04-05","CatalogServer.java","16821","44042","60863"
"2014-02-19","CatalogServer.java","4479","10550","15029"
"2015-09-01","CatalogServer.java","137231","375513","512744"
"2014-02-17","CatalogServer.java","2621","7097","9718"
"2015-07-20","CatalogServer.java","135910","360080","495990"
"2014-03-23","CatalogServer.java","15757","34140","49897"
"2015-08-13","CatalogServer.java","136862","371043","507905"
"2014-12-30","CatalogServer.java","131372","290340","421712"
"2014-04-14","CatalogServer.java","17441","47433","64874"
"2015-09-25","CatalogServer.java","137567","403045","540612"
"2014-03-31","CatalogServer.java","16435","39533","55968"
"2014-12-07","CatalogServer.java","119400","260580","379980"
"2015-09-29","CatalogServer.java","137582","403228","540810"
"2015-08-04","CatalogServer.java","136601","368643","505244"
"2015-10-15","CatalogServer.java","137625","404002","541627"
"2015-09-24","CatalogServer.java","137566","402875","540441"
"2015-03-27","CatalogServer.java","134245","301858","436103"
"2015-09-17","CatalogServer.java","137340","395549","532889"
"2015-07-31","CatalogServer.java","136590","367036","503626"
"2015-07-30","CatalogServer.java","136595","366369","502964"
"2014-04-16","CatalogServer.java","18018","48353","66371"
"2014-10-15","CatalogServer.java","110718","238757","349475"
"2014-04-11","CatalogServer.java","17396","46357","63753"
"2014-02-06","CatalogServer.java","1239","4096","5335"
"2015-04-07","ByteBufLineReader.java","63231","103724","166955"
"2014-12-10","ByteBufLineReader.java","7451","16021","23472"
"2014-12-01","ByteBufLineReader.java","4085","11290","15375"
"2015-11-18","TupleUtil.java","84587","423733","508320"
"2014-07-15","TupleUtil.java","82121","210472","292593"
"2015-01-20","TupleUtil.java","82709","310753","393462"
"2013-10-27","TupleUtil.java","43599","80820","124419"
"2014-03-06","TupleUtil.java","60890","142763","203653"
"2014-12-12","TupleUtil.java","82600","306204","388804"
"2015-05-19","InfoSchemaMetadataDictionary.java","46802","104730","151532"
"2015-09-23","InfoSchemaMetadataDictionary.java","111602","214551","326153"
"2015-08-04","InfoSchemaMetadataDictionary.java","67299","140373","207672"
"2015-08-06","InfoSchemaMetadataDictionary.java","67458","141962","209420"
"2015-11-18","TupleUtil.java","136494","347289","483783"
"2015-01-20","TupleUtil.java","78269","177962","256231"
"2014-12-12","TupleUtil.java","63469","158722","222191"
"2015-04-07","ByteBufLineReader.java","61507","93430","154937"
"2015-09-23","InfoSchemaMetadataDictionary.java","123986","169007","292993"
"2015-08-04","InfoSchemaMetadataDictionary.java","34106","49252","83358"
"2015-08-06","InfoSchemaMetadataDictionary.java","34332","50908","85240"
"2015-12-24","TestHAServiceHDFSImpl.java","9227","16121","25348"
"2015-11-18","TupleUtil.java","102694","213796","316490"
"2015-11-18","TupleUtil.java","114861","416786","531647"
"2014-07-15","TupleUtil.java","110392","201522","311914"
"2015-01-20","TupleUtil.java","111468","302291","413759"
"2014-03-06","TupleUtil.java","45355","90007","135362"
"2014-12-12","TupleUtil.java","111265","297648","408913"
"2015-11-18","TupleUtil.java","146203","403476","549679"
"2014-07-15","TupleUtil.java","114383","160861","275244"
"2015-01-20","TupleUtil.java","138954","285125","424079"
"2014-12-12","TupleUtil.java","138556","280287","418843"
"2015-04-07","ByteBufLineReader.java","63189","96477","159666"
"2014-12-10","ByteBufLineReader.java","3417","4782","8199"
"2015-09-23","InfoSchemaMetadataDictionary.java","111769","141644","253413"
"2015-08-06","InfoSchemaMetadataDictionary.java","293","1723","2016"
"2015-11-18","TupleUtil.java","116102","231644","347746"
"2015-01-20","TupleUtil.java","21019","25459","46478"
"2015-05-14","HdfsServiceTracker.java","19961","43005","62966"
"2015-09-11","HdfsServiceTracker.java","98227","182830","281057"
"2015-11-26","HdfsServiceTracker.java","102193","212657","314850"
"2015-03-03","HdfsServiceTracker.java","5381","8241","13622"
"2015-05-27","HdfsServiceTracker.java","31703","92436","124139"
"2013-10-17","TestExecutionBlockCursor.java","2659","2309","4968"
"2014-03-20","TestExecutionBlockCursor.java","51666","103144","154810"
"2013-12-05","TestExecutionBlockCursor.java","15256","26834","42090"
"2015-06-25","TestExecutionBlockCursor.java","114721","373469","488190"
"2014-04-05","TestExecutionBlockCursor.java","52225","112688","164913"
"2014-07-09","TestExecutionBlockCursor.java","112715","202289","315004"
"2013-10-16","TestExecutionBlockCursor.java","39189","76703","115892"
"2013-10-17","TestExecutionBlockCursor.java","41469","78633","120102"
"2014-03-20","TestExecutionBlockCursor.java","61564","150556","212120"
"2013-12-05","TestExecutionBlockCursor.java","47339","96431","143770"
"2015-06-25","TestExecutionBlockCursor.java","83566","379828","463394"
"2014-04-05","TestExecutionBlockCursor.java","61926","159903","221829"
"2013-09-16","TestExecutionBlockCursor.java","30877","41982","72859"
"2014-07-09","TestExecutionBlockCursor.java","82121","209209","291330"
"2015-09-23","InfoSchemaMetadataDictionary.java","111715","140160","251875"
"2014-03-20","TestExecutionBlockCursor.java","49378","101206","150584"
"2013-12-05","TestExecutionBlockCursor.java","12698","24626","37324"
"2015-06-25","TestExecutionBlockCursor.java","114289","373387","487676"
"2014-04-05","TestExecutionBlockCursor.java","49940","110753","160693"
"2014-07-09","TestExecutionBlockCursor.java","111329","201253","312582"
"2015-06-25","TestExecutionBlockCursor.java","147333","354603","501936"
"2014-04-05","TestExecutionBlockCursor.java","1648","10633","12281"
"2014-07-09","TestExecutionBlockCursor.java","115215","153311","268526"
"2015-09-11","HdfsServiceTracker.java","89029","150588","239617"
"2015-11-26","HdfsServiceTracker.java","93974","181394","275368"
"2015-05-27","HdfsServiceTracker.java","12336","50025","62361"
"2014-03-20","TestExecutionBlockCursor.java","50242","90142","140384"
"2015-06-25","TestExecutionBlockCursor.java","123034","370204","493238"
"2014-04-05","TestExecutionBlockCursor.java","50911","99796","150707"
"2014-07-09","TestExecutionBlockCursor.java","119028","197024","316052"
"2015-09-16","LinkedMetadataManager.java","109588","120665","230253"
"2015-06-25","TestExecutionBlockCursor.java","154559","352844","507403"
"2014-07-09","TestExecutionBlockCursor.java","119301","148412","267713"
"2015-11-26","HdfsServiceTracker.java","9247","35108","44355"
"2013-10-16","TestExecutionBlockCursor.java","15638","42047","57685"
"2013-10-17","TestExecutionBlockCursor.java","18142","44201","62343"
"2014-03-20","TestExecutionBlockCursor.java","53620","131507","185127"
"2013-12-05","TestExecutionBlockCursor.java","26501","64488","90989"
"2015-06-25","TestExecutionBlockCursor.java","92058","377215","469273"
"2014-04-05","TestExecutionBlockCursor.java","54105","140977","195082"
"2014-07-09","TestExecutionBlockCursor.java","90186","206169","296355"
"2015-06-25","TestExecutionBlockCursor.java","96698","265872","362570"
"2014-03-19","LocalCatalogWrapper.java","61023","144960","205983"
"2013-10-28","LocalCatalogWrapper.java","43884","81749","125633"
"2015-06-25","TestNonForwardQueryResultSystemScanner.java","52232","118770","171002"
"2015-03-06","TestNonForwardQueryResultSystemScanner.java","22815","25117","47932"
"2015-11-03","CSVLineDeserializer.java","129671","256951","386622"
"2015-05-11","CSVLineDeserializer.java","67394","108517","175911"
"2015-11-25","CSVLineDeserializer.java","130137","258635","388772"
"2015-03-11","CSVLineDeserializer.java","57980","81059","139039"
"2015-06-02","CSVLineDeserializer.java","78022","159760","237782"
"2015-05-06","CSVLineDeserializer.java","67065","107201","174266"
"2015-04-18","CSVLineDeserializer.java","66186","103979","170165"
"2015-04-29","CSVLineDeserializer.java","66460","107135","173595"
"2015-11-25","CSVLineDeserializer.java","2802","4020","6822"
"2015-11-03","CSVLineDeserializer.java","92954","179111","272065"
"2015-11-25","CSVLineDeserializer.java","94401","181776","276177"
"2015-06-02","CSVLineDeserializer.java","16343","56958","73301"
"2015-05-14","HdfsServiceTracker.java","14740","34924","49664"
"2015-09-11","HdfsServiceTracker.java","94906","176649","271555"
"2015-11-26","HdfsServiceTracker.java","98935","206539","305474"
"2015-05-27","HdfsServiceTracker.java","26545","84418","110963"
"2014-03-19","LocalCatalogWrapper.java","45272","91344","136616"
"2015-11-03","CSVLineDeserializer.java","97301","201502","298803"
"2015-05-11","CSVLineDeserializer.java","13040","31084","44124"
"2015-11-25","CSVLineDeserializer.java","98638","204057","302695"
"2015-06-02","CSVLineDeserializer.java","28747","87406","116153"
"2015-05-06","CSVLineDeserializer.java","12245","29302","41547"
"2015-04-18","CSVLineDeserializer.java","10978","25692","36670"
"2015-04-29","CSVLineDeserializer.java","11437","29033","40470"
"2014-11-11","AbstractDBStore.java","126977","247165","374142"
"2015-08-13","AbstractDBStore.java","149312","365257","514569"
"2015-06-24","AbstractDBStore.java","147302","353506","500808"
"2015-07-20","AbstractDBStore.java","148435","356165","504600"
"2015-08-04","AbstractDBStore.java","148691","362497","511188"
"2015-09-01","AbstractDBStore.java","149918","369964","519882"
"2015-09-17","AbstractDBStore.java","150311","391799","542110"
"2014-06-18","AbstractDBStore.java","114900","148557","263457"
"2015-10-27","AbstractDBStore.java","150557","398756","549313"
"2015-09-16","AbstractDBStore.java","150042","376355","526397"
"2015-09-23","AbstractDBStore.java","150362","394043","544405"
"2014-12-30","AbstractDBStore.java","141417","282149","423566"
"2014-04-14","AbstractDBStore.java","2519","14275","16794"
"2015-06-24","AbstractDBStore.java","147333","354501","501834"
"2015-09-23","AbstractDBStore.java","150344","393393","543737"
"2014-03-31","AbstractDBStore.java","1166","6028","7194"
"2014-12-07","AbstractDBStore.java","128515","251459","379974"
"2015-07-31","AbstractDBStore.java","148680","360890","509570"
"2015-03-27","AbstractDBStore.java","144946","294323","439269"
"2015-04-05","AbstractDBStore.java","145044","295046","440090"
"2014-04-14","AbstractDBStore.java","2561","14369","16930"
"2015-03-13","AbstractDBStore.java","142394","286584","428978"
"2015-01-06","AbstractDBStore.java","141585","282309","423894"
"2015-09-28","AbstractDBStore.java","150270","397630","547900"
"2015-01-15","AbstractDBStore.java","141638","280409","422047"
"2015-09-24","AbstractDBStore.java","150253","397326","547579"
"2015-07-30","AbstractDBStore.java","148637","360175","508812"
"2015-11-18","AbstractDBStore.java","150599","400753","551352"
"2014-05-07","AbstractDBStore.java","114338","131723","246061"
"2015-11-03","CSVLineDeserializer.java","126224","171766","297990"
"2015-11-25","CSVLineDeserializer.java","127730","174490","302220"
"2014-03-20","AbstractDBStore.java","56589","119914","176503"
"2014-11-11","AbstractDBStore.java","101831","285344","387175"
"2015-08-13","AbstractDBStore.java","103820","383090","486910"
"2015-06-24","AbstractDBStore.java","103065","372594","475659"
"2013-11-18","AbstractDBStore.java","18660","34880","53540"
"2015-07-20","AbstractDBStore.java","103574","374629","478203"
"2015-08-04","AbstractDBStore.java","103685","380816","484501"
"2015-09-01","AbstractDBStore.java","103932","387303","491235"
"2015-09-17","AbstractDBStore.java","104168","408981","513149"
"2013-11-07","AbstractDBStore.java","18495","31513","50008"
"2014-06-18","AbstractDBStore.java","101041","198023","299064"
"2014-01-26","AbstractDBStore.java","33992","78568","112560"
"2013-10-10","AbstractDBStore.java","2522","1735","4257"
"2015-10-27","AbstractDBStore.java","104286","415810","520096"
"2014-02-19","AbstractDBStore.java","51097","102257","153354"
"2015-09-16","AbstractDBStore.java","103992","393630","497622"
"2015-09-23","AbstractDBStore.java","104180","411186","515366"
"2014-12-30","AbstractDBStore.java","102050","306107","408157"
"2014-04-14","AbstractDBStore.java","57200","132281","189481"
"2015-06-24","AbstractDBStore.java","103079","373572","476651"
"2015-09-23","AbstractDBStore.java","104174","410548","514722"
"2014-03-31","AbstractDBStore.java","57021","125208","182229"
"2013-10-13","AbstractDBStore.java","5457","17452","22909"
"2013-12-03","AbstractDBStore.java","22729","44967","67696"
"2014-12-07","AbstractDBStore.java","101859","288128","389987"
"2015-07-31","AbstractDBStore.java","103653","379188","482841"
"2015-03-27","AbstractDBStore.java","103080","315782","418862"
"2015-04-05","AbstractDBStore.java","103083","316410","419493"
"2014-04-14","AbstractDBStore.java","57215","132348","189563"
"2015-03-13","AbstractDBStore.java","102191","309706","411897"
"2015-01-06","AbstractDBStore.java","102054","306103","408157"
"2015-09-28","AbstractDBStore.java","104204","414889","519093"
"2015-01-15","AbstractDBStore.java","102061","304157","406218"
"2015-09-24","AbstractDBStore.java","104195","414593","518788"
"2015-07-30","AbstractDBStore.java","103660","378523","482183"
"2015-11-18","AbstractDBStore.java","104318","417797","522115"
"2014-05-07","AbstractDBStore.java","101019","181729","282748"
"2015-06-25","TestNonForwardQueryResultSystemScanner.java","32075","96311","128386"
"2015-08-13","AbstractDBStore.java","90765","186522","277287"
"2015-06-24","AbstractDBStore.java","79600","165616","245216"
"2015-07-20","AbstractDBStore.java","86927","174469","261396"
"2015-08-04","AbstractDBStore.java","89878","183496","273374"
"2015-09-01","AbstractDBStore.java","122858","222716","345574"
"2015-09-17","AbstractDBStore.java","127971","249271","377242"
"2015-10-27","AbstractDBStore.java","129057","257068","386125"
"2015-09-16","AbstractDBStore.java","127537","233662","361199"
"2015-09-23","AbstractDBStore.java","128372","251865","380237"
"2014-12-30","AbstractDBStore.java","40789","61333","102122"
"2015-06-24","AbstractDBStore.java","79719","166699","246418"
"2015-09-23","AbstractDBStore.java","128087","250948","379035"
"2014-12-07","AbstractDBStore.java","2952","5708","8660"
"2015-07-31","AbstractDBStore.java","89492","181514","271006"
"2015-03-27","AbstractDBStore.java","61258","90447","151705"
"2015-04-05","AbstractDBStore.java","63261","93075","156336"
"2015-03-13","AbstractDBStore.java","57748","81750","139498"
"2015-01-06","AbstractDBStore.java","41348","61884","103232"
"2015-09-28","AbstractDBStore.java","128518","255690","384208"
"2015-01-15","AbstractDBStore.java","51341","69924","121265"
"2015-09-24","AbstractDBStore.java","128420","255305","383725"
"2015-07-30","AbstractDBStore.java","89454","180804","270258"
"2015-11-18","AbstractDBStore.java","129606","259572","389178"
"2015-09-01","AbstractDBStore.java","98008","102109","200117"
"2015-09-17","AbstractDBStore.java","108071","133614","241685"
"2015-10-27","AbstractDBStore.java","111235","143489","254724"
"2015-09-16","AbstractDBStore.java","107209","117577","224786"
"2015-09-23","AbstractDBStore.java","109350","137086","246436"
"2015-09-23","AbstractDBStore.java","108432","135536","243968"
"2015-09-28","AbstractDBStore.java","109964","141379","251343"
"2015-09-24","AbstractDBStore.java","109517","140645","250162"
"2015-11-18","AbstractDBStore.java","112920","147129","260049"
"2015-03-03","TestRepartitioner.java","81405","179100","260505"
"2015-10-09","TestRepartitioner.java","139232","342179","481411"
"2014-08-21","TestRepartitioner.java","1760","8229","9989"
"2015-09-23","TestRepartitioner.java","139035","337601","476636"
"2015-07-20","TestRepartitioner.java","103646","264465","368111"
"2015-12-24","TestRepartitioner.java","140033","350668","490701"
"2014-12-18","TestRepartitioner.java","67595","157375","224970"
"2014-10-08","TestRepartitioner.java","4249","64274","68523"
"2015-10-09","TestRepartitioner.java","96822","202074","298896"
"2015-09-23","TestRepartitioner.java","96213","197084","293297"
"2015-07-20","TestRepartitioner.java","40232","103356","143588"
"2015-12-24","TestRepartitioner.java","99734","212674","312408"
"2015-08-13","AbstractDBStore.java","30334","40075","70409"
"2015-07-20","AbstractDBStore.java","20635","22161","42796"
"2015-08-04","AbstractDBStore.java","28739","36341","65080"
"2015-09-01","AbstractDBStore.java","117189","131031","248220"
"2015-09-17","AbstractDBStore.java","124652","159936","284588"
"2015-10-27","AbstractDBStore.java","126969","168964","295933"
"2015-09-16","AbstractDBStore.java","124117","144226","268343"
"2015-09-23","AbstractDBStore.java","125706","163183","288889"
"2015-09-23","AbstractDBStore.java","124911","161756","286667"
"2015-07-31","AbstractDBStore.java","28181","34187","62368"
"2015-09-28","AbstractDBStore.java","126064","167220","293284"
"2015-09-24","AbstractDBStore.java","125733","166602","292335"
"2015-07-30","AbstractDBStore.java","27955","33289","61244"
"2015-11-18","AbstractDBStore.java","128506","172456","300962"
"2014-08-11","TestRepartitioner.java","82324","216431","298755"
"2015-03-03","TestRepartitioner.java","82775","314577","397352"
"2015-10-09","TestRepartitioner.java","84572","421626","506198"
"2014-08-21","TestRepartitioner.java","82349","222925","305274"
"2015-09-23","TestRepartitioner.java","84547","417220","501767"
"2015-07-20","TestRepartitioner.java","83572","378498","462070"
"2014-08-04","TestRepartitioner.java","82324","215608","297932"
"2015-12-24","TestRepartitioner.java","84591","429333","513924"
"2014-12-18","TestRepartitioner.java","82703","306590","389293"
"2014-10-08","TestRepartitioner.java","82390","276522","358912"
"2015-12-24","TestRepartitioner.java","10168","17856","28024"
"2015-11-03","CSVLineDeserializer.java","92852","179996","272848"
"2015-05-11","CSVLineDeserializer.java","846","1833","2679"
"2015-11-25","CSVLineDeserializer.java","94309","182671","276980"
"2015-06-02","CSVLineDeserializer.java","17152","58754","75906"
"2015-03-03","TestRepartitioner.java","84820","176046","260866"
"2015-10-09","TestRepartitioner.java","144174","340652","484826"
"2015-09-23","TestRepartitioner.java","143976","336073","480049"
"2015-07-20","TestRepartitioner.java","107417","261767","369184"
"2015-12-24","TestRepartitioner.java","145037","349203","494240"
"2014-12-18","TestRepartitioner.java","69756","153067","222823"
"2014-10-08","TestRepartitioner.java","2711","56267","58978"
"2015-10-09","TestRepartitioner.java","1719","6100","7819"
"2015-12-24","TestRepartitioner.java","11692","23761","35453"
"2014-03-20","AbstractDBStore.java","49366","96471","145837"
"2014-11-11","AbstractDBStore.java","114972","282265","397237"
"2015-08-13","AbstractDBStore.java","118748","381798","500546"
"2015-06-24","AbstractDBStore.java","117941","371250","489191"
"2015-07-20","AbstractDBStore.java","118476","373311","491787"
"2015-08-04","AbstractDBStore.java","118601","379512","498113"
"2015-09-01","AbstractDBStore.java","118927","386078","505005"
"2015-09-17","AbstractDBStore.java","119168","407761","526929"
"2014-06-18","AbstractDBStore.java","114048","194810","308858"
"2014-01-26","AbstractDBStore.java","22949","51305","74254"
"2015-10-27","AbstractDBStore.java","119292","414596","533888"
"2014-02-19","AbstractDBStore.java","41321","76261","117582"
"2015-09-16","AbstractDBStore.java","118990","392408","511398"
"2015-09-23","AbstractDBStore.java","119183","409969","529152"
"2014-12-30","AbstractDBStore.java","115222","303059","418281"
"2014-04-14","AbstractDBStore.java","50119","108980","159099"
"2015-06-24","AbstractDBStore.java","117942","372215","490157"
"2015-09-23","AbstractDBStore.java","119175","409329","528504"
"2014-03-31","AbstractDBStore.java","49825","101792","151617"
"2013-12-03","AbstractDBStore.java","4371","10389","14760"
"2014-12-07","AbstractDBStore.java","115017","285066","400083"
"2015-07-31","AbstractDBStore.java","118561","377876","496437"
"2015-03-27","AbstractDBStore.java","117764","314246","432010"
"2015-04-05","AbstractDBStore.java","117788","314895","432683"
"2014-04-14","AbstractDBStore.java","50135","109048","159183"
"2015-03-13","AbstractDBStore.java","115583","306878","422461"
"2015-01-06","AbstractDBStore.java","115224","303053","418277"
"2015-09-28","AbstractDBStore.java","119211","413676","532887"
"2015-01-15","AbstractDBStore.java","115246","301122","416368"
"2015-09-24","AbstractDBStore.java","119197","413375","532572"
"2015-07-30","AbstractDBStore.java","118563","377206","495769"
"2015-11-18","AbstractDBStore.java","119326","416585","535911"
"2014-05-07","AbstractDBStore.java","114023","178513","292536"
"2015-10-09","TestRepartitioner.java","116788","158916","275704"
"2015-09-23","TestRepartitioner.java","115773","153520","269293"
"2015-12-24","TestRepartitioner.java","120536","170352","290888"
"2015-05-11","CSVLineSerDe.java","67394","108517","175911"
"2015-11-25","CSVLineSerDe.java","130137","258635","388772"
"2015-04-18","CSVLineSerDe.java","66186","103979","170165"
"2015-08-13","AbstractDBStore.java","11470","19685","31155"
"2015-08-04","AbstractDBStore.java","8785","14861","23646"
"2015-09-01","AbstractDBStore.java","105623","117939","223562"
"2015-09-17","AbstractDBStore.java","113367","147125","260492"
"2015-10-27","AbstractDBStore.java","116246","156715","272961"
"2015-09-16","AbstractDBStore.java","112672","131255","243927"
"2015-09-23","AbstractDBStore.java","114590","150541","265131"
"2015-09-23","AbstractDBStore.java","113703","149022","262725"
"2015-07-31","AbstractDBStore.java","7917","12397","20314"
"2015-09-28","AbstractDBStore.java","115095","154725","269820"
"2015-09-24","AbstractDBStore.java","114698","154041","268739"
"2015-07-30","AbstractDBStore.java","7595","11403","18998"
"2015-11-18","AbstractDBStore.java","117833","160257","278090"
"2015-11-25","CSVLineSerDe.java","94401","181776","276177"
"2015-09-11","HdfsServiceTracker.java","122505","146375","268880"
"2015-11-26","HdfsServiceTracker.java","127620","177351","304971"
"2015-03-11","CSVLineSerializer.java","57980","81059","139039"
"2015-04-18","CSVLineSerializer.java","66186","103979","170165"
"2015-04-29","CSVLineSerializer.java","66460","107135","173595"
"2015-06-02","CSVLineSerializer.java","78022","159760","237782"
"2014-08-11","TestRepartitioner.java","226","1049","1275"
"2015-03-03","TestRepartitioner.java","81151","179669","260820"
"2015-10-09","TestRepartitioner.java","138588","342358","480946"
"2014-08-21","TestRepartitioner.java","1959","9251","11210"
"2015-09-23","TestRepartitioner.java","138391","337780","476171"
"2015-07-20","TestRepartitioner.java","103289","264931","368220"
"2015-12-24","TestRepartitioner.java","139388","350846","490234"
"2014-12-18","TestRepartitioner.java","67383","157986","225369"
"2014-10-08","TestRepartitioner.java","4332","65180","69512"
"2015-04-18","CSVLineSerializer.java","10978","25692","36670"
"2015-04-29","CSVLineSerializer.java","11437","29033","40470"
"2015-06-02","CSVLineSerializer.java","28747","87406","116153"
"2015-08-13","AbstractDBStore.java","3446","5585","9031"
"2015-09-01","AbstractDBStore.java","100567","106807","207374"
"2015-09-17","AbstractDBStore.java","110501","138183","248684"
"2015-10-27","AbstractDBStore.java","113563","147956","261519"
"2015-09-16","AbstractDBStore.java","109680","122187","231867"
"2015-09-23","AbstractDBStore.java","111769","141644","253413"
"2015-09-23","AbstractDBStore.java","110856","140099","250955"
"2015-09-28","AbstractDBStore.java","112349","145903","258252"
"2015-09-24","AbstractDBStore.java","111906","145173","257079"
"2015-11-18","AbstractDBStore.java","115230","151578","266808"
"2015-04-07","DelimitedLineReader.java","63231","103724","166955"
"2014-12-22","DelimitedLineReader.java","36774","57239","94013"
"2015-08-19","DelimitedLineReader.java","121122","225316","346438"
"2014-12-10","DelimitedLineReader.java","7451","16021","23472"
"2015-08-19","DelimitedLineReader.java","85892","149593","235485"
"2015-09-17","AbstractDBStore.java","12081","33523","45604"
"2015-10-27","AbstractDBStore.java","15696","43849","59545"
"2015-09-16","AbstractDBStore.java","11172","17439","28611"
"2015-09-23","AbstractDBStore.java","13621","37256","50877"
"2015-09-23","AbstractDBStore.java","12619","35622","48241"
"2015-09-28","AbstractDBStore.java","14293","41607","55900"
"2015-09-24","AbstractDBStore.java","13791","40818","54609"
"2015-11-18","AbstractDBStore.java","18317","48425","66742"
"2015-04-07","DelimitedLineReader.java","32040","52068","84108"
"2015-08-19","DelimitedLineReader.java","104521","188250","292771"
"2015-10-27","AbstractDBStore.java","3996","10707","14703"
"2015-09-23","AbstractDBStore.java","1713","3906","5619"
"2015-09-23","AbstractDBStore.java","620","2181","2801"
"2015-09-28","AbstractDBStore.java","2492","8364","10856"
"2015-09-24","AbstractDBStore.java","1931","7516","9447"
"2015-11-18","AbstractDBStore.java","6812","15478","22290"
"2014-03-20","AbstractDBStore.java","46684","96991","143675"
"2014-11-11","AbstractDBStore.java","111830","282325","394155"
"2015-08-13","AbstractDBStore.java","115573","381825","497398"
"2015-06-24","AbstractDBStore.java","114776","371287","486063"
"2013-11-18","AbstractDBStore.java","2705","5907","8612"
"2015-07-20","AbstractDBStore.java","115311","373348","488659"
"2015-08-04","AbstractDBStore.java","115436","379549","494985"
"2015-09-01","AbstractDBStore.java","115752","386105","501857"
"2015-09-17","AbstractDBStore.java","115993","407788","523781"
"2014-06-18","AbstractDBStore.java","110910","194874","305784"
"2014-01-26","AbstractDBStore.java","20422","51980","72402"
"2015-10-27","AbstractDBStore.java","116117","414623","530740"
"2014-02-19","AbstractDBStore.java","38739","76881","115620"
"2015-09-16","AbstractDBStore.java","115815","392435","508250"
"2015-09-23","AbstractDBStore.java","116008","409996","526004"
"2014-12-30","AbstractDBStore.java","112076","303115","415191"
"2014-04-14","AbstractDBStore.java","47429","109492","156921"
"2015-06-24","AbstractDBStore.java","114777","372252","487029"
"2015-09-23","AbstractDBStore.java","116000","409356","525356"
"2014-03-31","AbstractDBStore.java","47139","102308","149447"
"2013-12-03","AbstractDBStore.java","7058","16278","23336"
"2014-12-07","AbstractDBStore.java","111875","285126","397001"
"2015-07-31","AbstractDBStore.java","115396","377913","493309"
"2015-03-27","AbstractDBStore.java","114599","314283","428882"
"2015-04-05","AbstractDBStore.java","114623","314932","429555"
"2014-04-14","AbstractDBStore.java","47445","109560","157005"
"2015-03-13","AbstractDBStore.java","112438","306935","419373"
"2015-01-06","AbstractDBStore.java","112078","303109","415187"
"2015-09-28","AbstractDBStore.java","116036","413703","529739"
"2015-01-15","AbstractDBStore.java","112100","301178","413278"
"2015-09-24","AbstractDBStore.java","116022","413402","529424"
"2015-07-30","AbstractDBStore.java","115398","377243","492641"
"2015-11-18","AbstractDBStore.java","116151","416612","532763"
"2014-05-07","AbstractDBStore.java","110885","178577","289462"
"2014-11-11","AbstractDBStore.java","44947","131478","176425"
"2015-08-13","AbstractDBStore.java","104579","286867","391446"
"2015-06-24","AbstractDBStore.java","96479","269026","365505"
"2015-07-20","AbstractDBStore.java","102225","276298","378523"
"2015-08-04","AbstractDBStore.java","103857","284006","387863"
"2015-09-01","AbstractDBStore.java","128110","314499","442609"
"2015-09-17","AbstractDBStore.java","132240","340071","472311"
"2015-10-27","AbstractDBStore.java","132838","347380","480218"
"2015-09-16","AbstractDBStore.java","131874","324530","456404"
"2015-09-23","AbstractDBStore.java","132377","342401","474778"
"2014-12-30","AbstractDBStore.java","72567","179642","252209"
"2015-06-24","AbstractDBStore.java","96572","270083","366655"
"2015-09-23","AbstractDBStore.java","132292","341684","473976"
"2014-12-07","AbstractDBStore.java","47464","136751","184215"
"2015-07-31","AbstractDBStore.java","103606","282159","385765"
"2015-03-27","AbstractDBStore.java","85496","201216","286712"
"2015-04-05","AbstractDBStore.java","86568","202913","289481"
"2015-03-13","AbstractDBStore.java","82366","192899","275265"
"2015-01-06","AbstractDBStore.java","72893","179960","252853"
"2015-09-28","AbstractDBStore.java","132436","346139","478575"
"2015-01-15","AbstractDBStore.java","80820","185934","266754"
"2015-09-24","AbstractDBStore.java","132392","345808","478200"
"2015-07-30","AbstractDBStore.java","103569","281450","385019"
"2015-11-18","AbstractDBStore.java","133079","349576","482655"
"2014-03-20","AbstractDBStore.java","34723","53472","88195"
"2014-11-11","AbstractDBStore.java","130826","269763","400589"
"2015-08-13","AbstractDBStore.java","136570","371264","507834"
"2015-06-24","AbstractDBStore.java","135548","360501","496049"
"2015-07-20","AbstractDBStore.java","136191","362670","498861"
"2015-08-04","AbstractDBStore.java","136309","368864","505173"
"2015-09-01","AbstractDBStore.java","136941","375736","512677"
"2015-09-17","AbstractDBStore.java","137222","397459","534681"
"2014-06-18","AbstractDBStore.java","127522","179928","307450"
"2015-10-27","AbstractDBStore.java","137391","404339","541730"
"2014-02-19","AbstractDBStore.java","23850","30434","54284"
"2015-09-16","AbstractDBStore.java","137024","382086","519110"
"2015-09-23","AbstractDBStore.java","137263","399693","536956"
"2014-12-30","AbstractDBStore.java","131137","290618","421755"
"2014-04-14","AbstractDBStore.java","36350","66855","103205"
"2015-06-24","AbstractDBStore.java","135540","361457","496997"
"2015-09-23","AbstractDBStore.java","137248","399046","536294"
"2014-03-31","AbstractDBStore.java","35422","59033","94455"
"2014-12-07","AbstractDBStore.java","130882","272575","403457"
"2015-07-31","AbstractDBStore.java","136297","367256","503553"
"2015-03-27","AbstractDBStore.java","134003","302129","436132"
"2015-04-05","AbstractDBStore.java","134041","302792","436833"
"2014-04-14","AbstractDBStore.java","36373","66930","103303"
"2015-03-13","AbstractDBStore.java","131718","294657","426375"
"2015-01-06","AbstractDBStore.java","131153","290626","421779"
"2015-09-28","AbstractDBStore.java","137292","403401","540693"
"2015-01-15","AbstractDBStore.java","131179","288699","419878"
"2015-09-24","AbstractDBStore.java","137277","403099","540376"
"2015-07-30","AbstractDBStore.java","136302","366589","502891"
"2015-11-18","AbstractDBStore.java","137429","406332","543761"
"2014-05-07","AbstractDBStore.java","127074","163208","290282"
"2014-03-20","AbstractDBStore.java","54268","118380","172648"
"2014-11-11","AbstractDBStore.java","100906","285206","386112"
"2015-08-13","AbstractDBStore.java","102906","382963","485869"
"2015-06-24","AbstractDBStore.java","102151","372467","474618"
"2013-11-18","AbstractDBStore.java","16149","33156","49305"
"2015-07-20","AbstractDBStore.java","102660","374502","477162"
"2015-08-04","AbstractDBStore.java","102771","380689","483460"
"2015-09-01","AbstractDBStore.java","103074","387232","490306"
"2015-09-17","AbstractDBStore.java","103310","408910","512220"
"2013-11-07","AbstractDBStore.java","15984","29789","45773"
"2014-06-18","AbstractDBStore.java","100116","197885","298001"
"2014-01-26","AbstractDBStore.java","31618","76981","108599"
"2015-10-27","AbstractDBStore.java","103427","415738","519165"
"2014-02-19","AbstractDBStore.java","48766","100713","149479"
"2015-09-16","AbstractDBStore.java","103134","393559","496693"
"2015-09-23","AbstractDBStore.java","103322","411115","514437"
"2014-12-30","AbstractDBStore.java","101125","305969","407094"
"2014-04-14","AbstractDBStore.java","54897","130765","185662"
"2015-06-24","AbstractDBStore.java","102165","373445","475610"
"2015-09-23","AbstractDBStore.java","103316","410477","513793"
"2014-03-31","AbstractDBStore.java","54701","123675","178376"
"2013-10-13","AbstractDBStore.java","2939","15721","18660"
"2013-12-03","AbstractDBStore.java","20219","43244","63463"
"2014-12-07","AbstractDBStore.java","100934","287990","388924"
"2015-07-31","AbstractDBStore.java","102739","379061","481800"
"2015-03-27","AbstractDBStore.java","102157","315646","417803"
"2015-04-05","AbstractDBStore.java","102160","316274","418434"
"2014-04-14","AbstractDBStore.java","54912","130832","185744"
"2015-03-13","AbstractDBStore.java","101267","309569","410836"
"2015-01-06","AbstractDBStore.java","101129","305965","407094"
"2015-09-28","AbstractDBStore.java","103346","414818","518164"
"2015-01-15","AbstractDBStore.java","101136","304019","405155"
"2015-09-24","AbstractDBStore.java","103337","414522","517859"
"2015-07-30","AbstractDBStore.java","102746","378396","481142"
"2015-11-18","AbstractDBStore.java","103459","417725","521184"
"2014-05-07","AbstractDBStore.java","100097","181594","281691"
"2015-11-18","AbstractDBStore.java","2884","4839","7723"
"2015-04-07","DelimitedLineReader.java","61507","93430","154937"
"2014-12-22","DelimitedLineReader.java","32447","44342","76789"
"2015-08-19","DelimitedLineReader.java","121624","217248","338872"
"2014-03-20","AbstractDBStore.java","12345","24510","36855"
"2014-11-11","AbstractDBStore.java","121934","254287","376221"
"2015-08-13","AbstractDBStore.java","142146","370256","512402"
"2015-06-24","AbstractDBStore.java","140825","359194","500019"
"2015-07-20","AbstractDBStore.java","141556","361451","503007"
"2015-08-04","AbstractDBStore.java","141687","367658","509345"
"2015-09-01","AbstractDBStore.java","142518","374729","517247"
"2015-09-17","AbstractDBStore.java","142864","396517","539381"
"2014-06-18","AbstractDBStore.java","111778","157600","269378"
"2015-10-27","AbstractDBStore.java","142929","403293","546222"
"2015-09-16","AbstractDBStore.java","142617","381095","523712"
"2015-09-23","AbstractDBStore.java","142902","398748","541650"
"2014-12-30","AbstractDBStore.java","135924","288821","424745"
"2014-04-14","AbstractDBStore.java","14308","38229","52537"
"2015-06-24","AbstractDBStore.java","140826","360159","500985"
"2015-09-23","AbstractDBStore.java","142887","398101","540988"
"2014-03-31","AbstractDBStore.java","13258","30285","43543"
"2014-12-07","AbstractDBStore.java","123418","258527","381945"
"2015-07-31","AbstractDBStore.java","141675","366050","507725"
"2015-03-27","AbstractDBStore.java","139134","300676","439810"
"2015-04-05","AbstractDBStore.java","139172","301339","440511"
"2014-04-14","AbstractDBStore.java","14341","38314","52655"
"2015-03-13","AbstractDBStore.java","136631","292986","429617"
"2015-01-06","AbstractDBStore.java","135941","288830","424771"
"2015-09-28","AbstractDBStore.java","142919","402444","545363"
"2015-01-15","AbstractDBStore.java","135976","286912","422888"
"2015-09-24","AbstractDBStore.java","142904","402142","545046"
"2015-07-30","AbstractDBStore.java","141676","365379","507055"
"2015-11-18","AbstractDBStore.java","142968","405287","548255"
"2014-05-07","AbstractDBStore.java","111271","140821","252092"
"2015-06-28","DelimitedTextFile.java","79866","172561","252427"
"2014-11-27","DelimitedTextFile.java","3738","10411","14149"
"2014-12-03","DelimitedTextFile.java","4162","11836","15998"
"2014-12-22","DelimitedTextFile.java","36774","57239","94013"
"2014-12-12","DelimitedTextFile.java","32930","52577","85507"
"2015-11-25","DelimitedTextFile.java","128956","264127","393083"
"2015-09-09","DelimitedTextFile.java","126167","232848","359015"
"2015-11-13","DelimitedTextFile.java","128512","263040","391552"
"2015-07-22","DelimitedTextFile.java","88158","181895","270053"
"2015-07-22","DelimitedTextFile.java","88162","182066","270228"
"2014-11-28","DelimitedTextFile.java","4068","11223","15291"
"2015-08-19","DelimitedTextFile.java","121122","225316","346438"
"2015-04-07","DelimitedTextFile.java","63231","103724","166955"
"2015-03-03","TestRepartitioner.java","26158","34073","60231"
"2015-10-09","TestRepartitioner.java","113360","226527","339887"
"2015-09-23","TestRepartitioner.java","112836","221622","334458"
"2015-07-20","TestRepartitioner.java","61116","132155","193271"
"2015-12-24","TestRepartitioner.java","115986","236841","352827"
"2015-11-25","DelimitedTextFile.java","127059","169535","296594"
"2015-09-09","DelimitedTextFile.java","122660","136646","259306"
"2015-11-13","DelimitedTextFile.java","125947","167780","293727"
"2015-07-22","DelimitedTextFile.java","19578","20620","40198"
"2015-07-22","DelimitedTextFile.java","19582","20791","40373"
"2015-08-19","DelimitedTextFile.java","113091","124590","237681"
"2014-12-12","FragmentScheduleEvent.java","125821","287403","413224"
"2014-04-05","FragmentScheduleEvent.java","44152","80107","124259"
"2015-06-28","DelimitedTextFile.java","79715","165737","245452"
"2014-12-03","DelimitedTextFile.java","455","1456","1911"
"2014-12-22","DelimitedTextFile.java","34917","48709","83626"
"2014-12-12","DelimitedTextFile.java","30513","43487","74000"
"2015-11-25","DelimitedTextFile.java","130137","258635","388772"
"2015-09-09","DelimitedTextFile.java","127282","227290","354572"
"2015-11-13","DelimitedTextFile.java","129691","257546","387237"
"2015-07-22","DelimitedTextFile.java","88765","175829","264594"
"2015-07-22","DelimitedTextFile.java","88769","176000","264769"
"2014-11-28","DelimitedTextFile.java","351","833","1184"
"2015-08-19","DelimitedTextFile.java","122225","219746","341971"
"2015-04-07","DelimitedTextFile.java","62858","96678","159536"
"2015-09-17","AbstractDBStore.java","981","16156","17137"
"2015-10-27","AbstractDBStore.java","4861","26747","31608"
"2015-09-23","AbstractDBStore.java","2648","20016","22664"
"2015-09-23","AbstractDBStore.java","1564","18300","19864"
"2015-09-28","AbstractDBStore.java","3392","24439","27831"
"2015-09-24","AbstractDBStore.java","2838","23598","26436"
"2015-11-18","AbstractDBStore.java","7659","31500","39159"
"2015-06-28","DelimitedTextFile.java","80360","165381","245741"
"2014-12-22","DelimitedTextFile.java","35486","48277","83763"
"2014-12-12","DelimitedTextFile.java","31078","43051","74129"
"2015-11-25","DelimitedTextFile.java","131008","258505","389513"
"2015-09-09","DelimitedTextFile.java","128151","227158","355309"
"2015-11-13","DelimitedTextFile.java","130562","257416","387978"
"2015-07-22","DelimitedTextFile.java","89424","175487","264911"
"2015-07-22","DelimitedTextFile.java","89428","175658","265086"
"2015-08-19","DelimitedTextFile.java","123091","219611","342702"
"2015-04-07","DelimitedTextFile.java","63485","96304","159789"
"2015-03-03","TestRepartitioner.java","84933","122603","207536"
"2015-10-09","TestRepartitioner.java","148339","291261","439600"
"2015-09-23","TestRepartitioner.java","148106","286647","434753"
"2015-07-20","TestRepartitioner.java","109299","210093","319392"
"2015-12-24","TestRepartitioner.java","149313","299923","449236"
"2014-12-18","TestRepartitioner.java","69010","98765","167775"
"2015-06-28","DelimitedTextFile.java","54478","126708","181186"
"2015-11-25","DelimitedTextFile.java","114785","229491","344276"
"2015-09-09","DelimitedTextFile.java","112410","198626","311036"
"2015-11-13","DelimitedTextFile.java","113850","227913","341763"
"2015-07-22","DelimitedTextFile.java","63947","137219","201166"
"2015-07-22","DelimitedTextFile.java","63951","137390","201341"
"2015-08-19","DelimitedTextFile.java","104521","188250","292771"
"2015-04-07","DelimitedTextFile.java","32040","52068","84108"
"2014-12-12","FragmentScheduleEvent.java","148070","273697","421767"
"2015-07-20","LocalTaskEvent.java","140321","359411","499732"
"2015-06-28","DelimitedTextFile.java","56587","129635","186222"
"2014-12-22","DelimitedTextFile.java","4610","5428","10038"
"2015-11-25","DelimitedTextFile.java","116215","231739","347954"
"2015-09-09","DelimitedTextFile.java","113909","200943","314852"
"2015-11-13","DelimitedTextFile.java","115294","230175","345469"
"2015-07-22","DelimitedTextFile.java","65825","139915","205740"
"2015-07-22","DelimitedTextFile.java","65829","140086","205915"
"2015-08-19","DelimitedTextFile.java","106029","190576","296605"
"2015-04-07","DelimitedTextFile.java","34593","55439","90032"
"2015-10-27","AbstractDBStore.java","2398","6916","9314"
"2015-09-28","AbstractDBStore.java","809","4488","5297"
"2015-09-24","AbstractDBStore.java","224","3616","3840"
"2015-11-18","AbstractDBStore.java","5266","11739","17005"
"2015-07-20","QueryStartEvent.java","147482","353416","500898"
"2015-09-07","TestSQLAnalyzer.java","77440","393686","471126"
"2015-09-17","TestSQLAnalyzer.java","77666","414095","491761"
"2015-09-11","TestSQLAnalyzer.java","77442","396604","474046"
"2015-09-29","TestSQLAnalyzer.java","77676","420027","497703"
"2014-02-16","TestSQLAnalyzer.java","50545","131417","181962"
"2013-10-17","TestSQLAnalyzer.java","30174","73248","103422"
"2014-04-16","TestSQLAnalyzer.java","52475","161700","214175"
"2014-03-20","QueryStartEvent.java","46725","136412","183137"
"2013-09-16","QueryStartEvent.java","7252","19052","26304"
"2015-07-20","QueryStartEvent.java","80948","376569","457517"
"2015-09-17","TestSQLAnalyzer.java","7576","27759","35335"
"2015-09-11","TestSQLAnalyzer.java","5314","8230","13544"
"2015-09-29","TestSQLAnalyzer.java","9851","35956","45807"
"2014-03-20","QueryStartEvent.java","53620","131507","185127"
"2015-07-20","QueryStartEvent.java","92072","375893","467965"
"2015-08-13","AbstractDBStore.java","68433","143646","212079"
"2015-06-24","AbstractDBStore.java","51038","116510","167548"
"2015-07-20","AbstractDBStore.java","60763","127761","188524"
"2015-08-04","AbstractDBStore.java","67299","140373","207672"
"2015-09-01","AbstractDBStore.java","104744","184058","288802"
"2015-09-17","AbstractDBStore.java","110991","211747","322738"
"2015-10-27","AbstractDBStore.java","112526","219993","332519"
"2015-09-16","AbstractDBStore.java","110570","196151","306721"
"2015-09-23","AbstractDBStore.java","111602","214551","326153"
"2015-06-24","AbstractDBStore.java","52037","118473","170510"
"2015-09-23","AbstractDBStore.java","111156","213473","324629"
"2015-07-31","AbstractDBStore.java","66775","138253","205028"
"2015-03-27","AbstractDBStore.java","26822","35467","62289"
"2015-04-05","AbstractDBStore.java","29485","38755","68240"
"2015-03-13","AbstractDBStore.java","23199","26657","49856"
"2015-01-06","AbstractDBStore.java","582","574","1156"
"2015-09-28","AbstractDBStore.java","111830","218458","330288"
"2015-01-15","AbstractDBStore.java","15721","13760","29481"
"2015-09-24","AbstractDBStore.java","111626","217967","329593"
"2015-07-30","AbstractDBStore.java","66729","137535","204264"
"2015-11-18","AbstractDBStore.java","113906","223328","337234"
"2015-09-29","TestSQLAnalyzer.java","2551","8473","11024"
"2015-11-25","DelimitedTextFile.java","9689","38179","47868"
"2015-11-13","DelimitedTextFile.java","7551","35398","42949"
"2014-12-22","StageCompletedEvent.java","82703","307090","389793"
"2014-12-22","StageDiagnosticsUpdateEvent.java","120736","295584","416320"
"2014-11-11","AbstractDBStore.java","132582","241014","373596"
"2015-08-13","AbstractDBStore.java","158333","362522","520855"
"2015-06-24","AbstractDBStore.java","156225","350673","506898"
"2015-07-20","AbstractDBStore.java","157450","353424","510874"
"2015-08-04","AbstractDBStore.java","157717","359767","517484"
"2015-09-01","AbstractDBStore.java","159039","367329","526368"
"2015-09-17","AbstractDBStore.java","159462","389194","548656"
"2014-06-18","AbstractDBStore.java","119651","141552","261203"
"2015-10-27","AbstractDBStore.java","159891","396334","556225"
"2015-09-16","AbstractDBStore.java","159193","373750","532943"
"2015-09-23","AbstractDBStore.java","159528","391453","550981"
"2014-12-30","AbstractDBStore.java","149862","278838","428700"
"2015-06-24","AbstractDBStore.java","156256","351668","507924"
"2015-09-23","AbstractDBStore.java","159509","390802","550311"
"2014-12-07","AbstractDBStore.java","134172","245360","379532"
"2015-07-31","AbstractDBStore.java","157705","358159","515864"
"2015-03-27","AbstractDBStore.java","153492","291113","444605"
"2015-04-05","AbstractDBStore.java","153695","291941","445636"
"2015-03-13","AbstractDBStore.java","150897","283331","434228"
"2015-01-06","AbstractDBStore.java","150039","279007","429046"
"2015-09-28","AbstractDBStore.java","159561","395165","554726"
"2015-01-15","AbstractDBStore.java","150096","277111","427207"
"2015-09-24","AbstractDBStore.java","159537","394854","554391"
"2015-07-30","AbstractDBStore.java","157670","357452","515122"
"2015-11-18","AbstractDBStore.java","159935","398333","558268"
"2014-05-07","AbstractDBStore.java","118973","124602","243575"
"2015-11-25","DelimitedTextFile.java","2321","2964","5285"
"2014-12-22","StageEvent.java","82703","307090","389793"
"2015-09-17","TestSQLAnalyzer.java","2282","19549","21831"
"2015-09-29","TestSQLAnalyzer.java","4651","27840","32491"
"2015-01-09","StageEventType.java","82704","312487","395191"
"2013-12-06","StageEventType.java","47350","96889","144239"
"2015-11-25","DelimitedTextFile.java","116986","158420","275406"
"2015-09-09","DelimitedTextFile.java","111993","124937","236930"
"2015-11-13","DelimitedTextFile.java","115809","156600","272409"
"2015-08-19","DelimitedTextFile.java","102241","112698","214939"
"2015-01-09","StageEventType.java","120746","300990","421736"
"2014-02-17","StageTaskEvent.java","60621","136457","197078"
"2015-11-25","DelimitedTextFile.java","116979","158246","275225"
"2015-09-09","DelimitedTextFile.java","111986","124763","236749"
"2015-11-13","DelimitedTextFile.java","115802","156426","272228"
"2015-08-19","DelimitedTextFile.java","102234","112524","214758"
"2014-09-20","TaskAttemptAssignedEvent.java","82390","272971","355361"
"2015-06-28","DelimitedTextFile.java","79997","165537","245534"
"2014-12-03","DelimitedTextFile.java","121","640","761"
"2014-12-22","DelimitedTextFile.java","35190","48500","83690"
"2014-12-12","DelimitedTextFile.java","30784","43276","74060"
"2015-11-25","DelimitedTextFile.java","130586","258602","389188"
"2015-09-09","DelimitedTextFile.java","127729","227255","354984"
"2015-11-13","DelimitedTextFile.java","130140","257513","387653"
"2015-07-22","DelimitedTextFile.java","89061","175643","264704"
"2015-07-22","DelimitedTextFile.java","89065","175814","264879"
"2015-08-19","DelimitedTextFile.java","122669","219708","342377"
"2015-04-07","DelimitedTextFile.java","63142","96480","159622"
"2015-09-07","TestSQLAnalyzer.java","140755","376129","516884"
"2015-09-17","TestSQLAnalyzer.java","141091","396648","537739"
"2015-09-11","TestSQLAnalyzer.java","140757","379047","519804"
"2015-09-29","TestSQLAnalyzer.java","141163","402642","543805"
"2014-04-16","TestSQLAnalyzer.java","16365","44718","61083"
"2015-11-25","DelimitedTextFile.java","28150","59127","87277"
"2015-09-09","DelimitedTextFile.java","19246","21733","40979"
"2015-11-13","DelimitedTextFile.java","26263","56597","82860"
"2015-06-28","DelimitedTextFile.java","26998","79200","106198"
"2015-11-25","DelimitedTextFile.java","97789","192467","290256"
"2015-09-09","DelimitedTextFile.java","94586","160774","255360"
"2015-11-13","DelimitedTextFile.java","96799","190834","287633"
"2015-07-22","DelimitedTextFile.java","39379","92623","132002"
"2015-07-22","DelimitedTextFile.java","39383","92794","132177"
"2015-08-19","DelimitedTextFile.java","85892","149593","235485"
"2014-02-17","TaskAttemptEventType.java","60621","136457","197078"
"2015-09-07","TestSQLAnalyzer.java","115184","388356","503540"
"2015-09-17","TestSQLAnalyzer.java","115420","408775","524195"
"2015-09-11","TestSQLAnalyzer.java","115186","391274","506460"
"2015-09-29","TestSQLAnalyzer.java","115455","414732","530187"
"2014-02-16","TestSQLAnalyzer.java","41139","78937","120076"
"2014-04-16","TestSQLAnalyzer.java","50334","116485","166819"
"2014-12-08","TextFieldSerializerDeserializer.java","4566","13091","17657"
"2015-04-07","TextFieldSerializerDeserializer.java","63232","103870","167102"
"2015-06-02","TextFieldSerializerDeserializer.java","78262","166673","244935"
"2014-11-13","TextFieldSerializerDeserializer.java","1479","7317","8796"
"2015-04-18","TextFieldSerializerDeserializer.java","66502","110968","177470"
"2015-05-14","TextFieldSerializerDeserializer.java","67838","115754","183592"
"2015-04-29","TextFieldSerializerDeserializer.java","66753","114101","180854"
"2015-04-07","TextFieldSerializerDeserializer.java","63290","95403","158693"
"2015-06-02","TextFieldSerializerDeserializer.java","78530","158416","236946"
"2015-04-18","TextFieldSerializerDeserializer.java","66637","102578","169215"
"2015-05-14","TextFieldSerializerDeserializer.java","68068","107459","175527"
"2015-04-29","TextFieldSerializerDeserializer.java","66932","105755","172687"
"2015-09-07","TestSQLAnalyzer.java","161000","368021","529021"
"2015-09-17","TestSQLAnalyzer.java","161426","388630","550056"
"2015-09-11","TestSQLAnalyzer.java","161006","370943","531949"
"2015-09-29","TestSQLAnalyzer.java","161532","394658","556190"
"2015-06-02","TextFieldSerializerDeserializer.java","23750","71523","95273"
"2015-04-18","TextFieldSerializerDeserializer.java","4712","8540","13252"
"2015-05-14","TextFieldSerializerDeserializer.java","8429","15707","24136"
"2015-04-29","TextFieldSerializerDeserializer.java","5692","12402","18094"
"2013-12-11","TaskFatalErrorEvent.java","47415","100369","147784"
"2013-08-26","TaskSchedulerEvent.java","25900","25205","51105"
"2015-07-20","TestKillQuery.java","108575","213380","321955"
"2015-06-08","TestKillQuery.java","103555","208632","312187"
"2015-01-08","TestKillQuery.java","74530","114035","188565"
"2015-06-25","TestKillQuery.java","104017","210158","314175"
"2015-03-27","TestKillQuery.java","88752","137207","225959"
"2015-01-27","TestKillQuery.java","83742","122003","205745"
"2015-08-20","TestKillQuery.java","141458","260019","401477"
"2015-12-04","TestKillQuery.java","147809","298865","446674"
"2014-12-22","TestKillQuery.java","72356","106622","178978"
"2015-02-02","TestKillQuery.java","83912","122450","206362"
"2015-04-30","TestKillQuery.java","93785","154357","248142"
"2015-02-06","TestKillQuery.java","84191","124629","208820"
"2015-10-09","TestKillQuery.java","147093","294026","441119"
"2015-07-22","TestKillQuery.java","110081","217291","327372"
"2015-08-20","TestKillQuery.java","105123","118879","224002"
"2015-12-04","TestKillQuery.java","119667","165918","285585"
"2015-10-09","TestKillQuery.java","116788","158916","275704"
"2015-07-22","TestKillQuery.java","3908","6313","10221"
"2015-07-20","TestKillQuery.java","18376","18104","36480"
"2015-06-25","TestKillQuery.java","3205","4269","7474"
"2015-08-20","TestKillQuery.java","115947","129431","245378"
"2015-12-04","TestKillQuery.java","129608","175587","305195"
"2015-10-09","TestKillQuery.java","126852","168708","295560"
"2015-07-22","TestKillQuery.java","22123","24256","46379"
"2015-07-20","TestKillQuery.java","58096","123396","181492"
"2015-06-08","TestKillQuery.java","49988","115560","165548"
"2015-06-25","TestKillQuery.java","51586","118222","169808"
"2015-03-27","TestKillQuery.java","26330","35280","61610"
"2015-01-27","TestKillQuery.java","15217","13973","29190"
"2015-08-20","TestKillQuery.java","103152","182208","285360"
"2015-12-04","TestKillQuery.java","113829","225380","339209"
"2015-02-02","TestKillQuery.java","15716","14749","30465"
"2015-04-30","TestKillQuery.java","33499","54566","88065"
"2015-02-06","TestKillQuery.java","19982","20915","40897"
"2015-10-09","TestKillQuery.java","111619","219047","330666"
"2015-07-22","TestKillQuery.java","61065","128770","189835"
"2015-07-20","TestKillQuery.java","15214","13878","29092"
"2015-08-20","TestKillQuery.java","113761","126181","239942"
"2015-12-04","TestKillQuery.java","127854","172769","300623"
"2015-10-09","TestKillQuery.java","125034","165826","290860"
"2015-07-22","TestKillQuery.java","19024","20093","39117"
"2014-12-18","TaskTAttemptEvent.java","82703","306590","389293"
"2015-07-20","TestKillQuery.java","37574","93924","131498"
"2015-06-08","TestKillQuery.java","27262","83884","111146"
"2015-06-25","TestKillQuery.java","29115","86801","115916"
"2015-08-20","TestKillQuery.java","86385","156491","242876"
"2015-12-04","TestKillQuery.java","98272","200873","299145"
"2015-04-30","TestKillQuery.java","9614","21731","31345"
"2015-10-09","TestKillQuery.java","95883","194361","290244"
"2015-07-22","TestKillQuery.java","40725","99480","140205"
"2014-12-08","TextFieldSerializerDeserializer.java","3106","5793","8899"
"2015-04-07","TextFieldSerializerDeserializer.java","63251","98051","161302"
"2015-06-02","TextFieldSerializerDeserializer.java","78346","160919","239265"
"2015-04-18","TextFieldSerializerDeserializer.java","66526","105154","171680"
"2015-05-14","TextFieldSerializerDeserializer.java","67915","109993","177908"
"2015-04-29","TextFieldSerializerDeserializer.java","66799","108309","175108"
"2015-07-20","TestKillQuery.java","45891","112435","158326"
"2015-06-08","TestKillQuery.java","36275","103091","139366"
"2015-06-25","TestKillQuery.java","38003","105883","143886"
"2015-03-27","TestKillQuery.java","12005","22199","34204"
"2015-08-20","TestKillQuery.java","92136","172436","264572"
"2015-12-04","TestKillQuery.java","103162","215957","319119"
"2015-02-02","TestKillQuery.java","1107","1384","2491"
"2015-04-30","TestKillQuery.java","19371","41682","61053"
"2015-02-06","TestKillQuery.java","5398","7575","12973"
"2015-10-09","TestKillQuery.java","100942","209614","310556"
"2015-07-22","TestKillQuery.java","48869","117818","166687"
"2015-09-03","CreateTableExecutor.java","103820","112871","216691"
"2015-08-13","CreateTableExecutor.java","3861","7590","11451"
"2015-12-04","TestKillQuery.java","26835","59330","86165"
"2015-10-09","TestKillQuery.java","22798","51170","73968"
"2015-09-03","CreateTableExecutor.java","101425","106747","208172"
"2015-08-13","AbstractDBStore.java","28997","37774","66771"
"2015-07-20","AbstractDBStore.java","19164","19726","38890"
"2015-08-04","AbstractDBStore.java","27369","34007","61376"
"2015-09-01","AbstractDBStore.java","116338","129216","245554"
"2015-09-17","AbstractDBStore.java","123914","158234","282148"
"2015-10-27","AbstractDBStore.java","126333","167364","293697"
"2015-09-16","AbstractDBStore.java","123278","142423","265701"
"2015-09-23","AbstractDBStore.java","125009","161522","286531"
"2015-09-23","AbstractDBStore.java","124199","160080","284279"
"2015-07-31","AbstractDBStore.java","26777","31819","58596"
"2015-09-28","AbstractDBStore.java","125417","165609","291026"
"2015-09-24","AbstractDBStore.java","125038","164943","289981"
"2015-07-30","AbstractDBStore.java","26550","30920","57470"
"2015-11-18","AbstractDBStore.java","127894","170880","298774"
"2015-07-20","TestKillQuery.java","59850","130389","190239"
"2015-06-08","TestKillQuery.java","52083","122894","174977"
"2015-01-08","TestKillQuery.java","3696","8935","12631"
"2015-06-25","TestKillQuery.java","53414","125289","178703"
"2015-03-27","TestKillQuery.java","28841","43030","71871"
"2015-01-27","TestKillQuery.java","17882","21877","39759"
"2015-08-20","TestKillQuery.java","104126","188421","292547"
"2015-12-04","TestKillQuery.java","114486","231276","345762"
"2015-02-02","TestKillQuery.java","18380","22652","41032"
"2015-04-30","TestKillQuery.java","35739","62045","97784"
"2015-02-06","TestKillQuery.java","22614","28786","51400"
"2015-10-09","TestKillQuery.java","112363","225030","337393"
"2015-07-22","TestKillQuery.java","62583","135527","198110"
"2015-10-27","AbstractDBStore.java","3480","8630","12110"
"2015-09-28","AbstractDBStore.java","1892","6203","8095"
"2015-09-24","AbstractDBStore.java","1318","5342","6660"
"2015-11-18","AbstractDBStore.java","6324","13429","19753"
"2015-07-17","DDLExecutor.java","54621","128567","183188"
"2015-08-13","DDLExecutor.java","69729","150425","220154"
"2015-08-03","DDLExecutor.java","68280","145247","213527"
"2015-08-04","DDLExecutor.java","68648","147205","215853"
"2015-07-30","DDLExecutor.java","68134","144423","212557"
"2015-09-16","DDLExecutor.java","111498","202562","314060"
"2015-07-20","DDLExecutor.java","62372","134853","197225"
"2015-09-03","DDLExecutor.java","108377","194395","302772"
"2015-09-25","DDLExecutor.java","112503","224496","336999"
"2015-08-19","DDLExecutor.java","104511","188421","292932"
"2015-06-24","DDLExecutor.java","54138","126057","180195"
"2015-04-05","DDLExecutor.java","31951","46704","78655"
"2015-07-31","DDLExecutor.java","68172","145133","213305"
"2015-09-24","DDLExecutor.java","112487","224311","336798"
"2015-09-24","DDLExecutor.java","112458","221217","333675"
"2015-10-05","DDLExecutor.java","112823","225345","338168"
"2015-10-13","DDLExecutor.java","112974","225835","338809"
"2015-08-13","DDLExecutor.java","26976","33726","60702"
"2015-08-03","DDLExecutor.java","24888","27909","52797"
"2015-08-04","DDLExecutor.java","25333","29944","55277"
"2015-07-30","DDLExecutor.java","24399","26742","51141"
"2015-09-16","DDLExecutor.java","122764","139882","262646"
"2015-07-20","DDLExecutor.java","16985","15520","32505"
"2015-09-03","DDLExecutor.java","118960","131032","249992"
"2015-09-25","DDLExecutor.java","124714","162761","287475"
"2015-08-19","DDLExecutor.java","113722","123686","237408"
"2015-07-31","DDLExecutor.java","24737","27752","52489"
"2015-09-24","DDLExecutor.java","124631","162509","287140"
"2015-09-24","DDLExecutor.java","124623","159436","284059"
"2015-10-05","DDLExecutor.java","125221","163797","289018"
"2015-10-13","DDLExecutor.java","125439","164354","289793"
"2015-07-20","TestKillQuery.java","45110","111377","156487"
"2015-06-08","TestKillQuery.java","35421","101960","137381"
"2015-06-25","TestKillQuery.java","37203","104806","142009"
"2015-03-27","TestKillQuery.java","10929","20846","31775"
"2015-08-20","TestKillQuery.java","91444","171467","262911"
"2015-12-04","TestKillQuery.java","102492","215010","317502"
"2015-04-30","TestKillQuery.java","18315","40349","58664"
"2015-02-06","TestKillQuery.java","4297","6197","10494"
"2015-10-09","TestKillQuery.java","100270","208665","308935"
"2015-07-22","TestKillQuery.java","48090","116762","164852"
"2015-04-18","TextLineDeserializer.java","66186","103979","170165"
"2015-04-29","TextLineDeserializer.java","66460","107135","173595"
"2014-11-11","AbstractDBStore.java","128471","243797","372268"
"2015-08-13","AbstractDBStore.java","152914","363997","516911"
"2015-06-24","AbstractDBStore.java","150882","352224","503106"
"2015-07-20","AbstractDBStore.java","152080","354948","507028"
"2015-08-04","AbstractDBStore.java","152339","361283","513622"
"2015-09-01","AbstractDBStore.java","153594","368778","522372"
"2015-09-17","AbstractDBStore.java","153997","390623","544620"
"2014-06-18","AbstractDBStore.java","116292","145087","261379"
"2015-10-27","AbstractDBStore.java","154417","397754","552171"
"2015-09-16","AbstractDBStore.java","153728","375179","528907"
"2015-09-23","AbstractDBStore.java","154050","392869","546919"
"2014-12-30","AbstractDBStore.java","144795","280665","425460"
"2014-04-14","AbstractDBStore.java","1493","8387","9880"
"2015-06-24","AbstractDBStore.java","150913","353219","504132"
"2015-09-23","AbstractDBStore.java","154031","392218","546249"
"2014-12-07","AbstractDBStore.java","130057","248139","378196"
"2015-07-31","AbstractDBStore.java","152328","359676","512004"
"2015-03-27","AbstractDBStore.java","148386","292901","441287"
"2015-04-05","AbstractDBStore.java","148486","293626","442112"
"2014-04-14","AbstractDBStore.java","1559","8505","10064"
"2015-03-13","AbstractDBStore.java","145792","285120","430912"
"2015-01-06","AbstractDBStore.java","144969","280831","425800"
"2015-09-28","AbstractDBStore.java","154097","396595","550692"
"2015-01-15","AbstractDBStore.java","145026","278935","423961"
"2015-09-24","AbstractDBStore.java","154077","396288","550365"
"2015-07-30","AbstractDBStore.java","152293","358969","511262"
"2015-11-18","AbstractDBStore.java","154459","399751","554210"
"2014-05-07","AbstractDBStore.java","115658","128181","243839"
"2015-07-20","TestKillQuery.java","29312","73545","102857"
"2015-06-08","TestKillQuery.java","18113","62618","80731"
"2015-06-25","TestKillQuery.java","20124","65693","85817"
"2015-08-20","TestKillQuery.java","82074","140063","222137"
"2015-12-04","TestKillQuery.java","94776","185260","280036"
"2015-10-09","TestKillQuery.java","92159","178520","270679"
"2015-07-22","TestKillQuery.java","32995","79633","112628"
"2015-07-22","TextLineSerDe.java","88765","175829","264594"
"2015-04-18","TextLineSerDe.java","66186","103979","170165"
"2015-09-16","DDLExecutor.java","107209","117577","224786"
"2015-09-03","DDLExecutor.java","101425","106747","208172"
"2015-09-25","DDLExecutor.java","109611","140908","250519"
"2015-08-19","DDLExecutor.java","95447","98661","194108"
"2015-09-24","DDLExecutor.java","109517","140645","250162"
"2015-09-24","DDLExecutor.java","109410","137473","246883"
"2015-10-05","DDLExecutor.java","110356","142182","252538"
"2015-10-13","DDLExecutor.java","110649","142814","253463"
"2014-03-20","AbstractDBStore.java","53952","105282","159234"
"2014-11-11","AbstractDBStore.java","113667","285185","398852"
"2015-08-13","AbstractDBStore.java","115680","382955","498635"
"2015-06-24","AbstractDBStore.java","114927","372461","487388"
"2013-11-18","AbstractDBStore.java","13443","17668","31111"
"2015-07-20","AbstractDBStore.java","115421","374481","489902"
"2015-08-04","AbstractDBStore.java","115544","380680","496224"
"2015-09-01","AbstractDBStore.java","115848","387224","503072"
"2015-09-17","AbstractDBStore.java","116084","408902","524986"
"2013-11-07","AbstractDBStore.java","13278","14301","27579"
"2014-06-18","AbstractDBStore.java","112865","197852","310717"
"2014-01-26","AbstractDBStore.java","29496","62077","91573"
"2015-10-27","AbstractDBStore.java","116200","415729","531929"
"2014-02-19","AbstractDBStore.java","46722","85887","132609"
"2015-09-16","AbstractDBStore.java","115908","393551","509459"
"2015-09-23","AbstractDBStore.java","116095","411106","527201"
"2014-12-30","AbstractDBStore.java","113892","305954","419846"
"2014-04-14","AbstractDBStore.java","54600","117686","172286"
"2015-06-24","AbstractDBStore.java","114928","373426","488354"
"2015-09-23","AbstractDBStore.java","116089","410468","526557"
"2014-03-31","AbstractDBStore.java","54386","110578","164964"
"2013-12-03","AbstractDBStore.java","17534","27777","45311"
"2014-12-07","AbstractDBStore.java","113701","287975","401676"
"2015-07-31","AbstractDBStore.java","115504","379044","494548"
"2015-03-27","AbstractDBStore.java","114932","315639","430571"
"2015-04-05","AbstractDBStore.java","114934","316266","431200"
"2014-04-14","AbstractDBStore.java","54614","117752","172366"
"2015-03-13","AbstractDBStore.java","114034","309554","423588"
"2015-01-06","AbstractDBStore.java","113896","305950","419846"
"2015-09-28","AbstractDBStore.java","116119","414809","530928"
"2015-01-15","AbstractDBStore.java","113903","304004","417907"
"2015-09-24","AbstractDBStore.java","116110","414513","530623"
"2015-07-30","AbstractDBStore.java","115506","378374","493880"
"2015-11-18","AbstractDBStore.java","116232","417716","533948"
"2014-05-07","AbstractDBStore.java","112846","181561","294407"
"2015-08-13","DDLExecutor.java","3861","7590","11451"
"2015-08-04","DDLExecutor.java","829","2419","3248"
"2015-09-16","DDLExecutor.java","109528","123625","233153"
"2015-09-03","DDLExecutor.java","103820","112871","216691"
"2015-09-25","DDLExecutor.java","111812","146838","258650"
"2015-08-19","DDLExecutor.java","97975","104918","202893"
"2015-09-24","DDLExecutor.java","111726","146583","258309"
"2015-09-24","DDLExecutor.java","111641","143433","255074"
"2015-10-05","DDLExecutor.java","112555","148110","260665"
"2015-10-13","DDLExecutor.java","112808","148702","261510"
"2015-08-13","DDLExecutor.java","3446","5585","9031"
"2015-09-16","DDLExecutor.java","109680","122187","231867"
"2015-09-03","DDLExecutor.java","103969","111430","215399"
"2015-09-25","DDLExecutor.java","111996","145432","257428"
"2015-08-19","DDLExecutor.java","98107","103460","201567"
"2015-09-24","DDLExecutor.java","111906","145173","257079"
"2015-09-24","DDLExecutor.java","111821","142023","253844"
"2015-10-05","DDLExecutor.java","112739","146704","259443"
"2015-10-13","DDLExecutor.java","112997","147301","260298"
"2015-07-20","TestKillQuery.java","41077","105444","146521"
"2015-06-08","TestKillQuery.java","31317","95956","127273"
"2015-06-25","TestKillQuery.java","33101","98804","131905"
"2015-03-27","TestKillQuery.java","6690","14707","21397"
"2015-08-20","TestKillQuery.java","88209","166332","254541"
"2015-12-04","TestKillQuery.java","99395","210013","309408"
"2015-04-30","TestKillQuery.java","14116","34250","48366"
"2015-10-09","TestKillQuery.java","97151","203646","300797"
"2015-07-22","TestKillQuery.java","44096","110868","154964"
"2015-12-04","TestKillQuery.java","4750","8873","13623"
"2014-03-20","AbstractDBStore.java","50390","91477","141867"
"2014-11-11","AbstractDBStore.java","118858","280133","398991"
"2015-08-13","AbstractDBStore.java","122667","379699","502366"
"2015-06-24","AbstractDBStore.java","121848","369139","490987"
"2015-07-20","AbstractDBStore.java","122383","371200","493583"
"2015-08-04","AbstractDBStore.java","122525","377418","499943"
"2015-09-01","AbstractDBStore.java","122853","383986","506839"
"2015-09-17","AbstractDBStore.java","123087","405662","528749"
"2014-06-18","AbstractDBStore.java","117731","192475","310206"
"2014-01-26","AbstractDBStore.java","20869","43207","64076"
"2015-10-27","AbstractDBStore.java","123201","412487","535688"
"2014-02-19","AbstractDBStore.java","41482","70404","111886"
"2015-09-16","AbstractDBStore.java","122909","390309","513218"
"2015-09-23","AbstractDBStore.java","123092","407860","530952"
"2014-12-30","AbstractDBStore.java","119109","300928","420037"
"2014-04-14","AbstractDBStore.java","51202","104045","155247"
"2015-06-24","AbstractDBStore.java","121847","370102","491949"
"2015-09-23","AbstractDBStore.java","123084","407220","530304"
"2014-03-31","AbstractDBStore.java","50866","96815","147681"
"2014-12-07","AbstractDBStore.java","118901","282932","401833"
"2015-07-31","AbstractDBStore.java","122472","375769","498241"
"2015-03-27","AbstractDBStore.java","121657","312121","433778"
"2015-04-05","AbstractDBStore.java","121683","312772","434455"
"2014-04-14","AbstractDBStore.java","51220","104115","155335"
"2015-03-13","AbstractDBStore.java","119474","304751","424225"
"2015-01-06","AbstractDBStore.java","119113","300924","420037"
"2015-09-28","AbstractDBStore.java","123119","411566","534685"
"2015-01-15","AbstractDBStore.java","119136","298994","418130"
"2015-09-24","AbstractDBStore.java","123105","411265","534370"
"2015-07-30","AbstractDBStore.java","122474","375099","497573"
"2015-11-18","AbstractDBStore.java","123235","414476","537711"
"2014-05-07","AbstractDBStore.java","117694","176166","293860"
"2015-08-20","TestKillQuery.java","103447","114798","218245"
"2015-12-04","TestKillQuery.java","118230","162076","280306"
"2015-10-09","TestKillQuery.java","115344","155067","270411"
"2015-08-13","DDLExecutor.java","4268","8675","12943"
"2015-08-03","DDLExecutor.java","583","1261","1844"
"2015-08-04","DDLExecutor.java","1403","3671","5074"
"2015-09-16","DDLExecutor.java","109666","124441","234107"
"2015-09-03","DDLExecutor.java","103966","113695","217661"
"2015-09-25","DDLExecutor.java","111916","147620","259536"
"2015-08-19","DDLExecutor.java","98205","105826","204031"
"2015-07-31","DDLExecutor.java","340","1012","1352"
"2015-09-24","DDLExecutor.java","111830","147365","259195"
"2015-09-24","DDLExecutor.java","111755","144225","255980"
"2015-10-05","DDLExecutor.java","112656","148889","261545"
"2015-10-13","DDLExecutor.java","112907","149479","262386"
"2015-09-25","DDLExecutor.java","2956","23885","26841"
"2015-09-24","DDLExecutor.java","2838","23598","26436"
"2015-09-24","DDLExecutor.java","2713","20408","23121"
"2015-10-05","DDLExecutor.java","3831","25289","29120"
"2015-10-13","DDLExecutor.java","4214","26011","30225"
"2015-02-14","TestQueryProgress.java","84042","122362","206404"
"2015-08-13","AbstractDBStore.java","91926","184927","276853"
"2015-06-24","AbstractDBStore.java","79878","163138","243016"
"2015-07-20","AbstractDBStore.java","88012","172798","260810"
"2015-08-04","AbstractDBStore.java","91017","181879","272896"
"2015-09-01","AbstractDBStore.java","124353","221455","345808"
"2015-09-17","AbstractDBStore.java","129468","248012","377480"
"2015-10-27","AbstractDBStore.java","130560","255815","386375"
"2015-09-16","AbstractDBStore.java","129034","232403","361437"
"2015-09-23","AbstractDBStore.java","129871","250608","380479"
"2014-12-30","AbstractDBStore.java","40210","57998","98208"
"2015-06-24","AbstractDBStore.java","80086","164310","244396"
"2015-09-23","AbstractDBStore.java","129587","249692","379279"
"2015-07-31","AbstractDBStore.java","90585","179851","270436"
"2015-03-27","AbstractDBStore.java","61410","87843","149253"
"2015-04-05","AbstractDBStore.java","63417","90475","153892"
"2015-03-13","AbstractDBStore.java","57894","79140","137034"
"2015-01-06","AbstractDBStore.java","40780","58560","99340"
"2015-09-28","AbstractDBStore.java","130020","254436","384456"
"2015-01-15","AbstractDBStore.java","51433","67260","118693"
"2015-09-24","AbstractDBStore.java","129920","254049","383969"
"2015-07-30","AbstractDBStore.java","90550","179144","269694"
"2015-11-18","AbstractDBStore.java","131111","258321","389432"
"2015-09-03","TestQueryState.java","84932","145294","230226"
"2015-09-10","TestQueryState.java","90428","154181","244609"
"2015-07-20","TestQueryState.java","31801","77988","109789"
"2015-08-13","AbstractDBStore.java","4085","7820","11905"
"2015-08-04","AbstractDBStore.java","1066","2662","3728"
"2015-09-01","AbstractDBStore.java","100649","108485","209134"
"2015-09-17","AbstractDBStore.java","110572","139850","250422"
"2015-10-27","AbstractDBStore.java","113606","149595","263201"
"2015-09-16","AbstractDBStore.java","109751","123854","233605"
"2015-09-23","AbstractDBStore.java","111800","143271","255071"
"2015-09-23","AbstractDBStore.java","110911","141750","252661"
"2015-09-28","AbstractDBStore.java","112374","147524","259898"
"2015-09-24","AbstractDBStore.java","111935","146798","258733"
"2015-11-18","AbstractDBStore.java","115269","153213","268482"
"2015-09-10","TestQueryState.java","9009","12400","21409"
"2015-08-13","DDLExecutor.java","11470","19685","31155"
"2015-08-03","DDLExecutor.java","8079","12565","20644"
"2015-08-04","DDLExecutor.java","8785","14861","23646"
"2015-07-30","DDLExecutor.java","7595","11403","18998"
"2015-09-16","DDLExecutor.java","112672","131255","243927"
"2015-09-03","DDLExecutor.java","108828","122365","231193"
"2015-09-25","DDLExecutor.java","114784","154296","269080"
"2015-08-19","DDLExecutor.java","103457","114886","218343"
"2015-07-31","DDLExecutor.java","7917","12397","20314"
"2015-09-24","DDLExecutor.java","114698","154041","268739"
"2015-09-24","DDLExecutor.java","114628","150906","265534"
"2015-10-05","DDLExecutor.java","115455","155496","270951"
"2015-10-13","DDLExecutor.java","115685","156065","271750"
"2015-09-16","DDLExecutor.java","7625","12671","20296"
"2015-09-25","DDLExecutor.java","10440","36415","46855"
"2015-09-24","DDLExecutor.java","10322","36128","46450"
"2015-09-24","DDLExecutor.java","10215","32956","43171"
"2015-10-05","DDLExecutor.java","11244","37748","48992"
"2015-10-13","DDLExecutor.java","11609","38452","50061"
"2015-09-03","TestQueryState.java","107059","121234","228293"
"2015-09-10","TestQueryState.java","112747","130313","243060"
"2015-10-05","DDLExecutor.java","927","1456","2383"
"2015-10-13","DDLExecutor.java","1445","2313","3758"
"2015-08-13","AbstractDBStore.java","48357","114925","163282"
"2015-06-24","AbstractDBStore.java","27851","84678","112529"
"2015-07-20","AbstractDBStore.java","39940","98293","138233"
"2015-08-04","AbstractDBStore.java","46966","111395","158361"
"2015-09-01","AbstractDBStore.java","87714","158383","246097"
"2015-09-17","AbstractDBStore.java","94659","186770","281429"
"2015-10-27","AbstractDBStore.java","96357","195179","291536"
"2015-09-16","AbstractDBStore.java","94225","171161","265386"
"2015-09-23","AbstractDBStore.java","95333","189637","284970"
"2015-06-24","AbstractDBStore.java","28947","86738","115685"
"2015-09-23","AbstractDBStore.java","94841","188513","283354"
"2015-07-31","AbstractDBStore.java","46438","109271","155709"
"2015-04-05","AbstractDBStore.java","3201","3826","7027"
"2015-09-28","AbstractDBStore.java","95588","193571","289159"
"2015-09-24","AbstractDBStore.java","95347","193043","288390"
"2015-07-30","AbstractDBStore.java","46231","108392","154623"
"2015-11-18","AbstractDBStore.java","97830","198607","296437"
"2015-09-03","TestTaskStatusUpdate.java","144875","374300","519175"
"2014-03-20","TestTaskStatusUpdate.java","4805","14121","18926"
"2014-07-09","TestTaskStatusUpdate.java","114109","161521","275630"
"2015-07-20","TestTaskStatusUpdate.java","143386","363075","506461"
"2015-08-13","AbstractDBStore.java","45758","111701","157459"
"2015-06-24","AbstractDBStore.java","25090","81292","106382"
"2015-07-20","AbstractDBStore.java","37239","94967","132206"
"2015-08-04","AbstractDBStore.java","44357","108161","152518"
"2015-09-01","AbstractDBStore.java","85707","155751","241458"
"2015-09-17","AbstractDBStore.java","92685","184171","276856"
"2015-10-27","AbstractDBStore.java","94415","192612","287027"
"2015-09-16","AbstractDBStore.java","92251","168562","260813"
"2015-09-23","AbstractDBStore.java","93361","187040","280401"
"2015-06-24","AbstractDBStore.java","26191","83357","109548"
"2015-09-23","AbstractDBStore.java","92872","185919","278791"
"2015-07-31","AbstractDBStore.java","43826","106034","149860"
"2015-09-28","AbstractDBStore.java","93621","190979","284600"
"2015-09-24","AbstractDBStore.java","93378","190449","283827"
"2015-07-30","AbstractDBStore.java","43607","105143","148750"
"2015-11-18","AbstractDBStore.java","95906","196058","291964"
"2015-09-03","TestTaskStatusUpdate.java","149918","370027","519945"
"2014-07-09","TestTaskStatusUpdate.java","115215","153311","268526"
"2015-07-20","TestTaskStatusUpdate.java","147434","357807","505241"
"2015-09-03","TestTaskStatusUpdate.java","130311","312324","442635"
"2015-07-20","TestTaskStatusUpdate.java","97056","269333","366389"
"2015-09-03","TestTaskStatusUpdate.java","115710","125446","241156"
"2014-11-11","AbstractDBStore.java","132523","240903","373426"
"2015-08-13","AbstractDBStore.java","158324","362461","520785"
"2015-06-24","AbstractDBStore.java","156178","350574","506752"
"2015-07-20","AbstractDBStore.java","157438","353360","510798"
"2015-08-04","AbstractDBStore.java","157707","359705","517412"
"2015-09-01","AbstractDBStore.java","159030","367268","526298"
"2015-09-17","AbstractDBStore.java","159453","389133","548586"
"2014-06-18","AbstractDBStore.java","119590","141439","261029"
"2015-10-27","AbstractDBStore.java","159883","396274","556157"
"2015-09-16","AbstractDBStore.java","159184","373689","532873"
"2015-09-23","AbstractDBStore.java","159519","391392","550911"
"2014-12-30","AbstractDBStore.java","149811","278735","428546"
"2015-06-24","AbstractDBStore.java","156209","351569","507778"
"2015-09-23","AbstractDBStore.java","159500","390741","550241"
"2014-12-07","AbstractDBStore.java","134114","245250","379364"
"2015-07-31","AbstractDBStore.java","157695","358097","515792"
"2015-03-27","AbstractDBStore.java","153444","291013","444457"
"2015-04-05","AbstractDBStore.java","153647","291841","445488"
"2015-03-13","AbstractDBStore.java","150848","283230","434078"
"2015-01-06","AbstractDBStore.java","149988","278904","428892"
"2015-09-28","AbstractDBStore.java","159552","395104","554656"
"2015-01-15","AbstractDBStore.java","150045","277008","427053"
"2015-09-24","AbstractDBStore.java","159528","394793","554321"
"2015-07-30","AbstractDBStore.java","157660","357390","515050"
"2015-11-18","AbstractDBStore.java","159927","398273","558200"
"2014-05-07","AbstractDBStore.java","118912","124489","243401"
"2015-09-16","DDLExecutor.java","21000","28154","49154"
"2015-09-03","DDLExecutor.java","13600","15708","29308"
"2015-09-25","DDLExecutor.java","23700","51783","75483"
"2015-09-24","DDLExecutor.java","23589","51503","75092"
"2015-09-24","DDLExecutor.java","23480","48329","71809"
"2015-10-05","DDLExecutor.java","24478","53090","77568"
"2015-10-13","DDLExecutor.java","24832","53783","78615"
"2015-07-17","DDLExecutor.java","2257","4284","6541"
"2015-08-13","DDLExecutor.java","28997","37774","66771"
"2015-08-03","DDLExecutor.java","26924","31972","58896"
"2015-08-04","DDLExecutor.java","27369","34007","61376"
"2015-07-30","DDLExecutor.java","26550","30920","57470"
"2015-09-16","DDLExecutor.java","123278","142423","265701"
"2015-07-20","DDLExecutor.java","19164","19726","38890"
"2015-09-03","DDLExecutor.java","119495","133594","253089"
"2015-09-25","DDLExecutor.java","125121","165195","290316"
"2015-08-19","DDLExecutor.java","114261","126252","240513"
"2015-07-31","DDLExecutor.java","26777","31819","58596"
"2015-09-24","DDLExecutor.java","125038","164943","289981"
"2015-09-24","DDLExecutor.java","125035","161875","286910"
"2015-10-05","DDLExecutor.java","125599","166202","291801"
"2015-10-13","DDLExecutor.java","125811","166753","292564"
"2015-08-13","AbstractDBStore.java","50297","122052","172349"
"2015-06-24","AbstractDBStore.java","30371","92385","122756"
"2015-07-20","AbstractDBStore.java","42127","105667","147794"
"2015-08-04","AbstractDBStore.java","48939","118555","167494"
"2015-09-01","AbstractDBStore.java","88809","164665","253474"
"2015-09-17","AbstractDBStore.java","95520","192818","288338"
"2015-10-27","AbstractDBStore.java","97168","201177","298345"
"2015-09-16","AbstractDBStore.java","95092","177215","272307"
"2015-09-23","AbstractDBStore.java","96192","195683","291875"
"2015-06-24","AbstractDBStore.java","31444","94422","125866"
"2015-09-23","AbstractDBStore.java","95702","194561","290263"
"2015-07-31","AbstractDBStore.java","48412","116432","164844"
"2015-03-27","AbstractDBStore.java","4645","9832","14477"
"2015-04-05","AbstractDBStore.java","7615","13427","21042"
"2015-09-28","AbstractDBStore.java","96457","199627","296084"
"2015-09-24","AbstractDBStore.java","96218","199101","295319"
"2015-07-30","AbstractDBStore.java","48365","115713","164078"
"2015-11-18","AbstractDBStore.java","98566","204530","303096"
"2013-10-17","TestFileFragment.java","41469","78633","120102"
"2013-10-28","TestFileFragment.java","44260","82382","126642"
"2015-08-13","AbstractDBStore.java","68074","143295","211369"
"2015-06-24","AbstractDBStore.java","50661","116141","166802"
"2015-07-20","AbstractDBStore.java","60400","127406","187806"
"2015-08-04","AbstractDBStore.java","66937","140019","206956"
"2015-09-01","AbstractDBStore.java","104389","183711","288100"
"2015-09-17","AbstractDBStore.java","110639","211403","322042"
"2015-10-27","AbstractDBStore.java","112188","219663","331851"
"2015-09-16","AbstractDBStore.java","110218","195807","306025"
"2015-09-23","AbstractDBStore.java","111251","214208","325459"
"2015-06-24","AbstractDBStore.java","51660","118104","169764"
"2015-09-23","AbstractDBStore.java","110804","213129","323933"
"2015-07-31","AbstractDBStore.java","66413","137899","204312"
"2015-03-27","AbstractDBStore.java","26367","35020","61387"
"2015-04-05","AbstractDBStore.java","29047","38325","67372"
"2015-03-13","AbstractDBStore.java","22743","26209","48952"
"2015-09-28","AbstractDBStore.java","111479","218115","329594"
"2015-01-15","AbstractDBStore.java","15230","13277","28507"
"2015-09-24","AbstractDBStore.java","111275","217624","328899"
"2015-07-30","AbstractDBStore.java","66367","137181","203548"
"2015-11-18","AbstractDBStore.java","113570","223000","336570"
"2013-10-28","TestFileFragment.java","5313","6271","11584"
"2013-09-16","TestQueryIdFactory.java","30877","41982","72859"
"2014-12-22","TestQueryIdFactory.java","82703","307090","389793"
"2014-12-18","TestQueryIdFactory.java","82703","306590","389293"
"2014-12-22","TestQueryIdFactory.java","91070","304352","395422"
"2014-12-18","TestQueryIdFactory.java","91070","303852","394922"
"2015-07-17","DDLExecutor.java","27280","86473","113753"
"2015-08-13","DDLExecutor.java","45758","111701","157459"
"2015-08-03","DDLExecutor.java","43938","106152","150090"
"2015-08-04","DDLExecutor.java","44357","108161","152518"
"2015-07-30","DDLExecutor.java","43607","105143","148750"
"2015-09-16","DDLExecutor.java","92251","168562","260813"
"2015-07-20","DDLExecutor.java","37239","94967","132206"
"2015-09-03","DDLExecutor.java","88563","159828","248391"
"2015-09-25","DDLExecutor.java","93418","190658","284076"
"2015-08-19","DDLExecutor.java","84161","153318","237479"
"2015-06-24","DDLExecutor.java","26191","83357","109548"
"2015-07-31","DDLExecutor.java","43826","106034","149860"
"2015-09-24","DDLExecutor.java","93378","190449","283827"
"2015-09-24","DDLExecutor.java","93382","187388","280770"
"2015-10-05","DDLExecutor.java","93794","191563","285357"
"2015-10-13","DDLExecutor.java","93976","192084","286060"
"2014-12-22","TestQueryIdFactory.java","3167","3667","6834"
"2013-08-26","TestTajoIds.java","25900","25205","51105"
"2014-12-18","TestTajoIds.java","82703","306590","389293"
"2013-09-16","TestTajoIds.java","30877","41982","72859"
"2014-12-18","TestTajoIds.java","79968","304550","384518"
"2013-09-16","TestTajoIds.java","7252","19052","26304"
"2015-08-13","DDLExecutor.java","4085","7820","11905"
"2015-08-03","DDLExecutor.java","245","251","496"
"2015-08-04","DDLExecutor.java","1066","2662","3728"
"2015-09-16","DDLExecutor.java","109751","123854","233605"
"2015-09-03","DDLExecutor.java","104043","113100","217143"
"2015-09-25","DDLExecutor.java","112021","147053","259074"
"2015-08-19","DDLExecutor.java","98197","105146","203343"
"2015-09-24","DDLExecutor.java","111935","146798","258733"
"2015-09-24","DDLExecutor.java","111851","143649","255500"
"2015-10-05","DDLExecutor.java","112764","148325","261089"
"2015-10-13","DDLExecutor.java","113015","148915","261930"
"2015-09-25","DDLExecutor.java","130","299","429"
"2015-10-05","DDLExecutor.java","1057","1755","2812"
"2015-10-13","DDLExecutor.java","1569","2606","4175"
"2015-09-25","DDLExecutor.java","271","3505","3776"
"2015-10-05","DDLExecutor.java","1181","4944","6125"
"2015-10-13","DDLExecutor.java","1677","5779","7456"
"2015-10-13","DDLExecutor.java","522","861","1383"
"2014-12-18","TestTajoIds.java","91070","303852","394922"
"2015-07-29","TestHistoryWriterReader.java","89762","180485","270247"
"2015-08-03","TestHistoryWriterReader.java","90570","184619","275189"
"2014-12-22","TestHistoryWriterReader.java","39364","56529","95893"
"2015-01-23","TestHistoryWriterReader.java","52706","73787","126493"
"2014-12-18","TestHistoryWriterReader.java","36471","53136","89607"
"2015-11-18","ExplainPlanPreprocessorForTest.java","97313","198915","296228"
"2015-05-19","ExplainPlanPreprocessorForTest.java","20936","71145","92081"
"2015-08-03","TestHistoryWriterReader.java","3482","6808","10290"
"2015-11-18","ExplainPlanPreprocessorForTest.java","128920","180313","309233"
"2015-07-29","TestHistoryWriterReader.java","65054","138612","203666"
"2015-08-03","TestHistoryWriterReader.java","67636","144520","212156"
"2015-01-23","TestHistoryWriterReader.java","17881","21797","39678"
"2015-07-29","TestHistoryWriterReader.java","51532","121174","172706"
"2015-08-03","TestHistoryWriterReader.java","54293","127261","181554"
"2015-07-29","TestHistoryWriterReader.java","66267","140325","206592"
"2015-08-03","TestHistoryWriterReader.java","68783","146167","214950"
"2014-12-22","TestHistoryWriterReader.java","3167","3667","6834"
"2015-01-23","TestHistoryWriterReader.java","19392","23808","43200"
"2015-09-14","NonForwardQueryResultFileScanner.java","110461","194945","305406"
"2015-08-21","NonForwardQueryResultFileScanner.java","103859","182855","286714"
"2015-12-17","NonForwardQueryResultFileScanner.java","114715","226683","341398"
"2015-09-22","NonForwardQueryResultFileScanner.java","111066","212084","323150"
"2015-04-06","NonForwardQueryResultFileScanner.java","29489","43630","73119"
"2015-09-03","NonForwardQueryResultFileScanner.java","104745","184180","288925"
"2015-12-25","NonForwardQueryResultFileScanner.java","114886","230450","345336"
"2015-09-28","NonForwardQueryResultFileScanner.java","111675","218178","329853"
"2015-12-17","NonForwardQueryResultFileScanner.java","9527","37011","46538"
"2015-09-22","NonForwardQueryResultFileScanner.java","1732","18266","19998"
"2015-12-25","NonForwardQueryResultFileScanner.java","14345","45425","59770"
"2015-09-28","NonForwardQueryResultFileScanner.java","3350","25369","28719"
"2015-03-03","HttpFileServer.java","57242","79043","136285"
"2015-07-23","TestSystemMetrics.java","129236","370559","499795"
"2015-09-14","NonForwardQueryResultFileScanner.java","17950","23438","41388"
"2015-12-17","NonForwardQueryResultFileScanner.java","26722","59694","86416"
"2015-09-22","NonForwardQueryResultFileScanner.java","19572","41594","61166"
"2015-09-03","NonForwardQueryResultFileScanner.java","7364","7803","15167"
"2015-12-25","NonForwardQueryResultFileScanner.java","31336","67904","99240"
"2015-09-28","NonForwardQueryResultFileScanner.java","21046","48553","69599"
"2015-12-25","NonForwardQueryResultFileScanner.java","4909","8505","13414"
"2015-03-03","HttpFileServerHandler.java","57242","79043","136285"
"2015-01-08","TestJSPUtil.java","138383","288168","426551"
"2015-09-23","TestJSPUtil.java","145259","398256","543515"
"2014-12-18","TestJSPUtil.java","138349","282560","420909"
"2015-11-02","TestJSPUtil.java","145410","403590","549000"
"2014-11-11","TestJSPUtil.java","123948","251494","375442"
"2015-09-23","TestJSPUtil.java","103066","206278","309344"
"2015-11-02","TestJSPUtil.java","104182","212577","316759"
"2015-11-02","TestJSPUtil.java","2669","7852","10521"
"2015-01-08","TestJSPUtil.java","16326","21900","38226"
"2015-09-23","TestJSPUtil.java","112836","221622","334458"
"2015-11-02","TestJSPUtil.java","113815","227784","341599"
"2015-10-27","AbstractDBStore.java","1701","2540","4241"
"2015-11-18","AbstractDBStore.java","4582","7376","11958"
"2015-12-17","NonForwardQueryResultFileScanner.java","8064","19014","27078"
"2015-12-25","NonForwardQueryResultFileScanner.java","12891","27437","40328"
"2015-09-28","NonForwardQueryResultFileScanner.java","1679","7164","8843"
"2015-08-13","AbstractDBStore.java","55968","133142","189110"
"2015-06-24","AbstractDBStore.java","36821","104254","141075"
"2015-07-20","AbstractDBStore.java","48049","117008","165057"
"2015-08-04","AbstractDBStore.java","54783","129818","184601"
"2015-09-01","AbstractDBStore.java","93222","174497","267719"
"2015-09-17","AbstractDBStore.java","99563","202280","301843"
"2015-10-27","AbstractDBStore.java","101231","210659","311890"
"2015-09-16","AbstractDBStore.java","99136","186678","285814"
"2015-09-23","AbstractDBStore.java","100257","205167","305424"
"2015-06-24","AbstractDBStore.java","37841","106238","144079"
"2015-09-23","AbstractDBStore.java","99728","204006","303734"
"2015-07-31","AbstractDBStore.java","54256","127695","181951"
"2015-03-27","AbstractDBStore.java","11961","22567","34528"
"2015-04-05","AbstractDBStore.java","14689","25920","40609"
"2015-03-13","AbstractDBStore.java","8222","13641","21863"
"2015-09-28","AbstractDBStore.java","100513","209102","309615"
"2015-09-24","AbstractDBStore.java","100281","208583","308864"
"2015-07-30","AbstractDBStore.java","54210","126977","181187"
"2015-11-18","AbstractDBStore.java","102615","213998","316613"
"2015-09-14","NonForwardQueryResultFileScanner.java","93797","164140","257937"
"2015-08-21","NonForwardQueryResultFileScanner.java","86457","151312","237769"
"2015-12-17","NonForwardQueryResultFileScanner.java","98623","196450","295073"
"2015-09-22","NonForwardQueryResultFileScanner.java","94513","181390","275903"
"2015-09-03","NonForwardQueryResultFileScanner.java","87465","152759","240224"
"2015-12-25","NonForwardQueryResultFileScanner.java","98957","200380","299337"
"2015-09-28","NonForwardQueryResultFileScanner.java","95230","187592","282822"
"2015-11-25","TestAvroUtil.java","129588","258715","388303"
"2015-09-14","NonForwardQueryResultFileScanner.java","10741","15790","26531"
"2015-12-17","NonForwardQueryResultFileScanner.java","19692","52225","71917"
"2015-09-22","NonForwardQueryResultFileScanner.java","12388","33971","46359"
"2015-12-25","NonForwardQueryResultFileScanner.java","24448","60577","85025"
"2015-09-28","NonForwardQueryResultFileScanner.java","13864","40932","54796"
"2015-01-08","TestJSPUtil.java","50276","72515","122791"
"2015-09-23","TestJSPUtil.java","129292","254743","384035"
"2014-12-18","TestJSPUtil.java","36471","53136","89607"
"2015-11-02","TestJSPUtil.java","130102","260736","390838"
"2015-09-23","MockNodeResourceManager.java","126108","163583","289691"
"2015-07-20","MockNodeResourceManager.java","18376","18104","36480"
"2013-12-20","TestBSTIndex.java","48097","105774","153871"
"2014-02-20","TestBSTIndex.java","60749","138539","199288"
"2015-09-28","TestBSTIndex.java","84555","420907","505462"
"2015-06-24","TestBSTIndex.java","83566","379726","463292"
"2014-11-04","TestBSTIndex.java","82577","284823","367400"
"2013-09-13","TestBSTIndex.java","29230","37699","66929"
"2015-06-02","TestBSTIndex.java","83566","375934","459500"
"2013-10-04","TestBSTIndex.java","34007","56470","90477"
"2015-06-25","TestBSTIndex.java","83566","379828","463394"
"2015-12-07","TestBSTIndex.java","84587","426248","510835"
"2013-08-12","TestBSTIndex.java","16923","10169","27092"
"2015-09-23","MockNodeResourceManager.java","115773","153520","269293"
"2014-02-20","TestBSTIndex.java","41652","61765","103417"
"2015-09-28","TestBSTIndex.java","131844","410519","542363"
"2015-06-24","TestBSTIndex.java","130515","368998","499513"
"2014-11-04","TestBSTIndex.java","126775","271344","398119"
"2015-06-02","TestBSTIndex.java","130516","365207","495723"
"2015-06-25","TestBSTIndex.java","130515","369100","499615"
"2015-12-07","TestBSTIndex.java","131969","415953","547922"
"2015-07-20","MockNodeStatusUpdater.java","24071","29501","53572"
"2015-09-28","TestBSTIndex.java","143600","402162","545762"
"2015-06-24","TestBSTIndex.java","141613","359983","501596"
"2014-11-04","TestBSTIndex.java","122361","246817","369178"
"2015-06-02","TestBSTIndex.java","141321","355899","497220"
"2015-06-25","TestBSTIndex.java","141613","360085","501698"
"2015-12-07","TestBSTIndex.java","143773","407644","551417"
"2015-12-07","TestBSTIndex.java","5981","11290","17271"
"2015-12-17","NonForwardQueryResultFileScanner.java","6708","12173","18881"
"2015-12-25","NonForwardQueryResultFileScanner.java","11544","20605","32149"
"2015-07-22","MockTaskExecutor.java","22123","24256","46379"
"2015-07-20","MockTaskExecutor.java","18376","18104","36480"
"2015-07-22","MockTaskExecutor.java","3908","6313","10221"
"2015-09-28","TestBSTIndex.java","125417","165609","291026"
"2015-06-25","TestBSTIndex.java","1142","1244","2386"
"2015-12-07","TestBSTIndex.java","128856","174357","303213"
"2015-09-14","NonForwardQueryResultScanner.java","146767","269351","416118"
"2014-12-30","NonForwardQueryResultScanner.java","73047","111147","184194"
"2015-12-25","NonForwardQueryResultScanner.java","148673","302337","451010"
"2015-09-28","TestBSTIndex.java","126304","260410","386714"
"2015-06-24","TestBSTIndex.java","78125","172039","250164"
"2015-06-02","TestBSTIndex.java","76797","166919","243716"
"2015-06-25","TestBSTIndex.java","78128","172144","250272"
"2015-12-07","TestBSTIndex.java","127691","267106","394797"
"2015-12-25","NonForwardQueryResultScanner.java","14345","45425","59770"
"2015-09-14","NonForwardQueryResultScanner.java","110461","194945","305406"
"2015-12-25","NonForwardQueryResultScanner.java","114886","230450","345336"
"2015-07-20","MockTaskManager.java","18376","18104","36480"
"2015-10-08","MockTaskManager.java","126771","168624","295395"
"2015-10-08","MockTaskManager.java","116702","158827","275529"
"2013-12-20","TestBSTIndex.java","28834","78042","106876"
"2014-02-20","TestBSTIndex.java","48471","117792","166263"
"2015-09-28","TestBSTIndex.java","90707","418590","509297"
"2015-06-24","TestBSTIndex.java","89662","377353","467015"
"2014-11-04","TestBSTIndex.java","88477","282254","370731"
"2015-06-02","TestBSTIndex.java","89662","373561","463223"
"2013-10-04","TestBSTIndex.java","8432","22426","30858"
"2015-06-25","TestBSTIndex.java","89662","377455","467117"
"2015-12-07","TestBSTIndex.java","90766","423958","514724"
"2015-09-28","TestBSTIndex.java","125124","169108","294232"
"2015-06-24","TestBSTIndex.java","3889","7681","11570"
"2015-06-25","TestBSTIndex.java","4342","8236","12578"
"2015-12-07","TestBSTIndex.java","128481","177774","306255"
"2013-12-20","TestBSTIndex.java","24806","60020","84826"
"2014-02-20","TestBSTIndex.java","50398","105725","156123"
"2015-09-28","TestBSTIndex.java","101430","415319","516749"
"2015-06-24","TestBSTIndex.java","100355","374052","474407"
"2014-11-04","TestBSTIndex.java","99124","278907","378031"
"2015-06-02","TestBSTIndex.java","100355","370260","470615"
"2015-06-25","TestBSTIndex.java","100355","374154","474509"
"2015-12-07","TestBSTIndex.java","101509","420707","522216"
"2015-04-01","NonForwardQueryResultSystemScanner.java","28196","36623","64819"
"2015-07-22","NonForwardQueryResultSystemScanner.java","61674","129275","190949"
"2015-07-20","NonForwardQueryResultSystemScanner.java","58718","123920","182638"
"2015-09-14","NonForwardQueryResultSystemScanner.java","110461","194945","305406"
"2015-06-02","NonForwardQueryResultSystemScanner.java","49789","112433","162222"
"2015-03-03","NonForwardQueryResultSystemScanner.java","21579","23334","44913"
"2015-05-11","NonForwardQueryResultSystemScanner.java","34819","56848","91667"
"2015-09-28","NonForwardQueryResultSystemScanner.java","111830","218458","330288"
"2015-09-23","NonForwardQueryResultSystemScanner.java","111602","214551","326153"
"2015-07-30","NonForwardQueryResultSystemScanner.java","66729","137535","204264"
"2015-03-27","NonForwardQueryResultSystemScanner.java","26822","35467","62289"
"2015-03-06","NonForwardQueryResultSystemScanner.java","22815","25117","47932"
"2015-05-19","NonForwardQueryResultSystemScanner.java","46802","104730","151532"
"2015-12-25","NonForwardQueryResultSystemScanner.java","114886","230450","345336"
"2015-04-06","NonForwardQueryResultSystemScanner.java","29489","43630","73119"
"2015-07-22","NonForwardQueryResultSystemScanner.java","62376","130346","192722"
"2015-07-22","NonForwardQueryResultSystemScanner.java","39537","98711","138248"
"2015-07-20","NonForwardQueryResultSystemScanner.java","36385","93160","129545"
"2015-09-14","NonForwardQueryResultSystemScanner.java","93061","169118","262179"
"2015-06-02","NonForwardQueryResultSystemScanner.java","25146","79363","104509"
"2015-05-11","NonForwardQueryResultSystemScanner.java","9176","22778","31954"
"2015-09-28","NonForwardQueryResultSystemScanner.java","94616","192817","287433"
"2015-09-23","NonForwardQueryResultSystemScanner.java","94361","188883","283244"
"2015-07-30","NonForwardQueryResultSystemScanner.java","44917","107296","152213"
"2015-05-19","NonForwardQueryResultSystemScanner.java","21971","71472","93443"
"2015-12-25","NonForwardQueryResultSystemScanner.java","98022","205159","303181"
"2015-04-06","NonForwardQueryResultSystemScanner.java","1590","7304","8894"
"2015-07-22","NonForwardQueryResultSystemScanner.java","40280","99823","140103"
"2015-10-08","TestNodeResourceManager.java","116702","158827","275529"
"2015-07-20","TestNodeResourceManager.java","24071","29501","53572"
"2015-06-08","TestNodeResourceManager.java","7998","13700","21698"
"2015-10-08","TestNodeResourceManager.java","125403","172958","298361"
"2015-07-20","TestNodeResourceManager.java","18376","18104","36480"
"2015-10-08","TestNodeResourceManager.java","126771","168624","295395"
"2015-09-14","NonForwardQueryResultSystemScanner.java","112131","129014","241145"
"2015-09-28","NonForwardQueryResultSystemScanner.java","114773","153800","268573"
"2015-09-23","NonForwardQueryResultSystemScanner.java","114263","149611","263874"
"2015-07-30","NonForwardQueryResultSystemScanner.java","6598","9803","16401"
"2015-12-25","NonForwardQueryResultSystemScanner.java","119171","167134","286305"
"2015-09-28","TestBSTIndex.java","124638","164728","289366"
"2015-12-07","TestBSTIndex.java","128097","173496","301593"
"2015-07-22","NonForwardQueryResultSystemScanner.java","3881","6280","10161"
"2015-09-14","NonForwardQueryResultSystemScanner.java","113660","132942","246602"
"2015-09-28","NonForwardQueryResultSystemScanner.java","116211","157637","273848"
"2015-09-23","NonForwardQueryResultSystemScanner.java","115773","153520","269293"
"2015-07-30","NonForwardQueryResultSystemScanner.java","10367","15971","26338"
"2015-12-25","NonForwardQueryResultSystemScanner.java","120586","170948","291534"
"2015-07-22","NonForwardQueryResultSystemScanner.java","4875","7643","12518"
"2015-09-28","NonForwardQueryResultSystemScanner.java","3720","25864","29584"
"2015-09-23","NonForwardQueryResultSystemScanner.java","2980","21445","24425"
"2015-12-25","NonForwardQueryResultSystemScanner.java","14345","45425","59770"
"2015-07-22","NonForwardQueryResultSystemScanner.java","21810","26767","48577"
"2015-07-20","NonForwardQueryResultSystemScanner.java","18080","20638","38718"
"2015-09-14","NonForwardQueryResultSystemScanner.java","123043","144883","267926"
"2015-09-28","NonForwardQueryResultSystemScanner.java","125124","169108","294232"
"2015-09-23","NonForwardQueryResultSystemScanner.java","124766","165071","289837"
"2015-07-30","NonForwardQueryResultSystemScanner.java","28120","36282","64402"
"2015-12-25","NonForwardQueryResultSystemScanner.java","129066","181986","311052"
"2015-07-22","NonForwardQueryResultSystemScanner.java","22769","28095","50864"
"2015-04-01","NonForwardQueryResultSystemScanner.java","6934","13606","20540"
"2015-07-22","NonForwardQueryResultSystemScanner.java","43458","109304","152762"
"2015-07-20","NonForwardQueryResultSystemScanner.java","40420","103867","144287"
"2015-09-14","NonForwardQueryResultSystemScanner.java","95065","177794","272859"
"2015-06-02","NonForwardQueryResultSystemScanner.java","29544","90433","119977"
"2015-05-11","NonForwardQueryResultSystemScanner.java","13954","34228","48182"
"2015-09-28","NonForwardQueryResultSystemScanner.java","96635","201508","298143"
"2015-09-23","NonForwardQueryResultSystemScanner.java","96372","197566","293938"
"2015-07-30","NonForwardQueryResultSystemScanner.java","48749","117800","166549"
"2015-03-27","NonForwardQueryResultSystemScanner.java","5474","12364","17838"
"2015-03-06","NonForwardQueryResultSystemScanner.java","1273","1820","3093"
"2015-05-19","NonForwardQueryResultSystemScanner.java","26385","82558","108943"
"2015-12-25","NonForwardQueryResultSystemScanner.java","99870","213679","313549"
"2015-04-06","NonForwardQueryResultSystemScanner.java","8261","20647","28908"
"2015-07-22","NonForwardQueryResultSystemScanner.java","44176","110391","154567"
"2015-07-22","NonForwardQueryResultSystemScanner.java","32669","78241","110910"
"2015-07-20","NonForwardQueryResultSystemScanner.java","28963","72136","101099"
"2015-09-14","NonForwardQueryResultSystemScanner.java","89985","152440","242425"
"2015-06-02","NonForwardQueryResultSystemScanner.java","16343","56958","73301"
"2015-09-28","NonForwardQueryResultSystemScanner.java","91890","176489","268379"
"2015-09-23","NonForwardQueryResultSystemScanner.java","91608","172528","264136"
"2015-07-30","NonForwardQueryResultSystemScanner.java","38236","87013","125249"
"2015-05-19","NonForwardQueryResultSystemScanner.java","12986","48885","61871"
"2015-12-25","NonForwardQueryResultSystemScanner.java","95658","189193","284851"
"2015-07-22","NonForwardQueryResultSystemScanner.java","33487","79428","112915"
"2015-12-25","NonForwardQueryResultSystemScanner.java","11187","20123","31310"
"2015-09-28","NonForwardQueryResultSystemScanner.java","809","4488","5297"
"2015-12-25","NonForwardQueryResultSystemScanner.java","11757","24372","36129"
"2015-09-14","NonForwardQueryResultSystemScanner.java","109425","123103","232528"
"2015-09-28","NonForwardQueryResultSystemScanner.java","112269","148091","260360"
"2015-09-23","NonForwardQueryResultSystemScanner.java","111715","143858","255573"
"2015-12-25","NonForwardQueryResultSystemScanner.java","116939","161697","278636"
"2015-04-01","NonForwardQueryResultSystemScanner.java","1627","1409","3036"
"2015-07-22","NonForwardQueryResultSystemScanner.java","40864","99820","140684"
"2015-07-20","NonForwardQueryResultSystemScanner.java","37721","94278","131999"
"2015-09-14","NonForwardQueryResultSystemScanner.java","94033","169872","263905"
"2015-06-02","NonForwardQueryResultSystemScanner.java","26537","80536","107073"
"2015-05-11","NonForwardQueryResultSystemScanner.java","10694","24078","34772"
"2015-09-28","NonForwardQueryResultSystemScanner.java","95588","193571","289159"
"2015-09-23","NonForwardQueryResultSystemScanner.java","95333","189637","284970"
"2015-07-30","NonForwardQueryResultSystemScanner.java","46231","108392","154623"
"2015-05-19","NonForwardQueryResultSystemScanner.java","23366","72649","96015"
"2015-12-25","NonForwardQueryResultSystemScanner.java","98971","205890","304861"
"2015-04-06","NonForwardQueryResultSystemScanner.java","3213","8709","11922"
"2015-07-22","NonForwardQueryResultSystemScanner.java","41607","100932","142539"
"2015-06-08","TestNodeStatusUpdater.java","7998","13700","21698"
"2015-07-20","TestNodeStatusUpdater.java","24071","29501","53572"
"2015-07-20","TestNodeStatusUpdater.java","18376","18104","36480"
"2015-04-01","NonForwardQueryResultSystemScanner.java","6686","12811","19497"
"2015-07-22","NonForwardQueryResultSystemScanner.java","43327","108626","151953"
"2015-07-20","NonForwardQueryResultSystemScanner.java","40289","103189","143478"
"2015-09-14","NonForwardQueryResultSystemScanner.java","94980","177162","272142"
"2015-06-02","NonForwardQueryResultSystemScanner.java","29341","89683","119024"
"2015-05-11","NonForwardQueryResultSystemScanner.java","13751","33478","47229"
"2015-09-28","NonForwardQueryResultSystemScanner.java","96563","200889","297452"
"2015-09-23","NonForwardQueryResultSystemScanner.java","96298","196945","293243"
"2015-07-30","NonForwardQueryResultSystemScanner.java","48626","117130","165756"
"2015-03-27","NonForwardQueryResultSystemScanner.java","5072","11415","16487"
"2015-05-19","NonForwardQueryResultSystemScanner.java","26182","81808","107990"
"2015-12-25","NonForwardQueryResultSystemScanner.java","99821","213083","312904"
"2015-04-06","NonForwardQueryResultSystemScanner.java","8013","19852","27865"
"2015-07-22","NonForwardQueryResultSystemScanner.java","44045","109713","153758"
"2015-10-27","AbstractDBStore.java","2258","3384","5642"
"2015-09-28","AbstractDBStore.java","592","879","1471"
"2015-11-18","AbstractDBStore.java","5138","8219","13357"
"2013-12-20","TestBSTIndex.java","34455","98886","133341"
"2014-02-20","TestBSTIndex.java","48733","133277","182010"
"2015-09-28","TestBSTIndex.java","76309","419415","495724"
"2015-06-24","TestBSTIndex.java","75285","378199","453484"
"2014-11-04","TestBSTIndex.java","74267","283267","357534"
"2013-09-13","TestBSTIndex.java","13310","28533","41843"
"2015-06-02","TestBSTIndex.java","75285","374407","449692"
"2013-10-04","TestBSTIndex.java","19304","48521","67825"
"2015-06-25","TestBSTIndex.java","75285","378301","453586"
"2015-12-07","TestBSTIndex.java","76363","424778","501141"
"2015-07-20","TestTaskExecutor.java","18376","18104","36480"
"2015-07-22","NonForwardQueryResultSystemScanner.java","27445","37118","64563"
"2015-07-20","NonForwardQueryResultSystemScanner.java","23724","30998","54722"
"2015-09-14","NonForwardQueryResultSystemScanner.java","122283","148839","271122"
"2015-06-02","NonForwardQueryResultSystemScanner.java","6894","11610","18504"
"2015-09-28","NonForwardQueryResultSystemScanner.java","124345","173045","297390"
"2015-09-23","NonForwardQueryResultSystemScanner.java","123986","169007","292993"
"2015-07-30","NonForwardQueryResultSystemScanner.java","33339","46217","79556"
"2015-12-25","NonForwardQueryResultSystemScanner.java","128226","185862","314088"
"2015-07-22","NonForwardQueryResultSystemScanner.java","28347","38389","66736"
"2015-07-22","NonForwardQueryResultSystemScanner.java","38678","92138","130816"
"2015-07-20","NonForwardQueryResultSystemScanner.java","35483","86544","122027"
"2015-09-14","NonForwardQueryResultSystemScanner.java","93797","164140","257937"
"2015-06-02","NonForwardQueryResultSystemScanner.java","23853","72356","96209"
"2015-05-11","NonForwardQueryResultSystemScanner.java","7727","15615","23342"
"2015-09-28","NonForwardQueryResultSystemScanner.java","95391","187878","283269"
"2015-09-23","NonForwardQueryResultSystemScanner.java","95120","183928","279048"
"2015-07-30","NonForwardQueryResultSystemScanner.java","44115","100780","144895"
"2015-05-19","NonForwardQueryResultSystemScanner.java","20596","64383","84979"
"2015-12-25","NonForwardQueryResultSystemScanner.java","98957","200380","299337"
"2015-07-22","NonForwardQueryResultSystemScanner.java","39458","93287","132745"
"2015-09-14","NonForwardQueryResultSystemScanner.java","111315","127829","239144"
"2015-09-28","NonForwardQueryResultSystemScanner.java","113982","152640","266622"
"2015-09-23","NonForwardQueryResultSystemScanner.java","113469","148448","261917"
"2015-07-30","NonForwardQueryResultSystemScanner.java","5635","8471","14106"
"2015-12-25","NonForwardQueryResultSystemScanner.java","118459","166053","284512"
"2015-06-24","CreateTableHook.java","54138","126057","180195"
"2015-07-20","TestTaskManager.java","18376","18104","36480"
"2015-09-14","QueryExecutor.java","18168","23223","41391"
"2015-09-14","QueryExecutor.java","18382","24074","42456"
"2015-09-28","QueryExecutor.java","21472","49183","70655"
"2015-12-17","QueryExecutor.java","27146","60322","87468"
"2015-11-18","QueryExecutor.java","25032","55598","80630"
"2015-10-23","QueryExecutor.java","22854","51710","74564"
"2015-08-25","QueryExecutor.java","6682","7640","14322"
"2015-08-20","QueryExecutor.java","104057","115851","219908"
"2015-09-14","QueryExecutor.java","112301","129150","241451"
"2015-07-24","QueryExecutor.java","4645","5747","10392"
"2015-09-14","QueryExecutor.java","112461","129947","242408"
"2015-09-28","QueryExecutor.java","114827","154332","269159"
"2015-12-17","QueryExecutor.java","119061","164031","283092"
"2015-11-18","QueryExecutor.java","117788","160148","277936"
"2015-10-23","QueryExecutor.java","115912","156562","272474"
"2015-07-23","QueryExecutor.java","3950","4168","8118"
"2015-08-25","QueryExecutor.java","104903","117655","222558"
"2015-07-30","QueryExecutor.java","7595","11403","18998"
"2015-08-20","QueryExecutor.java","104893","189168","294061"
"2015-07-20","QueryExecutor.java","62372","134853","197225"
"2014-12-30","QueryExecutor.java","5093","10576","15669"
"2015-09-14","QueryExecutor.java","111262","200592","311854"
"2014-12-30","QueryExecutor.java","4894","7716","12610"
"2015-03-24","QueryExecutor.java","29079","42318","71397"
"2015-07-24","QueryExecutor.java","65657","139240","204897"
"2015-09-14","QueryExecutor.java","111351","201318","312669"
"2015-09-28","QueryExecutor.java","112536","224522","337058"
"2015-12-17","QueryExecutor.java","115430","232881","348311"
"2015-02-14","QueryExecutor.java","23893","30274","54167"
"2015-04-18","QueryExecutor.java","35492","59674","95166"
"2015-11-18","QueryExecutor.java","114614","229455","344069"
"2015-06-25","QueryExecutor.java","54110","126131","180241"
"2015-06-24","QueryExecutor.java","54138","126057","180195"
"2015-10-23","QueryExecutor.java","113060","226191","339251"
"2015-07-23","QueryExecutor.java","65513","138212","203725"
"2015-08-25","QueryExecutor.java","105184","190417","295601"
"2015-07-30","QueryExecutor.java","68134","144423","212557"
"2015-08-20","QueryExecutor.java","103854","182646","286500"
"2015-07-20","QueryExecutor.java","60763","127761","188524"
"2015-09-14","QueryExecutor.java","110371","194218","304589"
"2015-03-24","QueryExecutor.java","26503","34259","60762"
"2015-07-24","QueryExecutor.java","64101","132201","196302"
"2015-09-14","QueryExecutor.java","110461","194945","305406"
"2015-09-28","QueryExecutor.java","111675","218178","329853"
"2015-12-17","QueryExecutor.java","114715","226683","341398"
"2015-02-14","QueryExecutor.java","21257","22155","43412"
"2015-04-18","QueryExecutor.java","33161","51860","85021"
"2015-11-18","QueryExecutor.java","113875","223233","337108"
"2015-06-25","QueryExecutor.java","52232","118770","171002"
"2015-06-24","QueryExecutor.java","52037","118473","170510"
"2015-10-23","QueryExecutor.java","112238","219886","332124"
"2015-07-23","QueryExecutor.java","63953","131169","195122"
"2015-08-25","QueryExecutor.java","104145","183895","288040"
"2015-07-30","QueryExecutor.java","66729","137535","204264"
"2015-08-13","AbstractDBStore.java","4268","8675","12943"
"2015-08-04","AbstractDBStore.java","1403","3671","5074"
"2015-09-01","AbstractDBStore.java","100577","109085","209662"
"2015-09-17","AbstractDBStore.java","110487","140437","250924"
"2015-10-27","AbstractDBStore.java","113495","150156","263651"
"2015-09-16","AbstractDBStore.java","109666","124441","234107"
"2015-09-23","AbstractDBStore.java","111715","143858","255573"
"2015-09-23","AbstractDBStore.java","110826","142337","253163"
"2015-07-31","AbstractDBStore.java","340","1012","1352"
"2015-09-28","AbstractDBStore.java","112269","148091","260360"
"2015-09-24","AbstractDBStore.java","111830","147365","259195"
"2015-11-18","AbstractDBStore.java","115158","153774","268932"
"2015-09-28","QueryExecutor.java","3571","26227","29798"
"2015-12-17","QueryExecutor.java","9662","37783","47445"
"2015-11-18","QueryExecutor.java","7411","32922","40333"
"2015-10-23","QueryExecutor.java","5015","28816","33831"
"2015-08-20","QueryExecutor.java","102392","183845","286237"
"2015-07-20","QueryExecutor.java","59524","129183","188707"
"2015-09-14","QueryExecutor.java","108765","195273","304038"
"2015-03-24","QueryExecutor.java","25885","36302","62187"
"2015-07-24","QueryExecutor.java","62857","133618","196475"
"2015-09-14","QueryExecutor.java","108854","195999","304853"
"2015-09-28","QueryExecutor.java","110056","219220","329276"
"2015-12-17","QueryExecutor.java","113022","227651","340673"
"2015-02-14","QueryExecutor.java","20650","24209","44859"
"2015-04-18","QueryExecutor.java","32432","53792","86224"
"2015-11-18","QueryExecutor.java","112182","224201","336383"
"2015-06-25","QueryExecutor.java","51197","120396","171593"
"2015-06-24","QueryExecutor.java","51225","120322","171547"
"2015-10-23","QueryExecutor.java","110599","220908","331507"
"2015-07-23","QueryExecutor.java","62713","132590","195303"
"2015-08-25","QueryExecutor.java","102683","185094","287777"
"2015-07-30","QueryExecutor.java","65395","138862","204257"
"2015-08-20","QueryExecutor.java","86240","157276","243516"
"2015-07-20","QueryExecutor.java","39764","99006","138770"
"2015-09-14","QueryExecutor.java","93483","169574","263057"
"2015-07-24","QueryExecutor.java","43362","103706","147068"
"2015-09-14","QueryExecutor.java","93617","170345","263962"
"2015-09-28","QueryExecutor.java","95007","193754","288761"
"2015-12-17","QueryExecutor.java","98199","202411","300610"
"2015-04-18","QueryExecutor.java","7942","18885","26827"
"2015-11-18","QueryExecutor.java","97313","198915","296228"
"2015-06-25","QueryExecutor.java","29349","88131","117480"
"2015-06-24","QueryExecutor.java","29027","87707","116734"
"2015-10-23","QueryExecutor.java","95600","195492","291092"
"2015-07-23","QueryExecutor.java","43171","102631","145802"
"2015-08-25","QueryExecutor.java","86687","158681","245368"
"2015-07-30","QueryExecutor.java","46051","109101","155152"
"2015-08-20","QueryExecutor.java","100869","111561","212430"
"2015-09-14","QueryExecutor.java","109213","124960","234173"
"2015-09-14","QueryExecutor.java","109382","125766","235148"
"2015-09-28","QueryExecutor.java","111905","150308","262213"
"2015-12-17","QueryExecutor.java","116273","160141","276414"
"2015-11-18","QueryExecutor.java","114969","156227","271196"
"2015-10-23","QueryExecutor.java","113039","152587","265626"
"2015-08-25","QueryExecutor.java","101744","113394","215138"
"2015-07-30","QueryExecutor.java","2979","5685","8664"
"2015-09-28","QueryExecutor.java","3350","25369","28719"
"2015-12-17","QueryExecutor.java","9527","37011","46538"
"2015-11-18","QueryExecutor.java","7216","32090","39306"
"2015-10-23","QueryExecutor.java","4813","27977","32790"
"2015-12-17","QueryExecutor.java","6708","12173","18881"
"2015-11-18","QueryExecutor.java","4209","7064","11273"
"2015-10-23","QueryExecutor.java","1702","2847","4549"
"2015-06-17","TestFunctionsResource.java","24865","76158","101023"
"2015-08-20","QueryExecutor.java","88014","165908","253922"
"2015-07-20","QueryExecutor.java","42699","108799","151498"
"2015-09-14","QueryExecutor.java","94826","177775","272601"
"2015-03-24","QueryExecutor.java","5508","12366","17874"
"2015-07-24","QueryExecutor.java","46226","113428","159654"
"2015-09-14","QueryExecutor.java","94956","178542","273498"
"2015-09-28","QueryExecutor.java","96367","201972","298339"
"2015-12-17","QueryExecutor.java","99476","210546","310022"
"2015-04-18","QueryExecutor.java","12367","30168","42535"
"2015-11-18","QueryExecutor.java","98602","207062","305664"
"2015-06-25","QueryExecutor.java","32596","98236","130832"
"2015-06-24","QueryExecutor.java","32292","97830","130122"
"2015-10-23","QueryExecutor.java","96956","203706","300662"
"2015-07-23","QueryExecutor.java","46058","112376","158434"
"2015-08-25","QueryExecutor.java","88358","167210","255568"
"2015-07-30","QueryExecutor.java","48894","118802","167696"
"2015-07-20","TestQueryResource.java","37745","90602","128347"
"2015-05-27","TestQueryResource.java","21796","69980","91776"
"2015-06-13","TestQueryResource.java","24776","76085","100861"
"2015-07-09","TestQueryResource.java","27325","80286","107611"
"2015-10-09","TestQueryResource.java","95748","188937","284685"
"2015-10-09","TestQueryResource.java","115685","156017","271702"
"2015-08-20","QueryExecutor.java","83689","143782","227471"
"2015-07-20","QueryExecutor.java","34291","82590","116881"
"2015-09-14","QueryExecutor.java","91124","156272","247396"
"2015-07-24","QueryExecutor.java","37966","87367","125333"
"2015-09-14","QueryExecutor.java","91261","157046","248307"
"2015-09-28","QueryExecutor.java","92784","180588","273372"
"2015-12-17","QueryExecutor.java","96296","189565","285861"
"2015-11-18","QueryExecutor.java","95256","185915","281171"
"2015-06-25","QueryExecutor.java","22858","70697","93555"
"2015-06-24","QueryExecutor.java","22536","70273","92809"
"2015-10-23","QueryExecutor.java","93492","182441","275933"
"2015-07-23","QueryExecutor.java","37763","86280","124043"
"2015-08-25","QueryExecutor.java","84142","145193","229335"
"2015-07-30","QueryExecutor.java","40727","92834","133561"
"2015-07-20","TestQueryResource.java","23199","27872","51071"
"2015-06-13","TestQueryResource.java","3780","6905","10685"
"2015-07-09","TestQueryResource.java","7641","12418","20059"
"2015-10-09","TestQueryResource.java","127272","172277","299549"
"2015-07-20","TestQueryResource.java","21100","22648","43748"
"2015-07-09","TestQueryResource.java","3874","5526","9400"
"2015-10-09","TestQueryResource.java","126810","168690","295500"
"2015-12-17","QueryExecutor.java","2588","5198","7786"
"2015-07-20","TestQueryResource.java","17319","17215","34534"
"2015-10-09","TestQueryResource.java","124603","164831","289434"
"2015-08-20","QueryExecutor.java","113982","126236","240218"
"2015-07-20","QueryExecutor.java","18029","18489","36518"
"2015-09-14","QueryExecutor.java","122060","139369","261429"
"2015-07-24","QueryExecutor.java","22549","24111","46660"
"2015-09-14","QueryExecutor.java","122208","140154","262362"
"2015-09-28","QueryExecutor.java","124385","164350","288735"
"2015-12-17","QueryExecutor.java","128339","173769","302108"
"2015-11-18","QueryExecutor.java","127081","169901","296982"
"2015-10-23","QueryExecutor.java","125230","166340","291570"
"2015-07-23","QueryExecutor.java","21883","22561","44444"
"2015-08-25","QueryExecutor.java","114776","127988","242764"
"2015-07-30","QueryExecutor.java","25423","29691","55114"
"2015-08-20","QueryExecutor.java","114857","127213","242070"
"2015-07-20","QueryExecutor.java","19164","19726","38890"
"2015-09-14","QueryExecutor.java","122929","140340","263269"
"2015-07-24","QueryExecutor.java","23680","25344","49024"
"2015-09-14","QueryExecutor.java","123077","141125","264202"
"2015-09-28","QueryExecutor.java","125164","165231","290395"
"2015-12-17","QueryExecutor.java","129095","174627","303722"
"2015-11-18","QueryExecutor.java","127849","170771","298620"
"2015-06-25","QueryExecutor.java","1142","1244","2386"
"2015-10-23","QueryExecutor.java","126000","167212","293212"
"2015-07-23","QueryExecutor.java","23014","23794","46808"
"2015-08-25","QueryExecutor.java","115652","128966","244618"
"2015-07-30","QueryExecutor.java","26550","30920","57470"
"2015-12-17","QueryExecutor.java","5037","9357","14394"
"2015-11-18","QueryExecutor.java","2512","4222","6734"
"2015-05-27","TestQueryResultResource.java","21796","69980","91776"
"2015-06-29","TestQueryResultResource.java","27107","79829","106936"
"2015-06-13","TestQueryResultResource.java","24776","76085","100861"
"2015-07-09","TestQueryResultResource.java","27325","80286","107611"
"2015-12-25","TestQueryResultResource.java","98957","200380","299337"
"2015-06-29","TestQueryResultResource.java","7423","11961","19384"
"2015-06-13","TestQueryResultResource.java","3780","6905","10685"
"2015-07-09","TestQueryResultResource.java","7641","12418","20059"
"2015-12-25","TestQueryResultResource.java","130799","184038","314837"
"2015-07-09","TestQueryResultResource.java","219","458","677"
"2015-12-25","TestQueryResultResource.java","128425","177126","305551"
"2015-08-20","QueryExecutor.java","101086","112662","213748"
"2015-09-14","QueryExecutor.java","109410","126041","235451"
"2015-07-24","QueryExecutor.java","702","1586","2288"
"2015-09-14","QueryExecutor.java","109576","126844","236420"
"2015-09-28","QueryExecutor.java","111978","151265","263243"
"2015-12-17","QueryExecutor.java","116331","161083","277414"
"2015-11-18","QueryExecutor.java","115028","157170","272198"
"2015-10-23","QueryExecutor.java","113099","153531","266630"
"2015-08-25","QueryExecutor.java","101961","114495","216456"
"2015-07-30","QueryExecutor.java","3675","7265","10940"
"2015-06-29","TestQueryResultResource.java","3655","5068","8723"
"2015-07-09","TestQueryResultResource.java","3874","5526","9400"
"2015-12-25","TestQueryResultResource.java","130444","180558","311002"
"2015-09-14","QueryExecutor.java","11649","15746","27395"
"2015-09-14","QueryExecutor.java","11863","16597","28460"
"2015-09-28","QueryExecutor.java","14961","41714","56675"
"2015-12-17","QueryExecutor.java","20757","52975","73732"
"2015-11-18","QueryExecutor.java","18548","48156","66704"
"2015-10-23","QueryExecutor.java","16346","44244","60590"
"2015-08-20","QueryExecutor.java","98818","106804","205622"
"2015-09-14","QueryExecutor.java","109250","122291","231541"
"2015-09-14","QueryExecutor.java","109425","123103","232528"
"2015-09-28","QueryExecutor.java","111959","147656","259615"
"2015-12-17","QueryExecutor.java","116505","157667","274172"
"2015-11-18","QueryExecutor.java","115107","153659","268766"
"2015-10-23","QueryExecutor.java","113150","149992","263142"
"2015-08-25","QueryExecutor.java","99780","108724","208504"
"2015-12-25","TestQueryResultResource.java","128338","176800","305138"
"2015-07-23","GlobalEngine.java","99938","287358","387296"
"2015-07-20","GlobalEngine.java","99353","286555","385908"
"2014-08-11","GlobalEngine.java","10188","35918","46106"
"2015-04-13","GlobalEngine.java","85250","220715","305965"
"2015-08-19","GlobalEngine.java","122642","321273","443915"
"2015-08-13","GlobalEngine.java","101592","297009","398601"
"2015-08-19","GlobalEngine.java","100474","111685","212159"
"2015-08-13","GlobalEngine.java","7636","15633","23269"
"2015-07-23","GlobalEngine.java","3950","4168","8118"
"2015-08-19","GlobalEngine.java","103457","114886","218343"
"2015-08-13","GlobalEngine.java","11470","19685","31155"
"2015-07-23","GlobalEngine.java","105555","267245","372800"
"2015-07-20","GlobalEngine.java","104821","266293","371114"
"2015-04-13","GlobalEngine.java","86353","196088","282441"
"2015-08-19","GlobalEngine.java","133827","306728","440555"
"2015-08-13","GlobalEngine.java","107276","276963","384239"
"2014-05-12","GlobalEngine.java","82133","191653","273786"
"2015-07-23","GlobalEngine.java","83983","380923","464906"
"2015-07-20","GlobalEngine.java","83983","380705","464688"
"2014-08-11","GlobalEngine.java","82338","217588","299926"
"2015-04-13","GlobalEngine.java","83604","328589","412193"
"2015-08-19","GlobalEngine.java","84217","392368","476585"
"2014-04-05","GlobalEngine.java","61926","159903","221829"
"2013-07-26","GlobalEngine.java","13947","7998","21945"
"2013-07-19","GlobalEngine.java","304","792","1096"
"2014-05-09","GlobalEngine.java","82122","189959","272081"
"2013-10-17","GlobalEngine.java","41440","78091","119531"
"2015-08-13","GlobalEngine.java","84208","389145","473353"
"2015-07-23","GlobalEngine.java","40957","92912","133869"
"2015-07-20","GlobalEngine.java","37502","89239","126741"
"2015-08-19","GlobalEngine.java","85798","148964","234762"
"2015-08-13","GlobalEngine.java","46090","106042","152132"
"2014-05-12","GlobalEngine.java","118470","130013","248483"
"2015-07-23","GlobalEngine.java","155725","354688","510413"
"2015-07-20","GlobalEngine.java","155722","354467","510189"
"2014-08-11","GlobalEngine.java","120441","157714","278155"
"2015-04-13","GlobalEngine.java","152058","299066","451124"
"2015-08-19","GlobalEngine.java","156688","366862","523550"
"2014-05-09","GlobalEngine.java","118435","128295","246730"
"2015-08-13","GlobalEngine.java","156561","363521","520082"
"2014-05-12","GlobalEngine.java","75249","190718","265967"
"2015-07-23","GlobalEngine.java","77102","379991","457093"
"2015-07-20","GlobalEngine.java","77102","379773","456875"
"2014-08-11","GlobalEngine.java","75454","216653","292107"
"2015-04-13","GlobalEngine.java","76720","327654","404374"
"2015-08-19","GlobalEngine.java","77337","391437","468774"
"2014-04-05","GlobalEngine.java","52343","156269","208612"
"2014-05-09","GlobalEngine.java","75238","189024","264262"
"2013-10-17","GlobalEngine.java","30166","72766","102932"
"2015-08-13","GlobalEngine.java","77327","388213","465540"
"2014-05-12","GlobalEngine.java","82571","191603","274174"
"2015-07-23","GlobalEngine.java","84421","380873","465294"
"2015-07-20","GlobalEngine.java","84421","380655","465076"
"2014-08-11","GlobalEngine.java","82776","217538","300314"
"2015-04-13","GlobalEngine.java","84041","328538","412579"
"2015-08-19","GlobalEngine.java","84657","392320","476977"
"2014-04-05","GlobalEngine.java","62317","159806","222123"
"2013-07-26","GlobalEngine.java","13757","7320","21077"
"2014-05-09","GlobalEngine.java","82560","189909","272469"
"2013-10-17","GlobalEngine.java","41397","77560","118957"
"2015-08-13","GlobalEngine.java","84648","389097","473745"
"2014-05-12","GlobalEngine.java","109","1792","1901"
"2015-07-23","GlobalEngine.java","99722","288825","388547"
"2015-07-20","GlobalEngine.java","99176","288061","387237"
"2014-08-11","GlobalEngine.java","10229","37642","47871"
"2015-04-13","GlobalEngine.java","85156","222304","307460"
"2015-08-19","GlobalEngine.java","121380","321694","443074"
"2015-08-13","GlobalEngine.java","101372","298472","399844"
"2014-05-12","GlobalEngine.java","110840","183709","294549"
"2015-07-23","GlobalEngine.java","114351","374640","488991"
"2015-07-20","GlobalEngine.java","114348","374419","488767"
"2014-08-11","GlobalEngine.java","111314","209913","321227"
"2015-04-13","GlobalEngine.java","113861","322195","436056"
"2015-08-19","GlobalEngine.java","114682","386182","500864"
"2014-04-05","GlobalEngine.java","49889","111215","161104"
"2014-05-09","GlobalEngine.java","110826","182012","292838"
"2015-08-13","GlobalEngine.java","114607","382893","497500"
"2015-08-19","GlobalEngine.java","95447","98661","194108"
"2015-07-20","QueryCoordinatorService.java","80948","376569","457517"
"2015-01-09","QueryCoordinatorService.java","79969","310379","390348"
"2013-10-16","QueryCoordinatorService.java","20461","57369","77830"
"2013-10-25","QueryCoordinatorService.java","21922","60499","82421"
"2013-12-06","QueryCoordinatorService.java","27925","78017","105942"
"2015-07-20","QueryCoordinatorService.java","48154","113365","161519"
"2015-07-20","QueryCoordinatorService.java","113429","372142","485571"
"2015-01-09","QueryCoordinatorService.java","111442","304944","416386"
"2013-10-25","QueryCoordinatorService.java","2084","3753","5837"
"2013-12-06","QueryCoordinatorService.java","12890","26074","38964"
"2013-09-13","TestSingleCSVFileBSTIndex.java","29230","37699","66929"
"2014-11-04","TestSingleCSVFileBSTIndex.java","82577","284823","367400"
"2015-06-02","TestSingleCSVFileBSTIndex.java","83566","375934","459500"
"2013-08-12","TestSingleCSVFileBSTIndex.java","16923","10169","27092"
"2014-02-20","TestSingleCSVFileBSTIndex.java","60749","138539","199288"
"2015-09-28","TestSingleCSVFileBSTIndex.java","84555","420907","505462"
"2014-11-04","TestSingleCSVFileBSTIndex.java","88477","282254","370731"
"2015-06-02","TestSingleCSVFileBSTIndex.java","89662","373561","463223"
"2014-02-20","TestSingleCSVFileBSTIndex.java","48471","117792","166263"
"2015-09-28","TestSingleCSVFileBSTIndex.java","90707","418590","509297"
"2015-07-20","QueryCoordinatorService.java","80947","376569","457516"
"2015-01-09","QueryCoordinatorService.java","79968","310379","390347"
"2013-10-16","QueryCoordinatorService.java","20454","57363","77817"
"2013-10-25","QueryCoordinatorService.java","21916","60494","82410"
"2013-12-06","QueryCoordinatorService.java","27919","78012","105931"
"2014-11-11","AbstractDBStore.java","44631","147434","192065"
"2015-08-13","AbstractDBStore.java","101046","299606","400652"
"2015-06-24","AbstractDBStore.java","93664","282483","376147"
"2015-07-20","AbstractDBStore.java","98853","289198","388051"
"2015-08-04","AbstractDBStore.java","100339","296760","397099"
"2015-09-01","AbstractDBStore.java","121913","324574","446487"
"2015-09-17","AbstractDBStore.java","125876","349979","475855"
"2014-06-18","AbstractDBStore.java","2514","18786","21300"
"2015-10-27","AbstractDBStore.java","126443","357257","483700"
"2015-09-16","AbstractDBStore.java","125533","334461","459994"
"2015-09-23","AbstractDBStore.java","125992","352288","478280"
"2014-12-30","AbstractDBStore.java","71507","194854","266361"
"2015-06-24","AbstractDBStore.java","93752","283535","377287"
"2015-09-23","AbstractDBStore.java","125928","351592","477520"
"2014-12-07","AbstractDBStore.java","47058","152617","199675"
"2015-07-31","AbstractDBStore.java","100093","294918","395011"
"2015-03-27","AbstractDBStore.java","83654","215646","299300"
"2015-04-05","AbstractDBStore.java","84643","217260","301903"
"2015-03-13","AbstractDBStore.java","80559","207364","287923"
"2015-01-06","AbstractDBStore.java","71830","195169","266999"
"2015-09-28","AbstractDBStore.java","126050","356025","482075"
"2015-01-15","AbstractDBStore.java","79101","200487","279588"
"2015-09-24","AbstractDBStore.java","126007","355695","481702"
"2015-07-30","AbstractDBStore.java","100056","294209","394265"
"2015-11-18","AbstractDBStore.java","126629","359398","486027"
"2015-06-02","TestSingleCSVFileBSTIndex.java","76797","166919","243716"
"2015-09-28","TestSingleCSVFileBSTIndex.java","126304","260410","386714"
"2015-07-09","TestTablesResource.java","27325","80286","107611"
"2015-07-01","TestTablesResource.java","27128","79851","106979"
"2015-09-28","TestSingleCSVFileBSTIndex.java","125124","169108","294232"
"2015-07-09","TestTablesResource.java","199","437","636"
"2013-09-13","TestSingleCSVFileBSTIndex.java","13310","28533","41843"
"2014-11-04","TestSingleCSVFileBSTIndex.java","74267","283267","357534"
"2015-06-02","TestSingleCSVFileBSTIndex.java","75285","374407","449692"
"2014-02-20","TestSingleCSVFileBSTIndex.java","48733","133277","182010"
"2015-09-28","TestSingleCSVFileBSTIndex.java","76309","419415","495724"
"2015-07-20","QueryCoordinatorService.java","114782","371826","486608"
"2015-01-09","QueryCoordinatorService.java","112776","304609","417385"
"2013-12-06","QueryCoordinatorService.java","11166","22681","33847"
"2014-11-04","TestSingleCSVFileBSTIndex.java","122361","246817","369178"
"2015-06-02","TestSingleCSVFileBSTIndex.java","141321","355899","497220"
"2015-09-28","TestSingleCSVFileBSTIndex.java","143600","402162","545762"
"2015-07-20","QueryCoordinatorService.java","123429","368958","492387"
"2015-01-09","QueryCoordinatorService.java","120607","300925","421532"
"2014-11-11","QueryInfo.java","79761","287678","367439"
"2015-01-23","QueryInfo.java","79976","308974","388950"
"2015-01-05","QueryInfo.java","79968","310313","390281"
"2014-02-28","QueryInfo.java","45634","123034","168668"
"2014-05-12","QueryInfo.java","79275","189490","268765"
"2015-01-23","QueryInfo.java","52706","73787","126493"
"2015-01-05","QueryInfo.java","42407","64835","107242"
"2015-08-13","CatalogStore.java","84208","389145","473353"
"2014-03-20","CatalogStore.java","61564","150556","212120"
"2014-01-26","CatalogStore.java","51164","121407","172571"
"2015-07-20","CatalogStore.java","83983","380705","464688"
"2014-12-07","CatalogStore.java","82592","294528","377120"
"2015-09-24","CatalogStore.java","84547","420612","505159"
"2015-03-27","CatalogStore.java","83604","321973","405577"
"2015-07-31","CatalogStore.java","84059","385261","469320"
"2015-01-23","QueryInfo.java","15560","14213","29773"
"2015-09-24","CatalogStore.java","109517","140645","250162"
"2014-11-11","QueryInfo.java","121164","251681","372845"
"2015-01-23","QueryInfo.java","135495","287093","422588"
"2015-01-05","QueryInfo.java","135448","288393","423841"
"2014-05-12","QueryInfo.java","110688","143503","254191"
"2015-08-18","TestJsonSerDe.java","122663","219137","341800"
"2015-08-13","CatalogStore.java","149312","365257","514569"
"2015-07-20","CatalogStore.java","148435","356165","504600"
"2014-12-07","CatalogStore.java","128515","251459","379974"
"2015-09-24","CatalogStore.java","150253","397326","547579"
"2015-03-27","CatalogStore.java","144946","294323","439269"
"2015-07-31","CatalogStore.java","148680","360890","509570"
"2015-08-13","CatalogStore.java","136570","371264","507834"
"2014-03-20","CatalogStore.java","34723","53472","88195"
"2015-07-20","CatalogStore.java","136191","362670","498861"
"2014-12-07","CatalogStore.java","130882","272575","403457"
"2015-09-24","CatalogStore.java","137277","403099","540376"
"2015-03-27","CatalogStore.java","134003","302129","436132"
"2015-07-31","CatalogStore.java","136297","367256","503553"
"2014-10-28","JdbcConnection.java","124390","232474","356864"
"2015-09-03","JdbcConnection.java","149915","371182","521097"
"2015-09-14","JdbcConnection.java","149922","375138","525060"
"2014-12-03","JdbcConnection.java","128516","251166","379682"
"2015-08-04","JdbcConnection.java","148691","362497","511188"
"2015-08-13","CatalogStore.java","11470","19685","31155"
"2015-09-24","CatalogStore.java","114698","154041","268739"
"2015-07-31","CatalogStore.java","7917","12397","20314"
"2015-09-03","JdbcConnection.java","117913","231096","349009"
"2015-09-14","JdbcConnection.java","122423","239555","361978"
"2014-12-03","JdbcConnection.java","9615","24181","33796"
"2015-08-04","JdbcConnection.java","86334","192056","278390"
"2014-03-20","JdbcConnection.java","49314","96513","145827"
"2014-10-28","JdbcConnection.java","114853","270136","384989"
"2015-09-03","JdbcConnection.java","118860","387326","506186"
"2015-09-14","JdbcConnection.java","118865","391280","510145"
"2014-12-03","JdbcConnection.java","114960","284809","399769"
"2015-08-04","JdbcConnection.java","118544","379549","498093"
"2014-11-11","QueryInfo.java","44475","142177","186652"
"2015-01-23","QueryInfo.java","79483","198266","277749"
"2015-01-05","QueryInfo.java","72095","192225","264320"
"2015-09-14","JdbcConnection.java","7290","11239","18529"
"2015-08-13","CatalogStore.java","91926","184927","276853"
"2015-07-20","CatalogStore.java","88012","172798","260810"
"2015-09-24","CatalogStore.java","129920","254049","383969"
"2015-03-27","CatalogStore.java","61410","87843","149253"
"2015-07-31","CatalogStore.java","90585","179851","270436"
"2014-12-12","TestReadWrite.java","143723","275412","419135"
"2014-08-23","TestReadWrite.java","117131","214315","331446"
"2014-12-12","TestReadWrite.java","66675","101180","167855"
"2015-08-13","CatalogStore.java","48357","114925","163282"
"2015-07-20","CatalogStore.java","39940","98293","138233"
"2015-09-24","CatalogStore.java","95347","193043","288390"
"2015-07-31","CatalogStore.java","46438","109271","155709"
"2015-08-13","CatalogStore.java","4085","7820","11905"
"2015-09-24","CatalogStore.java","111935","146798","258733"
"2015-09-03","JdbcConnection.java","124209","222826","347035"
"2015-09-14","JdbcConnection.java","128723","231289","360012"
"2015-08-04","JdbcConnection.java","90960","182116","273076"
"2015-09-03","TestDirectRawFile.java","105778","116572","222350"
"2015-09-03","JdbcConnection.java","103969","111430","215399"
"2015-09-14","JdbcConnection.java","109433","120843","230276"
"2014-01-26","DerbyStore.java","33992","78568","112560"
"2015-08-13","DerbyStore.java","103820","383090","486910"
"2014-02-19","DerbyStore.java","51097","102257","153354"
"2014-03-20","DerbyStore.java","56589","119914","176503"
"2014-11-11","DerbyStore.java","101831","285344","387175"
"2015-02-24","DerbyStore.java","102060","307512","409572"
"2015-08-13","DerbyStore.java","136570","371264","507834"
"2014-02-19","DerbyStore.java","23850","30434","54284"
"2014-03-20","DerbyStore.java","34723","53472","88195"
"2014-11-11","DerbyStore.java","130826","269763","400589"
"2015-02-24","DerbyStore.java","131377","292253","423630"
"2015-08-13","DerbyStore.java","142146","370256","512402"
"2014-03-20","DerbyStore.java","12345","24510","36855"
"2014-11-11","DerbyStore.java","121934","254287","376221"
"2015-02-24","DerbyStore.java","136185","290477","426662"
"2015-07-20","QueryInProgress.java","80948","376569","457517"
"2015-09-23","QueryInProgress.java","81954","415321","497275"
"2015-01-09","QueryInProgress.java","79969","310011","389980"
"2014-03-20","QueryInProgress.java","46725","136412","183137"
"2015-02-23","QueryInProgress.java","79972","311705","391677"
"2013-09-09","QueryInProgress.java","3748","4961","8709"
"2015-03-12","QueryInProgress.java","80959","318103","399062"
"2014-02-17","QueryInProgress.java","44942","121473","166415"
"2014-02-17","QueryInProgress.java","44693","120620","165313"
"2015-01-23","QueryInProgress.java","79976","308974","388950"
"2014-02-28","QueryInProgress.java","45634","123034","168668"
"2015-09-23","QueryInProgress.java","81957","415325","497282"
"2013-10-25","QueryInProgress.java","21922","60499","82421"
"2014-05-12","QueryInProgress.java","79275","189490","268765"
"2015-11-18","QueryInProgress.java","82004","421683","503687"
"2014-05-16","QueryInProgress.java","79275","191845","271120"
"2015-01-05","QueryInProgress.java","79968","310313","390281"
"2015-01-22","QueryInProgress.java","79976","308779","388755"
"2015-08-13","DerbyStore.java","149312","365257","514569"
"2014-11-11","DerbyStore.java","126977","247165","374142"
"2015-02-24","DerbyStore.java","141894","284021","425915"
"2015-09-23","QueryInProgress.java","115192","152938","268130"
"2015-09-23","QueryInProgress.java","115773","153520","269293"
"2015-11-18","QueryInProgress.java","118572","162630","281202"
"2015-11-18","QueryInProgress.java","4823","11135","15958"
"2015-07-20","QueryInProgress.java","48771","114350","163121"
"2015-09-23","QueryInProgress.java","102416","205741","308157"
"2015-02-23","QueryInProgress.java","9820","11511","21331"
"2015-03-12","QueryInProgress.java","14929","22031","36960"
"2015-01-23","QueryInProgress.java","3793","2749","6542"
"2015-09-23","QueryInProgress.java","102937","206263","309200"
"2015-11-18","QueryInProgress.java","104985","214622","319607"
"2015-01-22","QueryInProgress.java","3591","2352","5943"
"2015-07-20","QueryInProgress.java","147482","353416","500898"
"2015-09-23","QueryInProgress.java","150342","394022","544364"
"2015-01-09","QueryInProgress.java","141600","281955","423555"
"2015-02-23","QueryInProgress.java","141894","283940","425834"
"2015-03-12","QueryInProgress.java","144724","292181","436905"
"2015-01-23","QueryInProgress.java","141656","280967","422623"
"2015-09-23","QueryInProgress.java","150362","394043","544405"
"2014-05-12","QueryInProgress.java","114468","134996","249464"
"2015-11-18","QueryInProgress.java","150574","400566","551140"
"2014-05-16","QueryInProgress.java","114509","137392","251901"
"2015-01-05","QueryInProgress.java","141574","282232","423806"
"2015-01-22","QueryInProgress.java","141656","280772","422428"
"2015-08-13","DerbyStore.java","90765","186522","277287"
"2015-02-24","DerbyStore.java","56560","78499","135059"
"2015-08-13","DerbyStore.java","50662","124480","175142"
"2015-04-02","MariaDBStore.java","86193","201886","288079"
"2015-07-20","QueryInProgress.java","40521","104409","144930"
"2015-09-23","QueryInProgress.java","95910","197544","293454"
"2015-03-12","QueryInProgress.java","5313","10724","16037"
"2015-09-23","QueryInProgress.java","96453","198088","294541"
"2015-11-18","QueryInProgress.java","98513","206459","304972"
"2015-07-20","QueryInProgress.java","81801","376209","458010"
"2015-09-23","QueryInProgress.java","82820","414974","497794"
"2015-01-09","QueryInProgress.java","80810","309639","390449"
"2014-03-20","QueryInProgress.java","45940","134414","180354"
"2015-02-23","QueryInProgress.java","80813","311333","392146"
"2015-03-12","QueryInProgress.java","81802","317733","399535"
"2014-02-17","QueryInProgress.java","43890","119208","163098"
"2014-02-17","QueryInProgress.java","43633","118347","161980"
"2015-01-23","QueryInProgress.java","80817","308602","389419"
"2014-02-28","QueryInProgress.java","44776","120963","165739"
"2015-09-23","QueryInProgress.java","82823","414978","497801"
"2013-10-25","QueryInProgress.java","19496","56860","76356"
"2014-05-12","QueryInProgress.java","80108","189110","269218"
"2015-11-18","QueryInProgress.java","82871","421337","504208"
"2014-05-16","QueryInProgress.java","80108","191465","271573"
"2015-01-05","QueryInProgress.java","80809","309941","390750"
"2015-01-22","QueryInProgress.java","80817","308407","389224"
"2014-10-28","TajoDatabaseMetaData.java","114853","270136","384989"
"2014-10-05","TajoDatabaseMetaData.java","114598","265882","380480"
"2014-09-04","TajoDatabaseMetaData.java","114590","262207","376797"
"2014-03-20","TajoDatabaseMetaData.java","49314","96513","145827"
"2014-04-10","TajoDatabaseMetaData.java","50040","107727","157767"
"2014-05-07","TajoDatabaseMetaData.java","113969","179575","293544"
"2014-04-22","TajoDatabaseMetaData.java","112682","174774","287456"
"2015-09-23","TajoDatabaseMetaData.java","119116","409996","529112"
"2015-10-05","TajoDatabaseMetaData.java","119159","413962","533121"
"2014-03-23","TajoDatabaseMetaData.java","49389","96735","146124"
"2015-07-20","TajoDatabaseMetaData.java","118419","373348","491767"
"2015-09-23","TajoDatabaseMetaData.java","123379","258976","382355"
"2015-10-05","TajoDatabaseMetaData.java","123662","263182","386844"
"2015-07-20","TajoDatabaseMetaData.java","83515","183161","266676"
"2015-04-02","MySQLStore.java","103083","315758","418841"
"2014-03-20","MySQLStore.java","56589","119914","176503"
"2014-10-28","TajoDatabaseMetaData.java","34706","38705","73411"
"2015-09-23","TajoDatabaseMetaData.java","148054","287650","435704"
"2015-10-05","TajoDatabaseMetaData.java","148245","291764","440009"
"2015-07-20","TajoDatabaseMetaData.java","110688","214333","325021"
"2015-04-02","MySQLStore.java","145043","294393","439436"
"2014-10-28","TajoDatabaseMetaData.java","36319","43985","80304"
"2014-10-05","TajoDatabaseMetaData.java","2017","5684","7701"
"2015-09-23","TajoDatabaseMetaData.java","146198","289461","435659"
"2015-10-05","TajoDatabaseMetaData.java","146374","293560","439934"
"2015-07-20","TajoDatabaseMetaData.java","109352","216664","326016"
"2014-10-28","TajoDatabaseMetaData.java","124390","232474","356864"
"2014-10-05","TajoDatabaseMetaData.java","116678","220763","337441"
"2014-09-04","TajoDatabaseMetaData.java","116468","216886","333354"
"2014-04-10","TajoDatabaseMetaData.java","2451","12939","15390"
"2014-05-07","TajoDatabaseMetaData.java","114388","132795","247183"
"2014-04-22","TajoDatabaseMetaData.java","112138","127031","239169"
"2015-09-23","TajoDatabaseMetaData.java","150362","394043","544405"
"2015-10-05","TajoDatabaseMetaData.java","150322","397926","548248"
"2014-03-23","TajoDatabaseMetaData.java","316","463","779"
"2015-07-20","TajoDatabaseMetaData.java","148435","356165","504600"
"2014-10-28","TajoDatabaseMetaData.java","129209","226805","356014"
"2014-10-05","TajoDatabaseMetaData.java","121159","214756","335915"
"2014-09-04","TajoDatabaseMetaData.java","120909","210839","331748"
"2014-05-07","TajoDatabaseMetaData.java","118661","126580","245241"
"2014-04-22","TajoDatabaseMetaData.java","116150","120555","236705"
"2015-09-23","TajoDatabaseMetaData.java","158642","391835","550477"
"2015-10-05","TajoDatabaseMetaData.java","158750","395866","554616"
"2015-07-20","TajoDatabaseMetaData.java","156647","353889","510536"
"2015-07-20","QueryInProgress.java","37375","95852","133227"
"2015-09-23","QueryInProgress.java","93770","189993","283763"
"2015-09-23","QueryInProgress.java","94247","190471","284718"
"2015-11-18","QueryInProgress.java","96361","198896","295257"
"2015-07-20","QueryInProgress.java","140321","359411","499732"
"2015-09-23","QueryInProgress.java","142007","398843","540850"
"2015-01-09","QueryInProgress.java","135503","289014","424517"
"2014-03-20","QueryInProgress.java","12952","26108","39060"
"2015-02-23","QueryInProgress.java","135746","290948","426694"
"2015-03-12","QueryInProgress.java","138505","299118","437623"
"2015-01-23","QueryInProgress.java","135537","288004","423541"
"2014-02-28","QueryInProgress.java","9042","9911","18953"
"2015-09-23","QueryInProgress.java","142021","398858","540879"
"2014-05-12","QueryInProgress.java","110981","144665","255646"
"2015-11-18","QueryInProgress.java","142164","405312","547476"
"2014-05-16","QueryInProgress.java","111014","147053","258067"
"2015-01-05","QueryInProgress.java","135492","289306","424798"
"2015-01-22","QueryInProgress.java","135537","287809","423346"
"2015-07-20","QueryInProgress.java","139722","359416","499138"
"2015-09-23","QueryInProgress.java","141408","398848","540256"
"2015-01-09","QueryInProgress.java","134904","289019","423923"
"2014-03-20","QueryInProgress.java","13372","27132","40504"
"2015-02-23","QueryInProgress.java","135147","290953","426100"
"2015-03-12","QueryInProgress.java","137906","299123","437029"
"2015-01-23","QueryInProgress.java","134938","288009","422947"
"2014-02-28","QueryInProgress.java","9491","10964","20455"
"2015-09-23","QueryInProgress.java","141422","398863","540285"
"2014-05-12","QueryInProgress.java","110439","144727","255166"
"2015-11-18","QueryInProgress.java","141565","405317","546882"
"2014-05-16","QueryInProgress.java","110470","147113","257583"
"2015-01-05","QueryInProgress.java","134893","289311","424204"
"2015-01-22","QueryInProgress.java","134938","287814","422752"
"2015-08-13","OracleStore.java","114648","219918","334566"
"2014-11-11","OracleStore.java","40175","49688","89863"
"2015-12-10","TestCompressionStorages.java","81487","424234","505721"
"2014-08-11","TestCompressionStorages.java","78948","214233","293181"
"2015-09-28","TestCompressionStorages.java","81428","418880","500308"
"2014-04-01","TestCompressionStorages.java","45941","141978","187919"
"2013-11-21","TestCompressionStorages.java","24622","67613","92235"
"2015-11-25","TestCompressionStorages.java","81486","421714","503200"
"2014-11-10","TestCompressionStorages.java","79220","284277","363497"
"2015-06-25","TestCompressionStorages.java","80398","377760","458158"
"2015-11-13","TestCompressionStorages.java","81464","421049","502513"
"2014-03-07","TestCompressionStorages.java","44513","127777","172290"
"2015-07-20","QueryInProgress.java","45894","112517","158411"
"2015-09-23","QueryInProgress.java","99755","204124","303879"
"2015-02-23","QueryInProgress.java","6149","8884","15033"
"2015-03-12","QueryInProgress.java","11396","19542","30938"
"2015-09-23","QueryInProgress.java","100280","204650","304930"
"2015-11-18","QueryInProgress.java","102326","213007","315333"
"2015-07-20","QueryInProgress.java","140487","358708","499195"
"2015-09-23","QueryInProgress.java","142322","398289","540611"
"2015-01-09","QueryInProgress.java","135460","288102","423562"
"2014-03-20","QueryInProgress.java","4851","17138","21989"
"2015-02-23","QueryInProgress.java","135704","290037","425741"
"2015-03-12","QueryInProgress.java","138480","298224","436704"
"2015-01-23","QueryInProgress.java","135495","287093","422588"
"2015-09-23","QueryInProgress.java","142336","398304","540640"
"2014-05-12","QueryInProgress.java","110688","143503","254191"
"2015-11-18","QueryInProgress.java","142500","404779","547279"
"2014-05-16","QueryInProgress.java","110721","145891","256612"
"2015-01-05","QueryInProgress.java","135448","288393","423841"
"2015-01-22","QueryInProgress.java","135495","286898","422393"
"2015-08-13","OracleStore.java","90765","186522","277287"
"2015-12-10","TestCompressionStorages.java","139963","347425","487388"
"2015-09-28","TestCompressionStorages.java","139170","341337","480507"
"2015-11-25","TestCompressionStorages.java","139833","344776","484609"
"2014-11-10","TestCompressionStorages.java","40672","110444","151116"
"2015-06-25","TestCompressionStorages.java","99250","261327","360577"
"2015-11-13","TestCompressionStorages.java","139706","344006","483712"
"2015-08-13","PostgreSQLStore.java","114239","219967","334206"
"2014-11-11","PostgreSQLStore.java","39847","49818","89665"
"2015-11-18","QueryInProgress.java","4131","10442","14573"
"2015-12-10","TestCompressionStorages.java","6128","11423","17551"
"2015-11-25","TestCompressionStorages.java","4823","7599","12422"
"2015-11-13","TestCompressionStorages.java","2597","4730","7327"
"2015-07-20","QueryInProgress.java","114782","371826","486608"
"2015-09-23","QueryInProgress.java","115937","410727","526664"
"2015-01-09","QueryInProgress.java","112775","304240","417015"
"2014-03-20","QueryInProgress.java","48379","99489","147868"
"2015-02-23","QueryInProgress.java","112790","305946","418736"
"2015-03-12","QueryInProgress.java","114737","313304","428041"
"2014-02-17","QueryInProgress.java","40412","78366","118778"
"2014-02-17","QueryInProgress.java","40130","77480","117610"
"2015-01-23","QueryInProgress.java","112789","303210","415999"
"2014-02-28","QueryInProgress.java","46981","85804","132785"
"2015-09-23","QueryInProgress.java","115943","410734","526677"
"2014-05-12","QueryInProgress.java","111690","183328","295018"
"2015-11-18","QueryInProgress.java","116060","417162","533222"
"2014-05-16","QueryInProgress.java","111690","185683","297373"
"2015-01-05","QueryInProgress.java","112773","304541","417314"
"2015-01-22","QueryInProgress.java","112789","303015","415804"
"2015-08-13","PostgreSQLStore.java","90765","186522","277287"
"2015-12-10","TestCompressionStorages.java","155466","402176","557642"
"2014-08-11","TestCompressionStorages.java","117689","156937","274626"
"2015-09-28","TestCompressionStorages.java","155054","396469","551523"
"2015-11-25","TestCompressionStorages.java","155424","399615","555039"
"2014-11-10","TestCompressionStorages.java","128165","237185","365350"
"2015-06-25","TestCompressionStorages.java","151867","353192","505059"
"2015-11-13","TestCompressionStorages.java","155388","398936","554324"
"2015-08-04","XMLCatalogSchemaManager.java","89878","183496","273374"
"2015-02-24","XMLCatalogSchemaManager.java","56560","78499","135059"
"2015-06-24","XMLCatalogSchemaManager.java","79600","165616","245216"
"2015-11-26","XMLCatalogSchemaManager.java","129713","259616","389329"
"2015-09-23","XMLCatalogSchemaManager.java","128372","251865","380237"
"2015-12-10","TestCompressionStorages.java","119243","418999","538242"
"2014-08-11","TestCompressionStorages.java","114429","206723","321152"
"2015-09-28","TestCompressionStorages.java","119119","413580","532699"
"2014-04-01","TestCompressionStorages.java","49586","102632","152218"
"2015-11-25","TestCompressionStorages.java","119242","416479","535721"
"2014-11-10","TestCompressionStorages.java","114843","276909","391752"
"2015-06-25","TestCompressionStorages.java","117850","372221","490071"
"2015-11-13","TestCompressionStorages.java","119210","415804","535014"
"2014-03-07","TestCompressionStorages.java","47508","87781","135289"
"2015-11-26","XMLCatalogSchemaManager.java","115554","151839","267393"
"2015-09-23","XMLCatalogSchemaManager.java","111769","141644","253413"
"2015-12-10","TestCompressionStorages.java","1368","3887","5255"
"2015-07-20","QueryInProgress.java","98074","283480","381554"
"2015-09-23","QueryInProgress.java","127555","350707","478262"
"2015-01-09","QueryInProgress.java","77293","197120","274413"
"2015-02-23","QueryInProgress.java","80147","201665","281812"
"2015-03-12","QueryInProgress.java","83715","210644","294359"
"2015-01-23","QueryInProgress.java","79483","198266","277749"
"2015-09-23","QueryInProgress.java","127621","350774","478395"
"2015-11-18","QueryInProgress.java","128225","357689","485914"
"2014-05-16","QueryInProgress.java","237","2592","2829"
"2015-01-05","QueryInProgress.java","72095","192225","264320"
"2015-01-22","QueryInProgress.java","79434","198022","277456"
"2015-12-10","TestCompressionStorages.java","129242","266932","396174"
"2015-09-28","TestCompressionStorages.java","127839","260234","388073"
"2015-11-25","TestCompressionStorages.java","128956","264127","393083"
"2015-06-25","TestCompressionStorages.java","79593","171898","251491"
"2015-11-13","TestCompressionStorages.java","128512","263040","391552"
"2015-12-10","TestCompressionStorages.java","128195","173580","301775"
"2015-09-28","TestCompressionStorages.java","124638","164728","289366"
"2015-11-25","TestCompressionStorages.java","127315","170181","297496"
"2015-11-13","TestCompressionStorages.java","126207","168430","294637"
"2015-12-10","TestCompressionStorages.java","3655","6817","10472"
"2015-11-25","TestCompressionStorages.java","2321","2964","5285"
"2015-08-04","XMLCatalogSchemaManager.java","49399","121078","170477"
"2015-06-24","XMLCatalogSchemaManager.java","31069","95146","126215"
"2015-11-26","XMLCatalogSchemaManager.java","99007","206971","305978"
"2015-09-23","XMLCatalogSchemaManager.java","96444","197998","294442"
"2015-12-10","TestCompressionStorages.java","146472","405955","552427"
"2014-08-11","TestCompressionStorages.java","115355","167376","282731"
"2015-09-28","TestCompressionStorages.java","146267","400455","546722"
"2014-04-01","TestCompressionStorages.java","5588","18361","23949"
"2015-11-25","TestCompressionStorages.java","146437","403401","549838"
"2014-11-10","TestCompressionStorages.java","124386","246179","370565"
"2015-06-25","TestCompressionStorages.java","144208","358306","502514"
"2015-11-13","TestCompressionStorages.java","146401","402722","549123"
"2015-06-02","TestDelimitedTextFile.java","78672","159409","238081"
"2015-11-03","TestDelimitedTextFile.java","130542","256821","387363"
"2015-11-25","TestDelimitedTextFile.java","131008","258505","389513"
"2015-09-17","TestDelimitedTextFile.java","129307","248156","377463"
"2014-12-12","TestDelimitedTextFile.java","31079","43203","74282"
"2015-07-22","TestDelimitedTextFile.java","88815","174609","263424"
"2015-07-20","QueryInProgress.java","99110","282161","381271"
"2015-09-23","QueryInProgress.java","128870","349667","478537"
"2015-01-09","QueryInProgress.java","78249","195721","273970"
"2015-02-23","QueryInProgress.java","81105","200268","281373"
"2015-03-12","QueryInProgress.java","84686","209260","293946"
"2015-01-23","QueryInProgress.java","80439","196867","277306"
"2015-09-23","QueryInProgress.java","128953","349751","478704"
"2015-11-18","QueryInProgress.java","129571","356680","486251"
"2015-01-05","QueryInProgress.java","72557","190332","262889"
"2015-01-22","QueryInProgress.java","80390","196623","277013"
"2015-11-03","TestDelimitedTextFile.java","126224","171766","297990"
"2015-11-25","TestDelimitedTextFile.java","127730","174490","302220"
"2015-09-17","TestDelimitedTextFile.java","123779","161891","285670"
"2015-07-22","TestDelimitedTextFile.java","21827","26884","48711"
"2015-07-20","QueryInProgress.java","58411","123687","182098"
"2015-09-23","QueryInProgress.java","110873","213895","324768"
"2015-01-09","QueryInProgress.java","12488","12185","24673"
"2015-02-23","QueryInProgress.java","21008","22396","43404"
"2015-03-12","QueryInProgress.java","26080","32879","58959"
"2015-01-23","QueryInProgress.java","15560","14213","29773"
"2015-09-23","QueryInProgress.java","111317","214340","325657"
"2015-11-18","QueryInProgress.java","113319","222653","335972"
"2015-01-22","QueryInProgress.java","15361","13819","29180"
"2015-11-25","TestDelimitedTextFile.java","2802","4020","6822"
"2015-07-20","QueryInProgress.java","46031","112849","158880"
"2015-09-23","QueryInProgress.java","99864","204428","304292"
"2015-02-23","QueryInProgress.java","6351","9281","15632"
"2015-03-12","QueryInProgress.java","11591","19932","31523"
"2015-01-23","QueryInProgress.java","210","405","615"
"2015-09-23","QueryInProgress.java","100387","204952","305339"
"2015-11-18","QueryInProgress.java","102432","213308","315740"
"2015-11-03","TestDelimitedTextFile.java","4337","11767","16104"
"2015-11-25","TestDelimitedTextFile.java","7041","15689","22730"
"2015-01-23","QueryManager.java","79976","308974","388950"
"2015-01-08","QueryManager.java","79969","310125","390094"
"2015-07-29","QueryManager.java","81370","380010","461380"
"2015-01-09","QueryManager.java","79969","310379","390348"
"2014-11-21","QueryManager.java","79777","290506","370283"
"2015-03-12","QueryManager.java","80959","318103","399062"
"2015-07-20","QueryManager.java","80948","376569","457517"
"2015-01-09","QueryManager.java","79969","310011","389980"
"2014-05-16","QueryManager.java","79275","191845","271120"
"2015-07-24","QueryManager.java","81370","379859","461229"
"2015-08-03","QueryManager.java","81449","383415","464864"
"2015-02-14","QueryManager.java","79971","311288","391259"
"2014-05-12","QueryManager.java","79275","189490","268765"
"2013-10-25","QueryManager.java","21922","60499","82421"
"2015-01-08","QueryManager.java","79969","310290","390259"
"2013-09-03","QueryManager.java","2448","2377","4825"
"2015-01-05","QueryManager.java","79968","310313","390281"
"2015-07-29","QueryManager.java","51532","121174","172706"
"2015-03-12","QueryManager.java","11396","19542","30938"
"2015-07-20","QueryManager.java","45894","112517","158411"
"2015-07-24","QueryManager.java","51412","120903","172315"
"2015-08-03","QueryManager.java","54293","127261","181554"
"2015-02-14","QueryManager.java","5980","8299","14279"
"2015-01-23","QueryManager.java","3930","2772","6702"
"2015-07-29","QueryManager.java","54506","122990","177496"
"2015-01-09","QueryManager.java","1255","1509","2764"
"2015-03-12","QueryManager.java","15066","22054","37120"
"2015-07-20","QueryManager.java","48900","114365","163265"
"2015-01-09","QueryManager.java","179","65","244"
"2015-07-24","QueryManager.java","54396","122729","177125"
"2015-08-03","QueryManager.java","57265","129075","186340"
"2015-02-14","QueryManager.java","9821","10982","20803"
"2015-08-03","QueryManager.java","3482","6808","10290"
"2015-08-04","XMLCatalogSchemaManager.java","28739","36341","65080"
"2015-11-26","XMLCatalogSchemaManager.java","128794","172681","301475"
"2015-09-23","XMLCatalogSchemaManager.java","125706","163183","288889"
"2015-01-23","QueryManager.java","2688","1276","3964"
"2015-07-29","QueryManager.java","53767","121997","175764"
"2015-03-12","QueryManager.java","13893","20627","34520"
"2015-07-20","QueryManager.java","48154","113365","161519"
"2015-07-24","QueryManager.java","53659","121738","175397"
"2015-08-03","QueryManager.java","56527","128083","184610"
"2015-02-14","QueryManager.java","8608","9515","18123"
"2015-01-23","QueryManager.java","51403","69672","121075"
"2015-01-08","QueryManager.java","48972","68399","117371"
"2015-07-29","QueryManager.java","88598","176509","265107"
"2015-01-09","QueryManager.java","49346","69027","118373"
"2015-03-12","QueryManager.java","60789","87204","147993"
"2015-07-20","QueryManager.java","85045","169937","254982"
"2015-01-09","QueryManager.java","48982","68295","117277"
"2015-07-24","QueryManager.java","88506","176266","264772"
"2015-08-03","QueryManager.java","89447","180684","270131"
"2015-02-14","QueryManager.java","56257","76845","133102"
"2015-01-08","QueryManager.java","41456","61048","102504"
"2015-01-05","QueryManager.java","41022","60638","101660"
"2015-06-02","TestDelimitedTextFile.java","54154","122767","176921"
"2015-11-03","TestDelimitedTextFile.java","114970","229125","344095"
"2015-11-25","TestDelimitedTextFile.java","116258","231631","347889"
"2015-09-17","TestDelimitedTextFile.java","113443","220168","333611"
"2015-07-22","TestDelimitedTextFile.java","65123","138793","203916"
"2015-07-29","QueryManager.java","43155","104651","147806"
"2015-07-20","QueryManager.java","37375","95852","133227"
"2015-07-24","QueryManager.java","43006","104351","147357"
"2015-08-03","QueryManager.java","45945","110767","156712"
"2015-11-03","TestDelimitedTextFile.java","116091","156576","272667"
"2015-11-25","TestDelimitedTextFile.java","117676","159379","277055"
"2015-09-17","TestDelimitedTextFile.java","112999","146054","259053"
"2015-07-29","QueryManager.java","7552","10571","18123"
"2015-07-24","QueryManager.java","7383","10251","17634"
"2015-08-03","QueryManager.java","10872","17217","28089"
"2015-01-23","QueryManager.java","3793","2749","6542"
"2015-07-29","QueryManager.java","54377","122975","177352"
"2015-03-12","QueryManager.java","14929","22031","36960"
"2015-07-20","QueryManager.java","48771","114350","163121"
"2015-07-24","QueryManager.java","54267","122714","176981"
"2015-08-03","QueryManager.java","57136","129060","186196"
"2015-02-14","QueryManager.java","9684","10959","20643"
"2015-01-23","QueryManager.java","80439","196867","277306"
"2015-01-08","QueryManager.java","78239","195825","274064"
"2015-07-29","QueryManager.java","101112","287182","388294"
"2015-01-09","QueryManager.java","78590","196430","275020"
"2014-11-21","QueryManager.java","45874","144033","189907"
"2015-03-12","QueryManager.java","84686","209260","293946"
"2015-07-20","QueryManager.java","99110","282161","381271"
"2015-01-09","QueryManager.java","78249","195721","273970"
"2015-07-24","QueryManager.java","101105","287024","388129"
"2015-08-03","QueryManager.java","101787","291183","392970"
"2015-02-14","QueryManager.java","81025","199772","280797"
"2015-01-08","QueryManager.java","72874","190625","263499"
"2015-01-05","QueryManager.java","72557","190332","262889"
"2015-07-29","QueryManager.java","193","344","537"
"2015-08-03","QueryManager.java","3610","7087","10697"
"2015-05-19","TestFileSystems.java","75395","152684","228079"
"2015-06-25","TestFileSystems.java","79086","165079","244165"
"2015-06-02","TestFileSystems.java","77666","159765","237431"
"2014-12-12","TestFileSystems.java","30172","43507","73679"
"2014-10-28","TajoDatabaseMetaData.java","40367","130044","170411"
"2014-10-05","TajoDatabaseMetaData.java","12662","98340","111002"
"2014-09-04","TajoDatabaseMetaData.java","11213","93224","104437"
"2015-09-23","TajoDatabaseMetaData.java","126037","351311","477348"
"2015-10-05","TajoDatabaseMetaData.java","126197","355394","481591"
"2015-07-20","TajoDatabaseMetaData.java","98885","288208","387093"
"2015-06-25","TestFileSystems.java","11050","19754","30804"
"2015-06-02","TestFileSystems.java","6893","11703","18596"
"2015-11-26","XMLCatalogSchemaManager.java","5749","12159","17908"
"2015-06-25","TestFileSystems.java","4342","8236","12578"
"2014-10-28","TajoDatabaseMetaData.java","43545","136736","180281"
"2014-10-05","TajoDatabaseMetaData.java","16938","106130","123068"
"2014-09-04","TajoDatabaseMetaData.java","15535","101060","116595"
"2014-05-07","TajoDatabaseMetaData.java","4940","8454","13394"
"2015-09-23","TajoDatabaseMetaData.java","126722","355510","482232"
"2015-10-05","TajoDatabaseMetaData.java","126877","359588","486465"
"2015-07-20","TajoDatabaseMetaData.java","100772","293609","394381"
"2015-05-19","TestFileSystems.java","51242","115196","166438"
"2015-06-25","TestFileSystems.java","56229","128887","185116"
"2015-06-02","TestFileSystems.java","54160","122924","177084"
"2014-04-10","TestFileTablespace.java","61921","161024","222945"
"2015-06-24","TestFileTablespace.java","83566","379726","463292"
"2015-06-02","TestFileTablespace.java","83566","375934","459500"
"2015-02-02","TestFileTablespace.java","82709","311364","394073"
"2013-08-12","TestFileTablespace.java","16923","10169","27092"
"2014-12-12","TestFileTablespace.java","82600","306204","388804"
"2015-09-10","TestFileTablespace.java","84322","396814","481136"
"2015-09-17","TestFileTablespace.java","84545","415025","499570"
"2015-12-10","TestFileTablespace.java","84587","426234","510821"
"2015-06-24","TestFileTablespace.java","155271","352328","507599"
"2015-06-02","TestFileTablespace.java","154930","348195","503125"
"2015-02-02","TestFileTablespace.java","149184","278736","427920"
"2014-12-12","TestFileTablespace.java","148650","273151","421801"
"2015-09-10","TestFileTablespace.java","157965","371354","529319"
"2015-09-17","TestFileTablespace.java","158379","389756","548135"
"2015-12-10","TestFileTablespace.java","158897","401441","560338"
"2015-10-05","TajoDatabaseMetaData.java","1424","5347","6771"
"2015-09-10","TestFileTablespace.java","122176","138508","260684"
"2015-09-17","TestFileTablespace.java","123914","158234","282148"
"2015-12-10","TestFileTablespace.java","128951","174438","303389"
"2015-09-24","CatalogTestingUtil.java","2838","23598","26436"
"2015-11-06","CatalogTestingUtil.java","5237","27955","33192"
"2015-09-16","CatalogTestingUtil.java","7624","12662","20286"
"2015-09-24","CatalogTestingUtil.java","10321","36119","46440"
"2015-11-06","CatalogTestingUtil.java","12617","40373","52990"
"2015-07-29","QueryManager.java","46290","113613","159903"
"2015-03-12","QueryManager.java","5469","11296","16765"
"2015-07-20","QueryManager.java","40578","104882","145460"
"2015-07-24","QueryManager.java","46155","113327","159482"
"2015-08-03","QueryManager.java","49060","119709","168769"
"2015-09-16","CatalogTestingUtil.java","11172","17439","28611"
"2015-09-03","CatalogTestingUtil.java","3578","4807","8385"
"2015-09-24","CatalogTestingUtil.java","13791","40818","54609"
"2015-11-06","CatalogTestingUtil.java","16066","45051","61117"
"2015-06-24","TestFileTablespace.java","3889","7681","11570"
"2015-09-10","TestFileTablespace.java","122144","142268","264412"
"2015-09-17","TestFileTablespace.java","123779","161891","285670"
"2015-12-10","TestFileTablespace.java","128561","177840","306401"
"2015-01-23","QueryManager.java","79483","198266","277749"
"2015-01-08","QueryManager.java","77283","197224","274507"
"2015-07-29","QueryManager.java","100019","288444","388463"
"2015-01-09","QueryManager.java","77634","197829","275463"
"2014-11-21","QueryManager.java","45587","146101","191688"
"2015-03-12","QueryManager.java","83715","210644","294359"
"2015-07-20","QueryManager.java","98074","283480","381554"
"2015-01-09","QueryManager.java","77293","197120","274413"
"2014-05-16","QueryManager.java","237","2592","2829"
"2015-07-24","QueryManager.java","100012","288286","388298"
"2015-08-03","QueryManager.java","100693","292444","393137"
"2015-02-14","QueryManager.java","80067","201169","281236"
"2015-01-08","QueryManager.java","72395","192501","264896"
"2015-01-05","QueryManager.java","72095","192225","264320"
"2015-06-24","TestFileTablespace.java","36995","104500","141495"
"2015-06-02","TestFileTablespace.java","34655","98368","133023"
"2015-09-10","TestFileTablespace.java","97760","181597","279357"
"2015-09-17","TestFileTablespace.java","98989","200814","299803"
"2015-12-10","TestFileTablespace.java","102786","215778","318564"
"2014-04-10","TestFileTablespace.java","50138","155995","206133"
"2015-06-24","TestFileTablespace.java","75285","378199","453484"
"2015-06-02","TestFileTablespace.java","75285","374407","449692"
"2015-02-02","TestFileTablespace.java","74398","309807","384205"
"2014-12-12","TestFileTablespace.java","74289","304647","378936"
"2015-09-10","TestFileTablespace.java","76075","395321","471396"
"2015-09-17","TestFileTablespace.java","76299","413533","489832"
"2015-12-10","TestFileTablespace.java","76363","424764","501127"
"2014-10-28","TajoDatabaseMetaData.java","124447","232384","356831"
"2014-10-05","TajoDatabaseMetaData.java","116742","220680","337422"
"2014-09-04","TajoDatabaseMetaData.java","116532","216803","333335"
"2014-04-10","TajoDatabaseMetaData.java","2185","12526","14711"
"2014-05-07","TajoDatabaseMetaData.java","114452","132712","247164"
"2014-04-22","TajoDatabaseMetaData.java","112198","126944","239142"
"2015-09-23","TajoDatabaseMetaData.java","150344","393878","544222"
"2015-10-05","TajoDatabaseMetaData.java","150441","397898","548339"
"2015-07-20","TajoDatabaseMetaData.java","148503","356086","504589"
"2015-11-06","CatalogTestingUtil.java","2644","4602","7246"
"2015-01-23","QueryManager.java","112789","303210","415999"
"2015-01-08","QueryManager.java","112775","304354","417129"
"2015-07-29","QueryManager.java","115267","375330","490597"
"2015-01-09","QueryManager.java","112776","304609","417385"
"2014-11-21","QueryManager.java","112577","284729","397306"
"2015-03-12","QueryManager.java","114737","313304","428041"
"2015-07-20","QueryManager.java","114782","371826","486608"
"2015-01-09","QueryManager.java","112775","304240","417015"
"2014-05-16","QueryManager.java","111690","185683","297373"
"2015-07-24","QueryManager.java","115267","375179","490446"
"2015-08-03","QueryManager.java","115347","378736","494083"
"2015-02-14","QueryManager.java","112786","305526","418312"
"2014-05-12","QueryManager.java","111690","183328","295018"
"2015-01-08","QueryManager.java","112775","304519","417294"
"2015-01-05","QueryManager.java","112773","304541","417314"
"2015-06-24","TestFileTablespace.java","56224","128780","185004"
"2015-06-02","TestFileTablespace.java","54160","122924","177084"
"2015-02-02","TestFileTablespace.java","21606","26657","48263"
"2015-09-10","TestFileTablespace.java","112267","201155","313422"
"2015-09-17","TestFileTablespace.java","113411","220287","333698"
"2015-12-10","TestFileTablespace.java","116806","234849","351655"
"2015-01-23","QueryManager.java","15194","13871","29065"
"2015-07-29","QueryManager.java","63542","131861","195403"
"2015-01-09","QueryManager.java","12525","12614","25139"
"2015-03-12","QueryManager.java","25722","32545","58267"
"2015-07-20","QueryManager.java","58096","123396","181492"
"2015-01-09","QueryManager.java","12122","11843","23965"
"2015-07-24","QueryManager.java","63435","131603","195038"
"2015-08-03","QueryManager.java","66283","137928","204211"
"2015-02-14","QueryManager.java","20514","21510","42024"
"2015-09-17","TestFileTablespace.java","2968","20956","23924"
"2015-12-10","TestFileTablespace.java","10795","39950","50745"
"2015-12-10","TestFileTablespace.java","8193","19360","27553"
"2015-01-06","TestXMLCatalogSchemaManager.java","41348","61884","103232"
"2013-12-03","TestCatalog.java","47331","95236","142567"
"2013-09-30","TestCatalog.java","33282","45994","79276"
"2015-07-30","TestCatalog.java","84059","384589","468648"
"2014-04-14","TestCatalog.java","61921","162669","224590"
"2014-10-17","TestCatalog.java","82548","281757","364305"
"2014-03-20","TestCatalog.java","61564","150556","212120"
"2014-12-30","TestCatalog.java","82703","312427","395130"
"2014-11-25","TestCatalog.java","82590","292667","375257"
"2014-05-07","TestCatalog.java","82117","188494","270611"
"2015-03-13","TestCatalog.java","82779","315961","398740"
"2015-08-13","TestCatalog.java","84208","389145","473353"
"2014-03-26","TestCatalog.java","61614","151470","213084"
"2014-02-06","TestCatalog.java","59840","133453","193293"
"2014-01-20","TestCatalog.java","50514","119658","170172"
"2014-01-26","TestCatalog.java","51142","121647","172789"
"2014-10-15","TestCatalog.java","82548","281343","363891"
"2013-10-04","TestCatalog.java","34003","53379","87382"
"2015-09-24","TestCatalog.java","84547","420612","505159"
"2014-01-22","TestCatalog.java","50555","120303","170858"
"2013-09-27","TestCatalog.java","32461","44668","77129"
"2014-08-11","TestCatalog.java","82338","217588","299926"
"2014-01-26","TestCatalog.java","51164","121407","172571"
"2014-02-20","TestCatalog.java","60749","138539","199288"
"2015-03-27","TestCatalog.java","83604","321973","405577"
"2015-09-16","TestCatalog.java","84372","399677","484049"
"2014-04-11","TestCatalog.java","61921","161638","223559"
"2014-04-16","TestCatalog.java","62056","163147","225203"
"2015-07-30","TestCatalog.java","122474","375099","497573"
"2014-04-14","TestCatalog.java","51202","104045","155247"
"2014-10-17","TestCatalog.java","118678","269982","388660"
"2014-03-20","TestCatalog.java","50390","91477","141867"
"2014-12-30","TestCatalog.java","119109","300928","420037"
"2014-11-25","TestCatalog.java","118901","281073","399974"
"2014-05-07","TestCatalog.java","117694","176166","293860"
"2015-03-13","TestCatalog.java","119474","304751","424225"
"2015-08-13","TestCatalog.java","122667","379699","502366"
"2014-03-26","TestCatalog.java","50473","92424","142897"
"2014-02-06","TestCatalog.java","39504","65212","104716"
"2014-01-20","TestCatalog.java","17965","39204","57169"
"2014-01-26","TestCatalog.java","19290","41890","61180"
"2014-10-15","TestCatalog.java","118678","269568","388246"
"2015-09-24","TestCatalog.java","123105","411265","534370"
"2014-01-22","TestCatalog.java","18173","40016","58189"
"2014-08-11","TestCatalog.java","118386","205731","324117"
"2014-01-26","TestCatalog.java","20869","43207","64076"
"2014-02-20","TestCatalog.java","41926","71811","113737"
"2015-03-27","TestCatalog.java","121657","312121","433778"
"2015-09-16","TestCatalog.java","122909","390309","513218"
"2014-04-11","TestCatalog.java","51191","103003","154194"
"2014-04-16","TestCatalog.java","51376","104562","155938"
"2013-12-03","TestCatalog.java","22820","58013","80833"
"2015-07-30","TestCatalog.java","93843","381661","475504"
"2014-04-14","TestCatalog.java","52000","140036","192036"
"2014-10-17","TestCatalog.java","91999","278496","370495"
"2014-03-20","TestCatalog.java","51396","127676","179072"
"2014-12-30","TestCatalog.java","92261","309273","401534"
"2014-11-25","TestCatalog.java","92070","289435","381505"
"2014-05-07","TestCatalog.java","91341","185006","276347"
"2015-03-13","TestCatalog.java","92392","312862","405254"
"2015-08-13","TestCatalog.java","93974","386199","480173"
"2014-03-26","TestCatalog.java","51468","128612","180080"
"2014-02-06","TestCatalog.java","44872","105773","150645"
"2014-01-20","TestCatalog.java","31394","87826","119220"
"2014-01-26","TestCatalog.java","32443","90236","122679"
"2014-10-15","TestCatalog.java","91999","278082","370081"
"2013-10-04","TestCatalog.java","882","7546","8428"
"2015-09-24","TestCatalog.java","94327","417680","512007"
"2014-01-22","TestCatalog.java","31471","88507","119978"
"2014-08-11","TestCatalog.java","91758","214296","306054"
"2014-01-26","TestCatalog.java","32542","90073","122615"
"2014-02-20","TestCatalog.java","46390","111468","157858"
"2015-03-27","TestCatalog.java","93280","318937","412217"
"2015-09-16","TestCatalog.java","94147","396740","490887"
"2014-04-11","TestCatalog.java","51993","138998","190991"
"2014-04-16","TestCatalog.java","52169","140548","192717"
"2015-08-13","TestCatalog.java","4268","8675","12943"
"2015-09-24","TestCatalog.java","111830","147365","259195"
"2015-09-16","TestCatalog.java","109666","124441","234107"
"2015-07-30","TestCatalog.java","157670","357452","515122"
"2014-10-17","TestCatalog.java","122102","220563","342665"
"2014-12-30","TestCatalog.java","149862","278838","428700"
"2014-11-25","TestCatalog.java","133159","242488","375647"
"2014-05-07","TestCatalog.java","118973","124602","243575"
"2015-03-13","TestCatalog.java","150897","283331","434228"
"2015-08-13","TestCatalog.java","158333","362522","520855"
"2014-10-15","TestCatalog.java","122102","220149","342251"
"2015-09-24","TestCatalog.java","159537","394854","554391"
"2014-08-11","TestCatalog.java","121134","155636","276770"
"2015-03-27","TestCatalog.java","153492","291113","444605"
"2015-09-16","TestCatalog.java","159193","373750","532943"
"2014-04-16","TestCatalog.java","909","1252","2161"
"2015-01-23","QueryManager.java","79763","308832","388595"
"2015-01-08","QueryManager.java","79756","309983","389739"
"2015-07-29","QueryManager.java","81161","379872","461033"
"2015-01-09","QueryManager.java","79756","310237","389993"
"2014-11-21","QueryManager.java","79564","290364","369928"
"2015-03-12","QueryManager.java","80748","317963","398711"
"2015-07-20","QueryManager.java","80739","376431","457170"
"2015-01-09","QueryManager.java","79756","309869","389625"
"2014-05-16","QueryManager.java","79061","191702","270763"
"2015-07-24","QueryManager.java","81161","379721","460882"
"2015-08-03","QueryManager.java","81240","383277","464517"
"2015-02-14","QueryManager.java","79758","311146","390904"
"2014-05-12","QueryManager.java","79061","189347","268408"
"2013-10-25","QueryManager.java","20084","58732","78816"
"2015-01-08","QueryManager.java","79756","310148","389904"
"2015-01-05","QueryManager.java","79755","310171","389926"
"2015-07-30","TestCatalog.java","113056","214377","327433"
"2014-12-30","TestCatalog.java","72504","103019","175523"
"2014-11-25","TestCatalog.java","40889","51757","92646"
"2015-03-13","TestCatalog.java","84744","118717","203461"
"2015-08-13","TestCatalog.java","114239","219967","334206"
"2015-09-24","TestCatalog.java","149401","286257","435658"
"2015-03-27","TestCatalog.java","88157","127317","215474"
"2015-09-16","TestCatalog.java","148722","264818","413540"
"2015-07-30","TestCatalog.java","148637","360175","508812"
"2014-04-14","TestCatalog.java","2519","14275","16794"
"2014-10-17","TestCatalog.java","117170","227387","344557"
"2014-12-30","TestCatalog.java","141417","282149","423566"
"2014-11-25","TestCatalog.java","127525","248610","376135"
"2014-05-07","TestCatalog.java","114338","131723","246061"
"2015-03-13","TestCatalog.java","142394","286584","428978"
"2015-08-13","TestCatalog.java","149312","365257","514569"
"2014-03-26","TestCatalog.java","378","1242","1620"
"2014-10-15","TestCatalog.java","117170","226973","344143"
"2015-09-24","TestCatalog.java","150253","397326","547579"
"2014-08-11","TestCatalog.java","116292","162550","278842"
"2015-03-27","TestCatalog.java","144946","294323","439269"
"2015-09-16","TestCatalog.java","150042","376355","526397"
"2014-04-11","TestCatalog.java","2467","13192","15659"
"2014-04-16","TestCatalog.java","3144","15243","18387"
"2015-01-23","QueryManager.java","15560","14213","29773"
"2015-01-08","QueryManager.java","12466","12277","24743"
"2015-07-29","QueryManager.java","63856","132151","196007"
"2015-01-09","QueryManager.java","12891","12956","25847"
"2015-03-12","QueryManager.java","26080","32879","58959"
"2015-07-20","QueryManager.java","58411","123687","182098"
"2015-01-09","QueryManager.java","12488","12185","24673"
"2015-07-24","QueryManager.java","63749","131893","195642"
"2015-08-03","QueryManager.java","66597","138218","204815"
"2015-02-14","QueryManager.java","20873","21845","42718"
"2015-01-08","QueryManager.java","477","453","930"
"2015-07-20","NodeEvent.java","142109","358708","500817"
"2015-09-17","TestLineReader.java","127317","253840","381157"
"2014-12-10","TestLineReader.java","7451","16021","23472"
"2015-06-25","TestLineReader.java","79593","171898","251491"
"2015-08-17","TestLineReader.java","121070","224153","345223"
"2015-04-07","TestLineReader.java","63231","103724","166955"
"2014-12-01","TestLineReader.java","4085","11290","15375"
"2015-07-30","TestCatalog.java","66729","137535","204264"
"2015-03-13","TestCatalog.java","23199","26657","49856"
"2015-08-13","TestCatalog.java","68433","143646","212079"
"2015-09-24","TestCatalog.java","111626","217967","329593"
"2015-03-27","TestCatalog.java","26822","35467","62289"
"2015-09-16","TestCatalog.java","110570","196151","306721"
"2015-09-23","TajoDatabaseMetaData.java","114590","150541","265131"
"2015-10-05","TajoDatabaseMetaData.java","115553","155427","270980"
"2015-07-20","NodeLivelinessMonitor.java","142109","358708","500817"
"2015-09-17","TestLineReader.java","127858","245811","373669"
"2015-06-25","TestLineReader.java","78180","161915","240095"
"2015-08-17","TestLineReader.java","121572","216085","337657"
"2015-04-07","TestLineReader.java","61507","93430","154937"
"2015-09-17","TestLineReader.java","123084","157302","280386"
"2015-08-17","TestLineReader.java","113272","124050","237322"
"2015-07-20","NodeReconnectEvent.java","142109","358708","500817"
"2015-09-17","TestLineReader.java","22117","45557","67674"
"2015-07-30","TestCatalog.java","89294","179747","269041"
"2014-12-30","TestCatalog.java","40392","60039","100431"
"2015-03-13","TestCatalog.java","57439","80544","137983"
"2015-08-13","TestCatalog.java","90608","185468","276076"
"2015-09-24","TestCatalog.java","128352","254340","382692"
"2015-03-27","TestCatalog.java","60950","89242","150192"
"2015-09-16","TestCatalog.java","127466","232694","360160"
"2015-07-20","NodeState.java","142109","358708","500817"
"2015-09-17","TestLineReader.java","94416","180446","274862"
"2015-06-25","TestLineReader.java","26622","78434","105056"
"2015-08-17","TestLineReader.java","85801","148391","234192"
"2015-09-17","TestLineReader.java","128932","248250","377182"
"2014-12-10","TestLineReader.java","3417","4782","8199"
"2015-06-25","TestLineReader.java","79771","164871","244642"
"2015-08-17","TestLineReader.java","122664","218542","341206"
"2015-04-07","TestLineReader.java","63189","96477","159666"
"2015-07-20","TajoResourceTracker.java","142109","358708","500817"
"2015-04-10","TajoResourceTracker.java","140329","306888","447217"
"2015-07-20","TajoResourceTracker.java","35377","85417","120794"
"2013-09-13","TestMergeScanner.java","29230","37699","66929"
"2015-09-28","TestMergeScanner.java","84555","420907","505462"
"2015-11-25","TestMergeScanner.java","84587","423715","508302"
"2015-06-25","TestMergeScanner.java","83566","379828","463394"
"2013-10-27","TestMergeScanner.java","43599","80820","124419"
"2013-11-30","TestMergeScanner.java","47322","91544","138866"
"2015-05-11","TestMergeScanner.java","83578","335331","418909"
"2015-06-02","TestMergeScanner.java","83566","375934","459500"
"2015-07-22","TestMergeScanner.java","83983","381677","465660"
"2015-07-30","TestCatalog.java","100056","294209","394265"
"2014-10-17","TestCatalog.java","13839","106671","120510"
"2014-12-30","TestCatalog.java","71507","194854","266361"
"2014-11-25","TestCatalog.java","45542","149242","194784"
"2015-03-13","TestCatalog.java","80559","207364","287923"
"2015-08-13","TestCatalog.java","101046","299606","400652"
"2014-10-15","TestCatalog.java","13839","106257","120096"
"2015-09-24","TestCatalog.java","126007","355695","481702"
"2014-08-11","TestCatalog.java","10383","39256","49639"
"2015-03-27","TestCatalog.java","83654","215646","299300"
"2015-09-16","TestCatalog.java","125533","334461","459994"
"2015-09-28","TestMergeScanner.java","90707","418590","509297"
"2015-11-25","TestMergeScanner.java","90765","421424","512189"
"2015-06-25","TestMergeScanner.java","89662","377455","467117"
"2013-10-27","TestMergeScanner.java","22946","51698","74644"
"2013-11-30","TestMergeScanner.java","27408","63161","90569"
"2015-05-11","TestMergeScanner.java","89674","332958","422632"
"2015-06-02","TestMergeScanner.java","89662","373561","463223"
"2015-07-22","TestMergeScanner.java","90097","379322","469419"
"2015-07-30","TestCatalog.java","48365","115713","164078"
"2015-08-13","TestCatalog.java","50297","122052","172349"
"2015-09-24","TestCatalog.java","96218","199101","295319"
"2015-03-27","TestCatalog.java","4645","9832","14477"
"2015-09-16","TestCatalog.java","95092","177215","272307"
"2015-11-25","TestMergeScanner.java","4823","7599","12422"
"2015-09-03","TajoPreparedStatement.java","120346","135450","255796"
"2015-06-23","TajoPreparedStatement.java","117884","371246","489130"
"2014-09-11","TajoPreparedStatement.java","114590","262376","376966"
"2015-03-29","TajoPreparedStatement.java","117707","314502","432209"
"2015-09-03","TajoPreparedStatement.java","118860","387326","506186"
"2015-06-23","TajoPreparedStatement.java","103436","209012","312448"
"2015-03-29","TajoPreparedStatement.java","88648","137657","226305"
"2015-09-03","TajoPreparedStatement.java","141637","262317","403954"
"2015-06-23","TajoPreparedStatement.java","27694","84261","111955"
"2015-09-03","TajoPreparedStatement.java","90522","162193","252715"
"2015-09-28","TestMergeScanner.java","124638","164728","289366"
"2015-11-25","TestMergeScanner.java","127315","170181","297496"
"2015-07-22","TestMergeScanner.java","19985","21417","41402"
"2015-09-28","TestMergeScanner.java","114747","413878","528625"
"2015-11-25","TestMergeScanner.java","114869","416776","531645"
"2015-06-25","TestMergeScanner.java","113463","372504","485967"
"2013-11-30","TestMergeScanner.java","7929","14930","22859"
"2015-05-11","TestMergeScanner.java","113448","327980","441428"
"2015-06-02","TestMergeScanner.java","113453","368600","482053"
"2015-07-22","TestMergeScanner.java","114034","374507","488541"
"2015-09-24","TestCatalog.java","109517","140645","250162"
"2015-09-16","TestCatalog.java","107209","117577","224786"
"2015-07-30","TestCatalog.java","149199","359873","509072"
"2014-04-14","TestCatalog.java","2235","13127","15362"
"2014-10-17","TestCatalog.java","117703","227056","344759"
"2014-12-30","TestCatalog.java","141962","281830","423792"
"2014-11-25","TestCatalog.java","128069","248290","376359"
"2014-05-07","TestCatalog.java","114802","131323","246125"
"2015-03-13","TestCatalog.java","142942","286268","429210"
"2015-08-13","TestCatalog.java","149790","364871","514661"
"2014-10-15","TestCatalog.java","117703","226642","344345"
"2015-09-24","TestCatalog.java","150871","397080","547951"
"2014-08-11","TestCatalog.java","116823","162217","279040"
"2015-03-27","TestCatalog.java","145496","294009","439505"
"2015-09-16","TestCatalog.java","150522","375971","526493"
"2014-04-11","TestCatalog.java","2183","12044","14227"
"2014-04-16","TestCatalog.java","2876","14111","16987"
"2015-09-28","TestMergeScanner.java","119593","411723","531316"
"2015-11-25","TestMergeScanner.java","119716","414622","534338"
"2015-06-25","TestMergeScanner.java","118324","370364","488688"
"2015-05-11","TestMergeScanner.java","118318","325849","444167"
"2015-06-02","TestMergeScanner.java","118323","366469","484792"
"2015-07-22","TestMergeScanner.java","118859","372331","491190"
"2015-09-28","TestMergeScanner.java","91890","176489","268379"
"2015-11-25","TestMergeScanner.java","94401","181776","276177"
"2015-06-25","TestMergeScanner.java","19696","64205","83901"
"2015-06-02","TestMergeScanner.java","16343","56958","73301"
"2015-07-22","TestMergeScanner.java","33487","79428","112915"
"2015-09-28","TestMergeScanner.java","125124","169108","294232"
"2015-11-25","TestMergeScanner.java","127730","174490","302220"
"2015-06-25","TestMergeScanner.java","4342","8236","12578"
"2015-07-22","TestMergeScanner.java","22769","28095","50864"
"2015-06-23","TajoStatement.java","117884","371246","489130"
"2014-10-28","TajoStatement.java","114853","270136","384989"
"2015-09-03","TajoStatement.java","118860","387326","506186"
"2014-03-04","TajoStatement.java","47714","85635","133349"
"2015-07-20","TajoStatement.java","118419","373348","491767"
"2015-07-24","TajoStatement.java","118423","374454","492877"
"2014-09-11","TajoStatement.java","114590","262376","376966"
"2014-12-03","TajoStatement.java","114960","284809","399769"
"2015-04-05","TajoStatement.java","117731","315004","432735"
"2015-09-03","TajoStatement.java","120346","135450","255796"
"2015-07-20","TajoStatement.java","20646","22213","42859"
"2015-07-24","TajoStatement.java","25148","27817","52965"
"2015-09-28","TestMergeScanner.java","113982","152640","266622"
"2015-11-25","TestMergeScanner.java","116986","158420","275406"
"2015-03-11","TestSplitProcessor.java","58383","88135","146518"
"2015-06-23","TajoStatement.java","76294","174373","250667"
"2015-09-03","TajoStatement.java","117913","231096","349009"
"2015-07-20","TajoStatement.java","83515","183161","266676"
"2015-07-24","TajoStatement.java","85246","185994","271240"
"2014-12-03","TajoStatement.java","9615","24181","33796"
"2015-04-05","TajoStatement.java","60175","102165","162340"
"2015-07-20","TajoRMContext.java","142109","358708","500817"
"2014-09-20","TajoRMContext.java","114181","226435","340616"
"2015-07-30","TestCatalog.java","138903","365820","504723"
"2014-04-14","TestCatalog.java","16365","43500","59865"
"2014-10-17","TestCatalog.java","111393","236989","348382"
"2014-03-20","TestCatalog.java","14525","29904","44429"
"2014-12-30","TestCatalog.java","133649","289760","423409"
"2014-11-25","TestCatalog.java","120149","256613","376762"
"2014-05-07","TestCatalog.java","109556","142320","251876"
"2015-03-13","TestCatalog.java","134224","293793","428017"
"2015-08-13","TestCatalog.java","139168","370492","509660"
"2014-03-26","TestCatalog.java","14674","30917","45591"
"2014-10-15","TestCatalog.java","111393","236575","347968"
"2015-09-24","TestCatalog.java","139926","402378","542304"
"2014-08-11","TestCatalog.java","110856","172493","283349"
"2014-02-20","TestCatalog.java","4036","8213","12249"
"2015-03-27","TestCatalog.java","136516","301272","437788"
"2015-09-16","TestCatalog.java","139622","381314","520936"
"2014-04-11","TestCatalog.java","16320","42424","58744"
"2014-04-16","TestCatalog.java","16941","44419","61360"
"2015-07-20","TajoRMContext.java","108303","212648","320951"
"2015-07-30","TestCatalog.java","135808","367194","503002"
"2014-04-14","TestCatalog.java","39223","70827","110050"
"2014-10-17","TestCatalog.java","129084","259149","388233"
"2014-03-20","TestCatalog.java","37644","57492","95136"
"2014-12-30","TestCatalog.java","130872","291452","422324"
"2014-11-25","TestCatalog.java","130630","271563","402193"
"2014-05-07","TestCatalog.java","127505","164738","292243"
"2015-03-13","TestCatalog.java","131446","295484","426930"
"2015-08-13","TestCatalog.java","136043","371836","507879"
"2014-03-26","TestCatalog.java","37787","58499","96286"
"2014-02-06","TestCatalog.java","24742","29211","53953"
"2014-01-26","TestCatalog.java","2140","3501","5641"
"2014-10-15","TestCatalog.java","129084","258735","387819"
"2015-09-24","TestCatalog.java","136690","403611","540301"
"2014-01-22","TestCatalog.java","439","1043","1482"
"2014-08-11","TestCatalog.java","128633","194739","323372"
"2014-01-26","TestCatalog.java","4190","5289","9479"
"2014-02-20","TestCatalog.java","27981","36627","64608"
"2015-03-27","TestCatalog.java","133627","302852","436479"
"2015-09-16","TestCatalog.java","136465","382626","519091"
"2014-04-11","TestCatalog.java","39183","69756","108939"
"2014-04-16","TestCatalog.java","39748","71695","111443"
"2014-07-15","TestStorages.java","82121","210354","292475"
"2013-09-04","TestStorages.java","28139","28743","56882"
"2015-12-04","TestStorages.java","84587","425682","510269"
"2015-09-17","TestStorages.java","84545","415025","499570"
"2014-12-22","TestStorages.java","82703","307125","389828"
"2015-09-03","TestStorages.java","84320","394076","478396"
"2015-09-16","TestStorages.java","84377","410628","495005"
"2014-03-27","TestStorages.java","61638","153553","215191"
"2015-06-25","TestStorages.java","83566","379828","463394"
"2014-12-12","TestStorages.java","82600","306204","388804"
"2013-11-22","TestStorages.java","46290","88237","134527"
"2015-09-10","TestStorages.java","84322","396814","481136"
"2015-09-28","TestStorages.java","84555","420907","505462"
"2014-04-16","TestStorages.java","62022","163920","225942"
"2015-06-02","TestStorages.java","83566","375934","459500"
"2015-05-11","TestStorages.java","83578","335331","418909"
"2013-10-04","TestStorages.java","34003","53379","87382"
"2014-11-28","TestStorages.java","82592","293704","376296"
"2013-08-29","TestStorages.java","26006","25388","51394"
"2013-11-21","TestStorages.java","46290","88181","134471"
"2015-11-25","TestStorages.java","84587","423715","508302"
"2014-03-07","TestStorages.java","60890","143054","203944"
"2014-01-30","TestStorages.java","59630","130542","190172"
"2014-04-01","TestStorages.java","61876","156813","218689"
"2014-08-11","TestStorages.java","82324","216509","298833"
"2014-10-08","TestStorages.java","82390","278265","360655"
"2014-11-12","TestStorages.java","82577","291771","374348"
"2015-06-24","TestStorages.java","83566","379726","463292"
"2015-05-06","TestStorages.java","83576","334342","417918"
"2015-05-14","TestStorages.java","83580","335453","419033"
"2015-10-08","TestStorages.java","84567","421414","505981"
"2015-10-08","TestStorages.java","84567","421557","506124"
"2015-12-04","TestStorages.java","136574","349436","486010"
"2015-09-17","TestStorages.java","135585","337832","473417"
"2014-12-22","TestStorages.java","66697","162886","229583"
"2015-09-03","TestStorages.java","131149","312672","443821"
"2015-09-16","TestStorages.java","135330","333348","468678"
"2015-06-25","TestStorages.java","97154","265183","362337"
"2014-12-12","TestStorages.java","63454","158825","222279"
"2015-09-10","TestStorages.java","135057","319316","454373"
"2015-09-28","TestStorages.java","135791","343910","479701"
"2015-06-02","TestStorages.java","96238","260373","356611"
"2015-05-11","TestStorages.java","87597","211117","298714"
"2014-11-28","TestStorages.java","44228","127107","171335"
"2015-11-25","TestStorages.java","136454","347349","483803"
"2014-08-11","TestStorages.java","1812","7764","9576"
"2014-10-08","TestStorages.java","5848","73490","79338"
"2014-11-12","TestStorages.java","41835","122796","164631"
"2015-06-24","TestStorages.java","97152","265079","362231"
"2015-05-06","TestStorages.java","87492","210025","297517"
"2015-05-14","TestStorages.java","87718","211358","299076"
"2015-10-08","TestStorages.java","135907","344521","480428"
"2015-10-08","TestStorages.java","135907","344664","480571"
"2014-07-15","TestStorages.java","80294","207923","288217"
"2015-12-04","TestStorages.java","83057","423548","506605"
"2015-09-17","TestStorages.java","82986","412862","495848"
"2014-12-22","TestStorages.java","80989","304807","385796"
"2015-09-03","TestStorages.java","82755","391907","474662"
"2015-09-16","TestStorages.java","82818","408465","491283"
"2014-03-27","TestStorages.java","46610","137921","184531"
"2015-06-25","TestStorages.java","81960","377618","459578"
"2014-12-12","TestStorages.java","80804","303804","384608"
"2013-11-22","TestStorages.java","24867","66210","91077"
"2015-09-10","TestStorages.java","82757","394645","477402"
"2015-09-28","TestStorages.java","82998","418746","501744"
"2014-04-16","TestStorages.java","47181","148475","195656"
"2015-06-02","TestStorages.java","81960","373724","455684"
"2015-05-11","TestStorages.java","81972","333121","415093"
"2013-10-04","TestStorages.java","9847","28619","38466"
"2014-11-28","TestStorages.java","80801","291309","372110"
"2013-11-21","TestStorages.java","24860","66147","91007"
"2015-11-25","TestStorages.java","83056","421580","504636"
"2014-03-07","TestStorages.java","45404","126964","172368"
"2014-01-30","TestStorages.java","43198","113506","156704"
"2014-04-01","TestStorages.java","46890","141223","188113"
"2014-08-11","TestStorages.java","80510","214091","294601"
"2014-10-08","TestStorages.java","80588","275859","356447"
"2014-11-12","TestStorages.java","80782","289372","370154"
"2015-06-24","TestStorages.java","81960","377516","459476"
"2015-05-06","TestStorages.java","81970","332132","414102"
"2015-05-14","TestStorages.java","81974","333243","415217"
"2015-10-08","TestStorages.java","83007","419250","502257"
"2015-10-08","TestStorages.java","83007","419393","502400"
"2015-07-30","TestCatalog.java","137002","367027","504029"
"2014-04-14","TestCatalog.java","37676","67919","105595"
"2014-10-17","TestCatalog.java","129704","258408","388112"
"2014-03-20","TestCatalog.java","36053","54540","90593"
"2014-12-30","TestCatalog.java","132024","291243","423267"
"2014-11-25","TestCatalog.java","131782","271354","403136"
"2014-05-07","TestCatalog.java","128039","163911","291950"
"2015-03-13","TestCatalog.java","132605","295282","427887"
"2015-08-13","TestCatalog.java","137237","371669","508906"
"2014-03-26","TestCatalog.java","36206","55557","91763"
"2014-02-06","TestCatalog.java","22835","25943","48778"
"2014-10-15","TestCatalog.java","129704","257994","387698"
"2015-09-24","TestCatalog.java","137880","403440","541320"
"2014-08-11","TestCatalog.java","129222","193967","323189"
"2014-02-20","TestCatalog.java","26200","33485","59685"
"2015-03-27","TestCatalog.java","134803","302667","437470"
"2015-09-16","TestCatalog.java","137656","382456","520112"
"2014-04-11","TestCatalog.java","37631","66843","104474"
"2014-04-16","TestCatalog.java","38201","68787","106988"
"2015-07-30","TestCatalog.java","112698","214433","327131"
"2014-10-17","TestCatalog.java","2","416","418"
"2014-12-30","TestCatalog.java","72201","103130","175331"
"2014-11-25","TestCatalog.java","40586","51868","92454"
"2015-03-13","TestCatalog.java","84387","118774","203161"
"2015-08-13","TestCatalog.java","113876","220018","333894"
"2015-09-24","TestCatalog.java","149032","286302","435334"
"2015-03-27","TestCatalog.java","87800","127374","215174"
"2015-09-16","TestCatalog.java","148353","264863","413216"
"2015-06-23","TajoStatement.java","143322","358763","502085"
"2014-10-28","TajoStatement.java","122526","239888","362414"
"2015-09-03","TajoStatement.java","144907","375452","520359"
"2015-07-20","TajoStatement.java","144067","361075","505142"
"2015-07-24","TajoStatement.java","144071","362181","506252"
"2014-09-11","TajoStatement.java","115246","225111","340357"
"2014-12-03","TajoStatement.java","125666","257594","383260"
"2015-04-05","TajoStatement.java","141663","301015","442678"
"2015-12-04","TestStorages.java","7747","18362","26109"
"2015-09-28","TestStorages.java","2492","8364","10856"
"2015-11-25","TestStorages.java","7041","15689","22730"
"2015-10-08","TestStorages.java","3159","9526","12685"
"2015-10-08","TestStorages.java","3189","9699","12888"
"2015-12-04","TestStorages.java","115103","231776","346879"
"2015-09-17","TestStorages.java","111927","217985","329912"
"2015-09-03","TestStorages.java","108385","193719","302104"
"2015-09-16","TestStorages.java","111637","213466","325103"
"2015-06-25","TestStorages.java","54120","125960","180080"
"2015-09-10","TestStorages.java","110768","198838","309606"
"2015-09-28","TestStorages.java","112692","224622","337314"
"2015-06-02","TestStorages.java","51949","119895","171844"
"2015-05-11","TestStorages.java","37059","64390","101449"
"2015-11-25","TestStorages.java","114785","229491","344276"
"2015-06-24","TestStorages.java","54148","125886","180034"
"2015-05-06","TestStorages.java","36468","62812","99280"
"2015-05-14","TestStorages.java","37633","65084","102717"
"2015-10-08","TestStorages.java","112897","225322","338219"
"2015-10-08","TestStorages.java","112925","225493","338418"
"2013-12-02","WorkerResource.java","27883","74247","102130"
"2015-05-28","WorkerResource.java","80949","373896","454845"
"2013-09-12","WorkerResource.java","3859","10273","14132"
"2013-10-25","WorkerResource.java","21922","60499","82421"
"2015-12-04","TestStorages.java","15994","47333","63327"
"2015-09-17","TestStorages.java","8704","29428","38132"
"2015-09-16","TestStorages.java","8025","24520","32545"
"2015-09-10","TestStorages.java","5871","8607","14478"
"2015-09-28","TestStorages.java","10938","37534","48472"
"2015-11-25","TestStorages.java","15319","44691","60010"
"2015-10-08","TestStorages.java","11541","38632","50173"
"2015-10-08","TestStorages.java","11569","38803","50372"
"2013-12-03","TestCatalog.java","23495","52024","75519"
"2015-07-30","TestCatalog.java","97848","379002","476850"
"2014-04-14","TestCatalog.java","52977","134349","187326"
"2014-10-17","TestCatalog.java","96000","275833","371833"
"2014-03-20","TestCatalog.java","52377","121993","174370"
"2014-12-30","TestCatalog.java","96262","306610","402872"
"2014-11-25","TestCatalog.java","96071","286772","382843"
"2014-05-07","TestCatalog.java","95293","182294","277587"
"2015-03-13","TestCatalog.java","96397","310203","406600"
"2015-08-13","TestCatalog.java","97979","383540","481519"
"2014-03-26","TestCatalog.java","52450","122930","175380"
"2014-02-06","TestCatalog.java","45768","100005","145773"
"2014-01-20","TestCatalog.java","32217","81985","114202"
"2014-01-26","TestCatalog.java","33284","84413","117697"
"2014-10-15","TestCatalog.java","96000","275419","371419"
"2015-09-24","TestCatalog.java","98336","415025","513361"
"2014-01-22","TestCatalog.java","32294","82666","114960"
"2014-08-11","TestCatalog.java","95754","211628","307382"
"2014-01-26","TestCatalog.java","33383","84250","117633"
"2014-02-20","TestCatalog.java","47315","105729","153044"
"2015-03-27","TestCatalog.java","97285","316278","413563"
"2015-09-16","TestCatalog.java","98152","394081","492233"
"2014-04-11","TestCatalog.java","52970","133311","186281"
"2014-04-16","TestCatalog.java","53148","134863","188011"
"2015-05-28","WorkerResource.java","119778","366361","486139"
"2015-12-04","TestStorages.java","8332","23176","31508"
"2015-09-17","TestStorages.java","686","4915","5601"
"2015-09-28","TestStorages.java","3110","13211","16321"
"2015-11-25","TestStorages.java","7626","20503","28129"
"2015-10-08","TestStorages.java","3769","14365","18134"
"2015-10-08","TestStorages.java","3799","14538","18337"
"2015-07-30","TestCatalog.java","136408","367190","503598"
"2014-04-14","TestCatalog.java","39004","70004","109008"
"2014-10-17","TestCatalog.java","129113","258574","387687"
"2014-03-20","TestCatalog.java","37419","56663","94082"
"2014-12-30","TestCatalog.java","131433","291409","422842"
"2014-11-25","TestCatalog.java","131191","271520","402711"
"2014-05-07","TestCatalog.java","127484","164113","291597"
"2015-03-13","TestCatalog.java","132013","295447","427460"
"2015-08-13","TestCatalog.java","136643","371832","508475"
"2014-03-26","TestCatalog.java","37562","57670","95232"
"2014-02-06","TestCatalog.java","24362","28227","52589"
"2014-01-26","TestCatalog.java","1703","2460","4163"
"2014-10-15","TestCatalog.java","129113","258160","387273"
"2015-09-24","TestCatalog.java","137287","403604","540891"
"2014-08-11","TestCatalog.java","128633","194135","322768"
"2014-01-26","TestCatalog.java","3782","4277","8059"
"2014-02-20","TestCatalog.java","27654","35696","63350"
"2015-03-27","TestCatalog.java","134211","302832","437043"
"2015-09-16","TestCatalog.java","137062","382619","519681"
"2014-04-11","TestCatalog.java","38960","68929","107889"
"2014-04-16","TestCatalog.java","39529","70872","110401"
"2013-12-02","WorkerResource.java","27495","67445","94940"
"2015-05-28","WorkerResource.java","86926","373459","460385"
"2013-10-25","WorkerResource.java","21275","53438","74713"
"2015-09-03","TajoStatement.java","108828","122365","231193"
"2015-07-24","TajoStatement.java","4645","5747","10392"
"2013-12-03","TestCatalog.java","23777","59475","83252"
"2013-09-30","TestCatalog.java","1533","2038","3571"
"2015-07-30","TestCatalog.java","93405","381728","475133"
"2014-04-14","TestCatalog.java","52595","141136","193731"
"2014-10-17","TestCatalog.java","91562","278564","370126"
"2014-03-20","TestCatalog.java","52004","128789","180793"
"2014-12-30","TestCatalog.java","91824","309341","401165"
"2014-11-25","TestCatalog.java","91633","289503","381136"
"2014-05-07","TestCatalog.java","90905","185075","275980"
"2015-03-13","TestCatalog.java","91955","312930","404885"
"2015-08-13","TestCatalog.java","93536","386266","479802"
"2014-03-26","TestCatalog.java","52075","129724","181799"
"2014-02-06","TestCatalog.java","45494","106900","152394"
"2014-01-20","TestCatalog.java","32119","89056","121175"
"2014-01-26","TestCatalog.java","33078","91376","124454"
"2014-10-15","TestCatalog.java","91562","278150","369712"
"2013-10-04","TestCatalog.java","2397","9566","11963"
"2015-09-24","TestCatalog.java","93888","417746","511634"
"2014-01-22","TestCatalog.java","32199","89740","121939"
"2014-08-11","TestCatalog.java","91323","214366","305689"
"2014-01-26","TestCatalog.java","33184","91220","124404"
"2014-02-20","TestCatalog.java","47007","112590","159597"
"2015-03-27","TestCatalog.java","92843","319005","411848"
"2015-09-16","TestCatalog.java","93708","396806","490514"
"2014-04-11","TestCatalog.java","52588","140098","192686"
"2014-04-16","TestCatalog.java","52762","141646","194408"
"2015-09-03","TajoStatement.java","105707","118142","223849"
"2014-07-15","TestStorages.java","115937","152255","268192"
"2015-12-04","TestStorages.java","153299","402479","555778"
"2015-09-17","TestStorages.java","152827","391392","544219"
"2014-12-22","TestStorages.java","143917","276424","420341"
"2015-09-03","TestStorages.java","152434","370275","522709"
"2015-09-16","TestStorages.java","152584","386920","539504"
"2015-06-25","TestStorages.java","149919","354266","504185"
"2014-12-12","TestStorages.java","143723","275412","419135"
"2015-09-10","TestStorages.java","152437","373014","525451"
"2015-09-28","TestStorages.java","152927","397364","550291"
"2014-04-16","TestStorages.java","2845","12828","15673"
"2015-06-02","TestStorages.java","149580","350033","499613"
"2015-05-11","TestStorages.java","149446","309284","458730"
"2014-11-28","TestStorages.java","129260","248457","377717"
"2015-11-25","TestStorages.java","153264","400477","553741"
"2014-04-01","TestStorages.java","701","3723","4424"
"2014-08-11","TestStorages.java","116847","159117","275964"
"2014-10-08","TestStorages.java","117525","221485","339010"
"2014-11-12","TestStorages.java","127726","245005","372731"
"2015-06-24","TestStorages.java","149919","354164","504083"
"2015-05-06","TestStorages.java","149401","308252","457653"
"2015-05-14","TestStorages.java","149474","309432","458906"
"2015-10-08","TestStorages.java","152974","397906","550880"
"2015-10-08","TestStorages.java","152974","398049","551023"
"2015-12-04","TestStorages.java","127844","172677","300521"
"2015-09-17","TestStorages.java","123084","157302","280386"
"2015-09-03","TestStorages.java","118579","132073","250652"
"2015-09-16","TestStorages.java","122573","152562","275135"
"2015-09-10","TestStorages.java","121307","137537","258844"
"2015-09-28","TestStorages.java","124638","164728","289366"
"2015-11-25","TestStorages.java","127315","170181","297496"
"2015-10-08","TestStorages.java","124924","165509","290433"
"2015-10-08","TestStorages.java","124952","165680","290632"
"2015-12-04","TestStorages.java","116533","234024","350557"
"2015-09-17","TestStorages.java","113411","220287","333698"
"2014-12-22","TestStorages.java","4610","5428","10038"
"2015-09-03","TestStorages.java","109887","196039","305926"
"2015-09-16","TestStorages.java","113122","215769","328891"
"2015-06-25","TestStorages.java","56229","128887","185116"
"2015-09-10","TestStorages.java","112267","201155","313422"
"2015-09-28","TestStorages.java","114154","226902","341056"
"2015-06-02","TestStorages.java","54160","122924","177084"
"2015-05-11","TestStorages.java","39567","67716","107283"
"2015-11-25","TestStorages.java","116215","231739","347954"
"2015-06-24","TestStorages.java","56224","128780","185004"
"2015-05-06","TestStorages.java","38991","66153","105144"
"2015-05-14","TestStorages.java","39886","68155","108041"
"2015-10-08","TestStorages.java","114357","227600","341957"
"2015-10-08","TestStorages.java","114385","227771","342156"
"2015-07-30","TestCatalog.java","106242","271522","377764"
"2014-10-17","TestCatalog.java","4401","68360","72761"
"2014-12-30","TestCatalog.java","70933","165407","236340"
"2014-11-25","TestCatalog.java","41797","116624","158421"
"2015-03-13","TestCatalog.java","81311","179243","260554"
"2015-08-13","TestCatalog.java","107276","276963","384239"
"2014-10-15","TestCatalog.java","4399","67944","72343"
"2015-09-24","TestCatalog.java","139346","340161","479507"
"2015-03-27","TestCatalog.java","84529","187648","272177"
"2015-09-16","TestCatalog.java","138818","318873","457691"
"2014-07-15","TestStorages.java","114009","200295","314304"
"2015-12-04","TestStorages.java","119269","418417","537686"
"2015-09-17","TestStorages.java","119102","407635","526737"
"2014-12-22","TestStorages.java","115145","297620","412765"
"2015-09-03","TestStorages.java","118861","386670","505531"
"2015-09-16","TestStorages.java","118932","403236","522168"
"2014-03-27","TestStorages.java","49255","99223","148478"
"2015-06-25","TestStorages.java","117876","372191","490067"
"2014-12-12","TestStorages.java","114956","296613","411569"
"2015-09-10","TestStorages.java","118866","389411","508277"
"2015-09-28","TestStorages.java","119145","413550","532695"
"2014-04-16","TestStorages.java","50143","110094","160237"
"2015-06-02","TestStorages.java","117875","368296","486171"
"2015-05-11","TestStorages.java","117870","327676","445546"
"2014-11-28","TestStorages.java","114942","284107","399049"
"2015-11-25","TestStorages.java","119268","416449","535717"
"2014-03-07","TestStorages.java","47518","87735","135253"
"2014-01-30","TestStorages.java","39023","67988","107011"
"2014-04-01","TestStorages.java","49596","102586","152182"
"2014-08-11","TestStorages.java","114451","206689","321140"
"2014-10-08","TestStorages.java","114580","268508","383088"
"2014-11-12","TestStorages.java","114897","282144","397041"
"2015-06-24","TestStorages.java","117876","372089","489965"
"2015-05-06","TestStorages.java","117863","326682","444545"
"2015-05-14","TestStorages.java","117889","327815","445704"
"2015-10-08","TestStorages.java","119155","414055","533210"
"2015-10-08","TestStorages.java","119155","414198","533353"
"2015-07-30","TestCatalog.java","136302","366589","502891"
"2014-04-14","TestCatalog.java","36350","66855","103205"
"2014-10-17","TestCatalog.java","128768","257734","386502"
"2014-03-20","TestCatalog.java","34723","53472","88195"
"2014-12-30","TestCatalog.java","131137","290618","421755"
"2014-11-25","TestCatalog.java","130877","270711","401588"
"2014-05-07","TestCatalog.java","127074","163208","290282"
"2015-03-13","TestCatalog.java","131718","294657","426375"
"2015-08-13","TestCatalog.java","136570","371264","507834"
"2014-03-26","TestCatalog.java","34867","54480","89347"
"2014-02-06","TestCatalog.java","20681","24051","44732"
"2014-10-15","TestCatalog.java","128768","257320","386088"
"2015-09-24","TestCatalog.java","137277","403099","540376"
"2014-08-11","TestCatalog.java","128280","193287","321567"
"2014-02-20","TestCatalog.java","24469","32016","56485"
"2015-03-27","TestCatalog.java","134003","302129","436132"
"2015-09-16","TestCatalog.java","137024","382086","519110"
"2014-04-11","TestCatalog.java","36305","65779","102084"
"2014-04-16","TestCatalog.java","36877","67725","104602"
"2015-12-04","TestStorages.java","10359","38962","49321"
"2015-09-17","TestStorages.java","2968","20956","23924"
"2015-09-16","TestStorages.java","2284","16043","18327"
"2015-09-28","TestStorages.java","5270","29130","34400"
"2015-11-25","TestStorages.java","9676","36312","45988"
"2015-10-08","TestStorages.java","5875","30230","36105"
"2015-10-08","TestStorages.java","5905","30403","36308"
"2015-07-30","TestCatalog.java","142467","365207","507674"
"2014-04-14","TestCatalog.java","13635","36593","50228"
"2014-10-17","TestCatalog.java","114276","235695","349971"
"2014-03-20","TestCatalog.java","11637","22839","34476"
"2014-12-30","TestCatalog.java","136696","288630","425326"
"2014-11-25","TestCatalog.java","123130","255417","378547"
"2014-05-07","TestCatalog.java","111951","140538","252489"
"2015-03-13","TestCatalog.java","137414","292806","430220"
"2015-08-13","TestCatalog.java","142815","369962","512777"
"2014-03-26","TestCatalog.java","11871","23937","35808"
"2014-10-15","TestCatalog.java","114276","235281","349557"
"2015-09-24","TestCatalog.java","143585","401860","545445"
"2014-08-11","TestCatalog.java","113686","171146","284832"
"2015-03-27","TestCatalog.java","139917","300496","440413"
"2015-09-16","TestCatalog.java","143287","380802","524089"
"2014-04-11","TestCatalog.java","13589","35516","49105"
"2014-04-16","TestCatalog.java","14200","37501","51701"
"2015-06-23","TajoStatement.java","103436","209012","312448"
"2014-10-28","TajoStatement.java","36316","43813","80129"
"2015-09-03","TajoStatement.java","141637","262317","403954"
"2015-07-20","TajoStatement.java","109386","216529","325915"
"2015-07-24","TajoStatement.java","110261","218506","328767"
"2014-12-03","TajoStatement.java","44802","66865","111667"
"2015-04-05","TajoStatement.java","90103","139590","229693"
"2015-12-04","TestStorages.java","5647","10390","16037"
"2015-11-25","TestStorages.java","4823","7599","12422"
"2015-10-08","TestStorages.java","783","1278","2061"
"2015-10-08","TestStorages.java","827","1465","2292"
"2014-07-15","TestStorages.java","119547","145882","265429"
"2015-12-04","TestStorages.java","160743","399940","560683"
"2015-09-17","TestStorages.java","160198","388780","548978"
"2014-12-22","TestStorages.java","150371","272895","423266"
"2015-09-03","TestStorages.java","159775","367633","527408"
"2015-09-16","TestStorages.java","159955","384308","544263"
"2015-06-25","TestStorages.java","156926","351290","508216"
"2014-12-12","TestStorages.java","150175","271881","422056"
"2015-09-10","TestStorages.java","159778","370372","530150"
"2015-09-28","TestStorages.java","160303","394757","555060"
"2015-06-02","TestStorages.java","156584","347054","503638"
"2015-05-11","TestStorages.java","156449","306304","462753"
"2014-11-28","TestStorages.java","133983","243197","377180"
"2015-11-25","TestStorages.java","160703","397933","558636"
"2014-08-11","TestStorages.java","120518","152805","273323"
"2014-10-08","TestStorages.java","121315","215292","336607"
"2014-11-12","TestStorages.java","132421","239717","372138"
"2015-06-24","TestStorages.java","156926","351188","508114"
"2015-05-06","TestStorages.java","156404","305272","461676"
"2015-05-14","TestStorages.java","156478","306453","462931"
"2015-10-08","TestStorages.java","160379","395328","555707"
"2015-10-08","TestStorages.java","160379","395471","555850"
"2015-12-04","TestStorages.java","128230","176957","305187"
"2015-09-17","TestStorages.java","123779","161891","285670"
"2015-09-03","TestStorages.java","119466","136854","256320"
"2015-09-16","TestStorages.java","123408","157291","280699"
"2015-06-25","TestStorages.java","4342","8236","12578"
"2015-09-10","TestStorages.java","122144","142268","264412"
"2015-09-28","TestStorages.java","125124","169108","294232"
"2015-11-25","TestStorages.java","127730","174490","302220"
"2015-06-24","TestStorages.java","3889","7681","11570"
"2015-10-08","TestStorages.java","125402","169881","295283"
"2015-10-08","TestStorages.java","125430","170052","295482"
"2015-12-04","TestStorages.java","94864","184206","279070"
"2015-09-17","TestStorages.java","90655","169382","260037"
"2015-09-03","TestStorages.java","86454","144457","230911"
"2015-09-16","TestStorages.java","90342","164840","255182"
"2015-06-25","TestStorages.java","19696","64205","83901"
"2015-09-10","TestStorages.java","89129","149868","238997"
"2015-09-28","TestStorages.java","91890","176489","268379"
"2015-06-02","TestStorages.java","16343","56958","73301"
"2015-11-25","TestStorages.java","94401","181776","276177"
"2015-06-24","TestStorages.java","19373","63780","83153"
"2015-05-14","TestStorages.java","865","985","1850"
"2015-10-08","TestStorages.java","92157","177251","269408"
"2015-10-08","TestStorages.java","92185","177422","269607"
"2013-12-02","WorkerResource.java","10324","18111","28435"
"2015-05-28","WorkerResource.java","114771","369141","483912"
"2014-07-15","TestStorages.java","95339","204196","299535"
"2015-12-04","TestStorages.java","98424","420143","518567"
"2015-09-17","TestStorages.java","98330","409434","507764"
"2014-12-22","TestStorages.java","96262","301308","397570"
"2015-09-03","TestStorages.java","98092","388472","486564"
"2015-09-16","TestStorages.java","98160","405035","503195"
"2014-03-27","TestStorages.java","52488","125027","177515"
"2015-06-25","TestStorages.java","97270","374156","471426"
"2014-12-12","TestStorages.java","96077","300305","396382"
"2013-11-22","TestStorages.java","21687","44258","65945"
"2015-09-10","TestStorages.java","98094","391210","489304"
"2015-09-28","TestStorages.java","98345","415321","513666"
"2014-04-16","TestStorages.java","53193","135715","188908"
"2015-06-02","TestStorages.java","97270","370262","467532"
"2015-05-11","TestStorages.java","97282","329659","426941"
"2014-11-28","TestStorages.java","96073","287809","383882"
"2013-11-21","TestStorages.java","21678","44193","65871"
"2015-11-25","TestStorages.java","98423","418175","516598"
"2014-03-07","TestStorages.java","51172","113960","165132"
"2014-01-30","TestStorages.java","45495","97031","142526"
"2014-04-01","TestStorages.java","52799","128360","181159"
"2014-08-11","TestStorages.java","95732","210541","306273"
"2014-10-08","TestStorages.java","95822","272321","368143"
"2014-11-12","TestStorages.java","96039","285857","381896"
"2015-06-24","TestStorages.java","97270","374054","471324"
"2015-05-06","TestStorages.java","97269","328659","425928"
"2015-05-14","TestStorages.java","97284","329781","427065"
"2015-10-08","TestStorages.java","98356","415827","514183"
"2015-10-08","TestStorages.java","98356","415970","514326"
"2015-07-20","QuerySchedulingInfo.java","99110","282161","381271"
"2015-12-04","TestStorages.java","130849","260832","391681"
"2015-09-17","TestStorages.java","128885","248253","377138"
"2014-12-22","TestStorages.java","35190","48500","83690"
"2015-09-03","TestStorages.java","123788","222432","346220"
"2015-09-16","TestStorages.java","128571","243710","372281"
"2015-06-25","TestStorages.java","79724","164874","244598"
"2014-12-12","TestStorages.java","30784","43276","74060"
"2015-09-10","TestStorages.java","127729","229109","356838"
"2015-09-28","TestStorages.java","129437","254677","384114"
"2015-06-02","TestStorages.java","78309","159565","237874"
"2015-05-11","TestStorages.java","67681","108322","176003"
"2015-11-25","TestStorages.java","130586","258602","389188"
"2015-06-24","TestStorages.java","79721","164769","244490"
"2015-05-06","TestStorages.java","67352","107006","174358"
"2015-05-14","TestStorages.java","67870","108631","176501"
"2015-10-08","TestStorages.java","129619","255354","384973"
"2015-10-08","TestStorages.java","129619","255497","385116"
"2014-07-15","TestStorages.java","79274","208125","287399"
"2013-09-04","TestStorages.java","2793","4015","6808"
"2015-12-04","TestStorages.java","82028","423741","505769"
"2015-09-17","TestStorages.java","81958","413056","495014"
"2014-12-22","TestStorages.java","79969","305009","384978"
"2015-09-03","TestStorages.java","81731","392105","473836"
"2015-09-16","TestStorages.java","81790","408659","490449"
"2014-03-27","TestStorages.java","46789","139322","186111"
"2015-06-25","TestStorages.java","80939","377819","458758"
"2014-12-12","TestStorages.java","79784","304006","383790"
"2013-11-22","TestStorages.java","26475","69040","95515"
"2015-09-10","TestStorages.java","81733","394843","476576"
"2015-09-28","TestStorages.java","81969","418939","500908"
"2014-04-16","TestStorages.java","47321","149837","197158"
"2015-06-02","TestStorages.java","80939","373925","454864"
"2015-05-11","TestStorages.java","80951","333322","414273"
"2013-10-04","TestStorages.java","11907","31901","43808"
"2014-11-28","TestStorages.java","79781","291511","371292"
"2013-11-21","TestStorages.java","26470","68979","95449"
"2015-11-25","TestStorages.java","82027","421773","503800"
"2014-03-07","TestStorages.java","45669","128451","174120"
"2014-01-30","TestStorages.java","43689","115219","158908"
"2014-04-01","TestStorages.java","47074","142629","189703"
"2014-08-11","TestStorages.java","79490","214293","293783"
"2014-10-08","TestStorages.java","79568","276061","355629"
"2014-11-12","TestStorages.java","79762","289574","369336"
"2015-06-24","TestStorages.java","80939","377717","458656"
"2015-05-06","TestStorages.java","80949","332333","413282"
"2015-05-14","TestStorages.java","80953","333444","414397"
"2015-10-08","TestStorages.java","81978","419443","501421"
"2015-10-08","TestStorages.java","81978","419586","501564"
"2015-06-23","TajoStatement.java","79871","163384","243255"
"2015-09-03","TajoStatement.java","124209","222826","347035"
"2015-07-20","TajoStatement.java","87960","173040","261000"
"2015-07-24","TajoStatement.java","89719","175901","265620"
"2015-04-05","TajoStatement.java","63444","90868","154312"
"2014-07-15","TestStorages.java","113987","200329","314316"
"2015-12-04","TestStorages.java","119243","418447","537690"
"2015-09-17","TestStorages.java","119076","407665","526741"
"2014-12-22","TestStorages.java","115121","297652","412773"
"2015-09-03","TestStorages.java","118835","386700","505535"
"2015-09-16","TestStorages.java","118906","403266","522172"
"2014-03-27","TestStorages.java","49245","99269","148514"
"2015-06-25","TestStorages.java","117850","372221","490071"
"2014-12-12","TestStorages.java","114934","296647","411581"
"2013-11-22","TestStorages.java","14","70","84"
"2015-09-10","TestStorages.java","118840","389441","508281"
"2015-09-28","TestStorages.java","119119","413580","532699"
"2014-04-16","TestStorages.java","50133","110140","160273"
"2015-06-02","TestStorages.java","117849","368326","486175"
"2015-05-11","TestStorages.java","117844","327706","445550"
"2014-11-28","TestStorages.java","114920","284141","399061"
"2015-11-25","TestStorages.java","119242","416479","535721"
"2014-03-07","TestStorages.java","47508","87781","135289"
"2014-01-30","TestStorages.java","39015","68036","107051"
"2014-04-01","TestStorages.java","49586","102632","152218"
"2014-08-11","TestStorages.java","114429","206723","321152"
"2014-10-08","TestStorages.java","114558","268542","383100"
"2014-11-12","TestStorages.java","114875","282178","397053"
"2015-06-24","TestStorages.java","117850","372119","489969"
"2015-05-06","TestStorages.java","117837","326712","444549"
"2015-05-14","TestStorages.java","117863","327845","445708"
"2015-10-08","TestStorages.java","119129","414085","533214"
"2015-10-08","TestStorages.java","119129","414228","533357"
"2015-12-04","TestStorages.java","875","2842","3717"
"2015-06-23","TajoStatement.java","25075","81164","106239"
"2015-09-03","TajoStatement.java","88602","159795","248397"
"2015-07-20","TajoStatement.java","37240","94896","132136"
"2015-07-24","TajoStatement.java","40892","99650","140542"
"2015-07-20","SchedulingAlgorithms.java","99110","282161","381271"
"2015-07-30","TestCatalog.java","46231","108392","154623"
"2015-08-13","TestCatalog.java","48357","114925","163282"
"2015-09-24","TestCatalog.java","95347","193043","288390"
"2015-09-16","TestCatalog.java","94225","171161","265386"
"2013-10-27","TestResultSet.java","43599","80820","124419"
"2013-09-13","TestResultSet.java","29230","37699","66929"
"2014-06-11","TestResultSet.java","82129","203780","285909"
"2015-05-19","TestResultSet.java","83580","371138","454718"
"2015-02-14","TestResultSet.java","82704","313326","396030"
"2015-09-14","TestResultSet.java","84322","398530","482852"
"2014-02-20","TestResultSet.java","60749","138539","199288"
"2015-04-17","TestResultSet.java","83604","328038","411642"
"2014-09-22","TestResultSet.java","82389","274013","356402"
"2014-06-11","TestResultSet.java","110330","194760","305090"
"2015-05-19","TestResultSet.java","113467","363804","477271"
"2015-02-14","TestResultSet.java","111465","304866","416331"
"2015-09-14","TestResultSet.java","114467","391454","505921"
"2014-02-20","TestResultSet.java","39513","80082","119595"
"2015-04-17","TestResultSet.java","113452","320665","434117"
"2014-09-22","TestResultSet.java","110901","265304","376205"
"2013-12-23","TajoMaster.java","48572","107052","155624"
"2014-11-19","TajoMaster.java","82589","292127","374716"
"2015-09-01","TajoMaster.java","84320","393358","477678"
"2014-03-20","TajoMaster.java","61564","150556","212120"
"2013-09-09","TajoMaster.java","28547","29065","57612"
"2015-01-09","TajoMaster.java","82704","312419","395123"
"2013-08-26","TajoMaster.java","25900","25205","51105"
"2015-07-23","TajoMaster.java","83983","380923","464906"
"2013-10-10","TajoMaster.java","35333","72160","107493"
"2015-07-20","TajoMaster.java","83572","378498","462070"
"2015-04-28","TajoMaster.java","83622","333683","417305"
"2015-09-17","TajoMaster.java","84545","415025","499570"
"2015-12-17","TajoMaster.java","84587","426279","510866"
"2015-06-24","TajoMaster.java","83566","379726","463292"
"2013-12-14","TajoMaster.java","47417","103034","150451"
"2014-02-28","TajoMaster.java","60867","137572","198439"
"2014-08-19","TajoMaster.java","82348","220509","302857"
"2013-10-21","TajoMaster.java","41906","78915","120821"
"2014-10-09","TajoMaster.java","82395","278695","361090"
"2014-11-11","TajoMaster.java","82577","289799","372376"
"2015-05-14","TajoMaster.java","83580","335243","418823"
"2015-09-18","TajoMaster.java","84545","415075","499620"
"2015-01-28","TajoMaster.java","82709","311328","394037"
"2015-04-06","TajoMaster.java","83604","327469","411073"
"2015-09-14","TajoMaster.java","84322","398534","482856"
"2013-08-14","TajoMaster.java","22677","17814","40491"
"2013-10-27","TestResultSet.java","22946","51698","74644"
"2014-06-11","TestResultSet.java","87986","201168","289154"
"2015-05-19","TestResultSet.java","89676","368765","458441"
"2015-02-14","TestResultSet.java","88687","310840","399527"
"2015-09-14","TestResultSet.java","90464","396203","486667"
"2014-02-20","TestResultSet.java","48471","117792","166263"
"2015-04-17","TestResultSet.java","89690","325655","415345"
"2014-09-22","TestResultSet.java","88282","271437","359719"
"2014-11-19","TajoMaster.java","126899","277957","404856"
"2015-09-01","TajoMaster.java","131525","382083","513608"
"2014-03-20","TajoMaster.java","49724","80236","129960"
"2015-01-09","TajoMaster.java","127127","298362","425489"
"2015-07-23","TajoMaster.java","131035","369495","500530"
"2015-07-20","TajoMaster.java","130586","367032","497618"
"2015-04-28","TajoMaster.java","130336","321917","452253"
"2015-09-17","TajoMaster.java","131779","403779","535558"
"2015-12-17","TajoMaster.java","131938","415150","547088"
"2015-06-24","TajoMaster.java","130484","368164","498648"
"2014-02-28","TajoMaster.java","47270","65495","112765"
"2014-08-19","TajoMaster.java","126413","206094","332507"
"2014-10-09","TajoMaster.java","126481","264301","390782"
"2014-11-11","TajoMaster.java","126745","275487","402232"
"2015-05-14","TajoMaster.java","130499","323682","454181"
"2015-09-18","TajoMaster.java","131779","403829","535608"
"2015-01-28","TajoMaster.java","127148","297287","424435"
"2015-04-06","TajoMaster.java","129685","315070","444755"
"2015-09-14","TajoMaster.java","131525","387257","518782"
"2015-05-19","TestResultSet.java","93428","259335","352763"
"2015-02-14","TestResultSet.java","81169","190140","271309"
"2015-09-14","TestResultSet.java","130919","323476","454395"
"2015-04-17","TestResultSet.java","88694","211477","300171"
"2014-09-22","TestResultSet.java","10721","80694","91415"
"2015-09-01","TajoMaster.java","122322","221822","344144"
"2015-01-09","TajoMaster.java","48907","69084","117991"
"2015-07-23","TajoMaster.java","87969","175371","263340"
"2015-07-20","TajoMaster.java","84595","169983","254578"
"2015-04-28","TajoMaster.java","66207","106730","172937"
"2015-09-17","TajoMaster.java","127435","248377","375812"
"2015-12-17","TajoMaster.java","129495","261649","391144"
"2015-06-24","TajoMaster.java","79139","165761","244900"
"2015-05-14","TajoMaster.java","67366","109491","176857"
"2015-09-18","TajoMaster.java","127444","248436","375880"
"2015-01-28","TajoMaster.java","51136","70217","121353"
"2015-04-06","TajoMaster.java","62654","96981","159635"
"2015-09-14","TajoMaster.java","126861","231535","358396"
"2015-09-14","TestResultSet.java","122270","148920","271190"
"2015-09-17","TajoMaster.java","12081","33523","45604"
"2015-12-17","TajoMaster.java","19786","52440","72226"
"2015-09-18","TajoMaster.java","12098","33590","45688"
"2015-09-14","TajoMaster.java","10874","16048","26922"
"2014-11-19","TajoMaster.java","127488","248034","375522"
"2015-09-01","TajoMaster.java","149918","369964","519882"
"2015-01-09","TajoMaster.java","141600","282323","423923"
"2015-07-23","TajoMaster.java","148438","356386","504824"
"2015-07-20","TajoMaster.java","147482","353416","500898"
"2015-04-28","TajoMaster.java","146576","307645","454221"
"2015-09-17","TajoMaster.java","150311","391799","542110"
"2015-12-17","TajoMaster.java","150644","403344","553988"
"2015-06-24","TajoMaster.java","147333","354501","501834"
"2014-08-19","TajoMaster.java","116376","165545","281921"
"2014-10-09","TajoMaster.java","116881","224189","341070"
"2014-11-11","TajoMaster.java","126560","244790","371350"
"2015-05-14","TajoMaster.java","146888","309559","456447"
"2015-09-18","TajoMaster.java","150304","391842","542146"
"2015-01-28","TajoMaster.java","141658","281285","422943"
"2015-04-06","TajoMaster.java","145046","299919","444965"
"2015-09-14","TajoMaster.java","149923","375143","525066"
"2013-12-23","TajoMaster.java","27669","85631","113300"
"2014-11-19","TajoMaster.java","80618","289638","370256"
"2015-09-01","TajoMaster.java","82587","391107","473694"
"2014-03-20","TajoMaster.java","45940","134414","180354"
"2015-01-09","TajoMaster.java","80810","310007","390817"
"2015-07-23","TajoMaster.java","82225","378647","460872"
"2013-10-10","TajoMaster.java","10964","47273","58237"
"2015-07-20","TajoMaster.java","81801","376209","458010"
"2015-04-28","TajoMaster.java","81837","331380","413217"
"2015-09-17","TajoMaster.java","82820","412782","495602"
"2015-12-17","TajoMaster.java","82891","424065","506956"
"2015-06-24","TajoMaster.java","81787","377429","459216"
"2013-12-14","TajoMaster.java","26000","81099","107099"
"2014-02-28","TajoMaster.java","44776","120963","165739"
"2014-08-19","TajoMaster.java","80351","217994","298345"
"2013-10-21","TajoMaster.java","18805","55296","74101"
"2014-10-09","TajoMaster.java","80412","276194","356606"
"2014-11-11","TajoMaster.java","80602","287306","367908"
"2015-05-14","TajoMaster.java","81801","332946","414747"
"2015-09-18","TajoMaster.java","82820","412832","495652"
"2015-01-28","TajoMaster.java","80817","308918","389735"
"2015-04-06","TajoMaster.java","81815","325162","406977"
"2015-09-14","TajoMaster.java","82590","396284","478874"
"2015-09-24","TestCatalog.java","2838","23598","26436"
"2015-07-30","TestCatalog.java","156969","357782","514751"
"2014-04-14","TestCatalog.java","65","1096","1161"
"2014-10-17","TestCatalog.java","121768","221260","343028"
"2014-12-30","TestCatalog.java","149232","279239","428471"
"2014-11-25","TestCatalog.java","132530","242890","375420"
"2014-05-07","TestCatalog.java","118660","125320","243980"
"2015-03-13","TestCatalog.java","150267","283732","433999"
"2015-08-13","TestCatalog.java","157600","362820","520420"
"2014-10-15","TestCatalog.java","121768","220846","342614"
"2015-09-24","TestCatalog.java","158778","395126","553904"
"2014-08-11","TestCatalog.java","120804","156337","277141"
"2015-03-27","TestCatalog.java","152862","291514","444376"
"2015-09-16","TestCatalog.java","158428","374016","532444"
"2014-04-16","TestCatalog.java","972","2346","3318"
"2015-05-19","TestResultSet.java","26729","83665","110394"
"2015-09-14","TestResultSet.java","94956","178542","273498"
"2015-04-17","TestResultSet.java","12122","25934","38056"
"2015-09-01","TajoMaster.java","95344","174667","270011"
"2015-07-23","TajoMaster.java","53561","120786","174347"
"2015-07-20","TajoMaster.java","48154","113365","161519"
"2015-04-28","TajoMaster.java","21052","41398","62450"
"2015-09-17","TajoMaster.java","101684","202449","304133"
"2015-12-17","TajoMaster.java","105561","217538","323099"
"2015-06-24","TajoMaster.java","40118","106563","146681"
"2015-05-14","TajoMaster.java","23180","45128","68308"
"2015-09-18","TajoMaster.java","101698","202513","304211"
"2015-01-28","TajoMaster.java","3647","2551","6198"
"2015-04-06","TajoMaster.java","16995","31145","48140"
"2015-09-14","TajoMaster.java","101154","185651","286805"
"2014-07-15","TestStorages.java","114453","160522","274975"
"2015-12-04","TestStorages.java","146472","405403","551875"
"2015-09-17","TestStorages.java","146204","394520","540724"
"2014-12-22","TestStorages.java","138926","281184","420110"
"2015-09-03","TestStorages.java","145855","373447","519302"
"2015-09-16","TestStorages.java","145984","390071","536055"
"2014-03-27","TestStorages.java","5027","14778","19805"
"2015-06-25","TestStorages.java","144208","358306","502514"
"2014-12-12","TestStorages.java","138732","280172","418904"
"2015-09-10","TestStorages.java","145858","376186","522044"
"2015-09-28","TestStorages.java","146267","400455","546722"
"2014-04-16","TestStorages.java","7324","27058","34382"
"2015-06-02","TestStorages.java","143909","354113","498022"
"2015-05-11","TestStorages.java","143779","313368","457147"
"2014-11-28","TestStorages.java","126108","255056","381164"
"2015-11-25","TestStorages.java","146437","403401","549838"
"2014-04-01","TestStorages.java","5588","18361","23949"
"2014-08-11","TestStorages.java","115355","167376","282731"
"2014-10-08","TestStorages.java","115873","229584","345457"
"2014-11-12","TestStorages.java","124646","251676","376322"
"2015-06-24","TestStorages.java","144208","358204","502412"
"2015-05-06","TestStorages.java","143734","312336","456070"
"2015-05-14","TestStorages.java","143803","313512","457315"
"2015-10-08","TestStorages.java","146299","400982","547281"
"2015-10-08","TestStorages.java","146299","401125","547424"
"2013-12-23","TajoMaster.java","29806","88981","118787"
"2014-11-19","TajoMaster.java","79777","290010","369787"
"2015-09-01","TajoMaster.java","81727","391460","473187"
"2014-03-20","TajoMaster.java","46725","136412","183137"
"2013-09-09","TajoMaster.java","3748","4961","8709"
"2015-01-09","TajoMaster.java","79969","310379","390348"
"2015-07-23","TajoMaster.java","81370","379005","460375"
"2013-10-10","TajoMaster.java","13808","51330","65138"
"2015-07-20","TajoMaster.java","80948","376569","457517"
"2015-04-28","TajoMaster.java","80991","331747","412738"
"2015-09-17","TajoMaster.java","81954","413129","495083"
"2015-12-17","TajoMaster.java","82024","424411","506435"
"2015-06-24","TajoMaster.java","80935","377790","458725"
"2013-12-14","TajoMaster.java","28185","84497","112682"
"2014-02-28","TajoMaster.java","45634","123034","168668"
"2014-08-19","TajoMaster.java","79512","218368","297880"
"2013-10-21","TajoMaster.java","21282","58986","80268"
"2014-10-09","TajoMaster.java","79572","276567","356139"
"2014-11-11","TajoMaster.java","79761","287678","367439"
"2015-05-14","TajoMaster.java","80949","333307","414256"
"2015-09-18","TajoMaster.java","81954","413179","495133"
"2015-01-28","TajoMaster.java","79976","309290","389266"
"2015-04-06","TajoMaster.java","80973","325533","406506"
"2015-09-14","TajoMaster.java","81730","396637","478367"
"2015-09-01","TajoMaster.java","102687","114785","217472"
"2015-09-17","TajoMaster.java","110494","144034","254528"
"2015-12-17","TajoMaster.java","116331","161083","277414"
"2015-09-18","TajoMaster.java","110509","144099","254608"
"2015-09-14","TajoMaster.java","109606","126878","236484"
"2013-12-23","TajoMaster.java","20242","41895","62137"
"2014-11-19","TajoMaster.java","112881","285592","398473"
"2015-09-01","TajoMaster.java","115019","387230","502249"
"2014-03-20","TajoMaster.java","53728","105893","159621"
"2015-01-09","TajoMaster.java","113073","305961","419034"
"2015-07-23","TajoMaster.java","114607","374720","489327"
"2015-07-20","TajoMaster.java","114123","372222","486345"
"2015-04-28","TajoMaster.java","114126","327360","441486"
"2015-09-17","TajoMaster.java","115255","408908","524163"
"2015-12-17","TajoMaster.java","115405","420270","535675"
"2015-06-24","TajoMaster.java","114109","373442","487551"
"2013-12-14","TajoMaster.java","18211","37001","55212"
"2014-02-28","TajoMaster.java","52357","92235","144592"
"2014-08-19","TajoMaster.java","112540","213874","326414"
"2013-10-21","TajoMaster.java","9352","9534","18886"
"2014-10-09","TajoMaster.java","112606","272079","384685"
"2014-11-11","TajoMaster.java","112819","283214","396033"
"2015-05-14","TajoMaster.java","114100","328936","443036"
"2015-09-18","TajoMaster.java","115255","408958","524213"
"2015-01-28","TajoMaster.java","113080","304872","417952"
"2015-04-06","TajoMaster.java","114104","321142","435246"
"2015-09-14","TajoMaster.java","115022","392407","507429"
"2015-07-30","TestCatalog.java","157627","357066","514693"
"2014-10-17","TestCatalog.java","121785","219903","341688"
"2014-12-30","TestCatalog.java","149704","278337","428041"
"2014-11-25","TestCatalog.java","132939","241925","374864"
"2014-05-07","TestCatalog.java","118534","123820","242354"
"2015-03-13","TestCatalog.java","150770","282861","433631"
"2015-08-13","TestCatalog.java","158291","362137","520428"
"2014-10-15","TestCatalog.java","121785","219489","341274"
"2015-09-24","TestCatalog.java","159514","394488","554002"
"2014-08-11","TestCatalog.java","120745","154904","275649"
"2015-03-27","TestCatalog.java","153366","290644","444010"
"2015-09-16","TestCatalog.java","159167","373381","532548"
"2015-09-01","TajoMaster.java","106876","120988","227864"
"2015-07-23","TajoMaster.java","6813","8827","15640"
"2015-09-17","TajoMaster.java","114559","150113","264672"
"2015-12-17","TajoMaster.java","120159","166925","287084"
"2015-09-18","TajoMaster.java","114574","150178","264752"
"2015-09-14","TajoMaster.java","113690","132976","246666"
"2014-06-11","TestResultSet.java","112457","156318","268775"
"2015-05-19","TestResultSet.java","141216","350984","492200"
"2015-02-14","TestResultSet.java","136953","289785","426738"
"2015-09-14","TestResultSet.java","143188","379606","522794"
"2015-04-17","TestResultSet.java","140961","307605","448566"
"2014-09-22","TestResultSet.java","113894","227728","341622"
"2015-09-01","TajoMaster.java","84240","143217","227457"
"2015-07-23","TajoMaster.java","36712","83591","120303"
"2015-07-20","TajoMaster.java","30903","75768","106671"
"2015-09-17","TajoMaster.java","91407","171826","263233"
"2015-12-17","TajoMaster.java","96013","187644","283657"
"2015-06-24","TajoMaster.java","21399","67498","88897"
"2015-05-14","TajoMaster.java","3332","4934","8266"
"2015-09-18","TajoMaster.java","91421","171890","263311"
"2015-09-14","TajoMaster.java","90774","154925","245699"
"2015-05-19","TestResultSet.java","16685","59809","76494"
"2015-09-14","TestResultSet.java","90769","160543","251312"
"2015-12-17","TajoMaster.java","8402","19614","28016"
"2015-09-18","TajoMaster.java","30","80","110"
"2015-10-15","TestCatalogAgainstCaseSensitivity.java","4220","26048","30268"
"2015-11-25","TestCatalogAgainstCaseSensitivity.java","7883","31706","39589"
"2015-05-19","TestResultSet.java","100745","196679","297424"
"2015-02-14","TestResultSet.java","83970","122968","206938"
"2015-09-14","TestResultSet.java","146767","269351","416118"
"2015-04-17","TestResultSet.java","93071","145881","238952"
"2014-04-22","TestTajoDatabaseMetaData.java","116150","120555","236705"
"2015-04-17","TestTajoDatabaseMetaData.java","154682","299636","454318"
"2015-09-23","TestTajoDatabaseMetaData.java","158642","391835","550477"
"2014-10-05","TestTajoDatabaseMetaData.java","121159","214756","335915"
"2015-09-01","TajoMaster.java","116338","129216","245554"
"2015-07-23","TajoMaster.java","23014","23794","46808"
"2015-07-20","TajoMaster.java","16349","15115","31464"
"2015-09-17","TajoMaster.java","123914","158234","282148"
"2015-12-17","TajoMaster.java","129095","174627","303722"
"2015-09-18","TajoMaster.java","123928","158298","282226"
"2015-09-14","TajoMaster.java","123107","141159","264266"
"2013-12-23","TajoMaster.java","3640","6503","10143"
"2014-11-19","TajoMaster.java","125187","279108","404295"
"2015-09-01","TajoMaster.java","129726","383147","512873"
"2014-03-20","TajoMaster.java","50591","83966","134557"
"2015-01-09","TajoMaster.java","125413","299511","424924"
"2015-07-23","TajoMaster.java","129236","370559","499795"
"2015-07-20","TajoMaster.java","128786","368095","496881"
"2015-04-28","TajoMaster.java","128558","323002","451560"
"2015-09-17","TajoMaster.java","129979","404842","534821"
"2015-12-17","TajoMaster.java","130138","416213","546351"
"2015-06-24","TajoMaster.java","128696","369239","497935"
"2014-02-28","TajoMaster.java","48461","69549","118010"
"2014-08-19","TajoMaster.java","124696","207240","331936"
"2014-10-09","TajoMaster.java","124765","265448","390213"
"2014-11-11","TajoMaster.java","125038","276643","401681"
"2015-05-14","TajoMaster.java","128711","324757","453468"
"2015-09-18","TajoMaster.java","129979","404892","534871"
"2015-01-28","TajoMaster.java","125434","298436","423870"
"2015-04-06","TajoMaster.java","127980","316228","444208"
"2015-09-14","TajoMaster.java","129725","388320","518045"
"2014-07-15","TestStorages.java","109625","166946","276571"
"2015-12-04","TestStorages.java","137882","408065","545947"
"2015-09-17","TestStorages.java","137663","397231","534894"
"2014-12-22","TestStorages.java","131483","284993","416476"
"2015-09-03","TestStorages.java","137383","376227","513610"
"2015-09-16","TestStorages.java","137492","392831","530323"
"2014-03-27","TestStorages.java","15915","36918","52833"
"2015-06-25","TestStorages.java","135955","361305","497260"
"2014-12-12","TestStorages.java","131290","283982","415272"
"2015-09-10","TestStorages.java","137382","378962","516344"
"2015-09-28","TestStorages.java","137733","403173","540906"
"2014-04-16","TestStorages.java","18070","49056","67126"
"2015-06-02","TestStorages.java","135672","357128","492800"
"2015-05-11","TestStorages.java","135557","316398","451955"
"2014-11-28","TestStorages.java","119461","259661","379122"
"2015-11-25","TestStorages.java","137878","406094","543972"
"2014-03-07","TestStorages.java","12413","23665","36078"
"2014-04-01","TestStorages.java","16426","40451","56877"
"2014-08-11","TestStorages.java","110166","173439","283605"
"2014-10-08","TestStorages.java","110489","235452","345941"
"2014-11-12","TestStorages.java","118995","257277","376272"
"2015-06-24","TestStorages.java","135955","361203","497158"
"2015-05-06","TestStorages.java","135527","315381","450908"
"2015-05-14","TestStorages.java","135581","316542","452123"
"2015-10-08","TestStorages.java","137765","403700","541465"
"2015-10-08","TestStorages.java","137765","403843","541608"
"2015-11-25","TestCatalogAgainstCaseSensitivity.java","3838","5833","9671"
"2014-07-15","TestStorages.java","116725","150021","266746"
"2015-12-04","TestStorages.java","155464","401622","557086"
"2015-09-17","TestStorages.java","154951","390494","545445"
"2014-12-22","TestStorages.java","145580","275065","420645"
"2015-09-03","TestStorages.java","154548","369367","523915"
"2015-09-16","TestStorages.java","154708","386022","540730"
"2015-06-25","TestStorages.java","151867","353192","505059"
"2014-12-12","TestStorages.java","145386","274053","419439"
"2015-09-10","TestStorages.java","154551","372106","526657"
"2015-09-28","TestStorages.java","155054","396469","551523"
"2014-04-16","TestStorages.java","2271","9232","11503"
"2015-06-02","TestStorages.java","151528","348959","500487"
"2015-05-11","TestStorages.java","151394","308210","459604"
"2014-11-28","TestStorages.java","130169","246344","376513"
"2015-11-25","TestStorages.java","155424","399615","555039"
"2014-08-11","TestStorages.java","117689","156937","274626"
"2014-10-08","TestStorages.java","118386","219324","337710"
"2014-11-12","TestStorages.java","128632","242889","371521"
"2015-06-24","TestStorages.java","151867","353090","504957"
"2015-05-06","TestStorages.java","151349","307178","458527"
"2015-05-14","TestStorages.java","151422","308358","459780"
"2015-10-08","TestStorages.java","155108","397018","552126"
"2015-10-08","TestStorages.java","155108","397161","552269"
"2015-04-17","TestTajoDatabaseMetaData.java","89028","229577","318605"
"2015-09-23","TestTajoDatabaseMetaData.java","126722","355510","482232"
"2014-10-05","TestTajoDatabaseMetaData.java","16938","106130","123068"
"2014-11-19","TajoMaster.java","121865","254698","376563"
"2015-09-01","TajoMaster.java","141952","374285","516237"
"2014-03-20","TajoMaster.java","4851","17138","21989"
"2015-01-09","TajoMaster.java","135460","288470","423930"
"2015-07-23","TajoMaster.java","141113","361348","502461"
"2015-07-20","TajoMaster.java","140487","358708","499195"
"2015-04-28","TajoMaster.java","139743","313099","452842"
"2015-09-17","TajoMaster.java","142298","396073","538371"
"2015-12-17","TajoMaster.java","142537","407524","550061"
"2015-06-24","TajoMaster.java","140370","359825","500195"
"2014-08-19","TajoMaster.java","112418","173874","286292"
"2014-10-09","TajoMaster.java","112710","232305","345015"
"2014-11-11","TajoMaster.java","121164","251681","372845"
"2015-05-14","TajoMaster.java","139967","314925","454892"
"2015-09-18","TajoMaster.java","142291","396116","538407"
"2015-01-28","TajoMaster.java","135497","287411","422908"
"2015-04-06","TajoMaster.java","138707","305867","444574"
"2015-09-14","TajoMaster.java","141953","379460","521413"
"2014-11-19","TajoMaster.java","42223","113600","155823"
"2015-09-01","TajoMaster.java","137106","307983","445089"
"2015-01-09","TajoMaster.java","79689","171243","250932"
"2015-07-23","TajoMaster.java","107650","266429","374079"
"2015-07-20","TajoMaster.java","105619","262384","368003"
"2015-04-28","TajoMaster.java","90821","202721","293542"
"2015-09-17","TajoMaster.java","141561","333880","475441"
"2015-12-17","TajoMaster.java","142627","346158","488785"
"2015-06-24","TajoMaster.java","101173","259172","360345"
"2014-10-09","TajoMaster.java","3123","61262","64385"
"2014-11-11","TajoMaster.java","41059","110120","151179"
"2015-05-14","TajoMaster.java","91334","204836","296170"
"2015-09-18","TajoMaster.java","141572","333941","475513"
"2015-01-28","TajoMaster.java","81690","172148","253838"
"2015-04-06","TajoMaster.java","87920","193624","281544"
"2015-09-14","TajoMaster.java","141061","317112","458173"
"2015-12-04","TestStorages.java","139953","346863","486816"
"2015-09-17","TestStorages.java","138961","335256","474217"
"2014-12-22","TestStorages.java","68247","158484","226731"
"2015-09-03","TestStorages.java","134525","310096","444621"
"2015-09-16","TestStorages.java","138706","330772","469478"
"2015-06-25","TestStorages.java","99250","261327","360577"
"2014-12-12","TestStorages.java","65001","154420","219421"
"2015-09-10","TestStorages.java","138433","316740","455173"
"2015-09-28","TestStorages.java","139170","341337","480507"
"2015-06-02","TestStorages.java","98329","256512","354841"
"2015-05-11","TestStorages.java","89450","207018","296468"
"2014-11-28","TestStorages.java","43737","120664","164401"
"2015-11-25","TestStorages.java","139833","344776","484609"
"2014-10-08","TestStorages.java","4312","66002","70314"
"2014-11-12","TestStorages.java","41336","116345","157681"
"2015-06-24","TestStorages.java","99248","261223","360471"
"2015-05-06","TestStorages.java","89344","205925","295269"
"2015-05-14","TestStorages.java","89572","207260","296832"
"2015-10-08","TestStorages.java","139286","341948","481234"
"2015-10-08","TestStorages.java","139286","342091","481377"
"2013-12-23","TajoMaster.java","14301","35772","50073"
"2014-11-19","TajoMaster.java","111763","284292","396055"
"2015-09-01","TajoMaster.java","114868","386897","501765"
"2014-03-20","TajoMaster.java","48710","100693","149403"
"2015-01-09","TajoMaster.java","111964","304670","416634"
"2015-07-23","TajoMaster.java","114444","374375","488819"
"2015-07-20","TajoMaster.java","113959","371876","485835"
"2015-04-28","TajoMaster.java","113972","327024","440996"
"2015-09-17","TajoMaster.java","115107","408578","523685"
"2015-12-17","TajoMaster.java","115256","419939","535195"
"2015-06-24","TajoMaster.java","113944","373095","487039"
"2013-12-14","TajoMaster.java","12244","30852","43096"
"2014-02-28","TajoMaster.java","47335","87031","134366"
"2014-08-19","TajoMaster.java","111379","212531","323910"
"2014-10-09","TajoMaster.java","111451","270742","382193"
"2014-11-11","TajoMaster.java","111701","281914","393615"
"2015-05-14","TajoMaster.java","113948","328602","442550"
"2015-09-18","TajoMaster.java","115107","408628","523735"
"2015-01-28","TajoMaster.java","111977","303587","415564"
"2015-04-06","TajoMaster.java","113950","320806","434756"
"2015-09-14","TajoMaster.java","114874","392077","506951"
"2014-11-19","TajoMaster.java","41218","54456","95674"
"2015-09-01","TajoMaster.java","143959","256697","400656"
"2015-01-09","TajoMaster.java","81435","114850","196285"
"2015-07-23","TajoMaster.java","111825","212465","324290"
"2015-07-20","TajoMaster.java","109563","208189","317752"
"2015-04-28","TajoMaster.java","93541","147302","240843"
"2015-09-17","TajoMaster.java","148468","282648","431116"
"2015-12-17","TajoMaster.java","149914","295306","445220"
"2015-06-24","TajoMaster.java","104539","204399","308938"
"2014-11-11","TajoMaster.java","40002","50924","90926"
"2015-05-14","TajoMaster.java","94163","149526","243689"
"2015-09-18","TajoMaster.java","148477","282707","431184"
"2015-01-28","TajoMaster.java","83446","115765","199211"
"2015-04-06","TajoMaster.java","90220","137785","228005"
"2015-09-14","TajoMaster.java","147954","265866","413820"
"2015-09-23","TestTajoDatabaseMetaData.java","92177","180416","272593"
"2015-09-29","TestCatalogExceptions.java","3451","24548","27999"
"2014-11-19","TajoMaster.java","1937","4253","6190"
"2015-09-01","TajoMaster.java","123802","225618","349420"
"2015-01-09","TajoMaster.java","50650","73143","123793"
"2015-07-23","TajoMaster.java","89584","179302","268886"
"2015-07-20","TajoMaster.java","86231","173935","260166"
"2015-04-28","TajoMaster.java","67863","110702","178565"
"2015-09-17","TajoMaster.java","128909","252167","381076"
"2015-12-17","TajoMaster.java","130928","265398","396326"
"2015-06-24","TajoMaster.java","80778","169716","250494"
"2015-05-14","TajoMaster.java","69020","113461","182481"
"2015-09-18","TajoMaster.java","128918","252226","381144"
"2015-01-28","TajoMaster.java","52878","74275","127153"
"2015-04-06","TajoMaster.java","64334","100977","165311"
"2015-09-14","TajoMaster.java","128338","235328","363666"
"2015-09-01","TajoMaster.java","82625","140000","222625"
"2015-07-23","TajoMaster.java","34386","79663","114049"
"2015-07-20","TajoMaster.java","27984","71247","99231"
"2015-09-17","TajoMaster.java","90062","168879","258941"
"2015-12-17","TajoMaster.java","94787","184816","279603"
"2015-06-24","TajoMaster.java","18382","62879","81261"
"2015-09-18","TajoMaster.java","90076","168943","259019"
"2015-09-14","TajoMaster.java","89422","151971","241393"
"2015-12-17","TajoMaster.java","8399","19561","27960"
"2015-12-04","TestStorages.java","149694","294914","444608"
"2015-09-17","TestStorages.java","148334","282939","431273"
"2014-12-22","TestStorages.java","69813","98360","168173"
"2015-09-03","TestStorages.java","143825","257706","401531"
"2015-09-16","TestStorages.java","148077","278453","426530"
"2015-06-25","TestStorages.java","104546","204933","309479"
"2014-12-12","TestStorages.java","66010","93739","159749"
"2015-09-10","TestStorages.java","147754","264371","412125"
"2015-09-28","TestStorages.java","148689","289166","437855"
"2015-06-02","TestStorages.java","103310","199803","303113"
"2015-05-11","TestStorages.java","94105","149983","244088"
"2014-11-28","TestStorages.java","43139","58376","101515"
"2015-11-25","TestStorages.java","149477","292730","442207"
"2014-11-12","TestStorages.java","40672","53991","94663"
"2015-06-24","TestStorages.java","104543","204828","309371"
"2015-05-06","TestStorages.java","93889","148780","242669"
"2015-05-14","TestStorages.java","94238","150236","244474"
"2015-10-08","TestStorages.java","148816","289788","438604"
"2015-10-08","TestStorages.java","148816","289931","438747"
"2015-12-04","TestStorages.java","129940","261841","391781"
"2015-09-17","TestStorages.java","127983","249269","377252"
"2014-12-22","TestStorages.java","36038","51266","87304"
"2015-09-03","TestStorages.java","122887","223449","346336"
"2015-09-16","TestStorages.java","127671","244728","372399"
"2015-06-25","TestStorages.java","79734","166802","246536"
"2014-12-12","TestStorages.java","31663","46073","77736"
"2015-09-10","TestStorages.java","126828","230126","356954"
"2015-09-28","TestStorages.java","128530","255688","384218"
"2015-06-02","TestStorages.java","78396","161570","239966"
"2015-05-11","TestStorages.java","67783","110342","178125"
"2014-11-28","TestStorages.java","2690","4608","7298"
"2015-11-25","TestStorages.java","129677","259611","389288"
"2015-06-24","TestStorages.java","79731","166697","246428"
"2015-05-06","TestStorages.java","67454","109026","176480"
"2015-05-14","TestStorages.java","67965","110644","178609"
"2015-10-08","TestStorages.java","128712","256365","385077"
"2015-10-08","TestStorages.java","128712","256508","385220"
"2015-12-04","TestStorages.java","128603","173538","302141"
"2015-09-17","TestStorages.java","123914","158234","282148"
"2015-09-03","TestStorages.java","119453","133049","252502"
"2015-09-16","TestStorages.java","123442","153533","276975"
"2015-06-25","TestStorages.java","1142","1244","2386"
"2015-09-10","TestStorages.java","122176","138508","260684"
"2015-09-28","TestStorages.java","125417","165609","291026"
"2015-11-25","TestStorages.java","128077","171045","299122"
"2015-10-08","TestStorages.java","125702","166389","292091"
"2015-10-08","TestStorages.java","125730","166560","292290"
"2015-04-17","TestTajoDatabaseMetaData.java","93264","144621","237885"
"2015-09-23","TestTajoDatabaseMetaData.java","148054","287650","435704"
"2014-03-20","TestTajoJdbc.java","49314","96513","145827"
"2014-09-11","TestTajoJdbc.java","114590","262376","376966"
"2014-04-22","TestTajoJdbc.java","112682","174774","287456"
"2015-01-08","TestTajoJdbc.java","115167","303000","418167"
"2014-04-10","TestTajoJdbc.java","50040","107727","157767"
"2015-09-14","TestTajoJdbc.java","118865","391280","510145"
"2014-11-27","TestTajoJdbc.java","114960","283723","398683"
"2015-04-17","TestTajoJdbc.java","117729","320370","438099"
"2015-02-05","TestTajoJdbc.java","115186","303656","418842"
"2015-09-23","TestTajoJdbc.java","119109","409988","529097"
"2015-07-17","TestTajoJdbc.java","117961","374355","492316"
"2015-06-23","TestTajoJdbc.java","117884","371246","489130"
"2015-12-04","TestStorages.java","94769","185098","279867"
"2015-09-17","TestStorages.java","90576","170290","260866"
"2015-09-03","TestStorages.java","86398","145388","231786"
"2015-09-16","TestStorages.java","90271","165756","256027"
"2015-06-25","TestStorages.java","20125","65621","85746"
"2015-09-10","TestStorages.java","89058","150784","239842"
"2015-09-28","TestStorages.java","91791","177377","269168"
"2015-06-02","TestStorages.java","17152","58754","75906"
"2015-05-11","TestStorages.java","846","1833","2679"
"2015-11-25","TestStorages.java","94309","182671","276980"
"2015-06-24","TestStorages.java","19802","65196","84998"
"2015-05-14","TestStorages.java","1701","2808","4509"
"2015-10-08","TestStorages.java","92056","178137","270193"
"2015-10-08","TestStorages.java","92084","178308","270392"
"2015-09-01","TestLinkedMetadataManager.java","100438","105248","205686"
"2014-09-11","TestTajoJdbc.java","116480","217067","333547"
"2014-04-22","TestTajoJdbc.java","112138","127031","239169"
"2015-01-08","TestTajoJdbc.java","141599","282233","423832"
"2014-04-10","TestTajoJdbc.java","2451","12939","15390"
"2015-09-14","TestTajoJdbc.java","149922","375138","525060"
"2014-11-27","TestTajoJdbc.java","128502","250066","378568"
"2015-04-17","TestTajoJdbc.java","146543","301985","448528"
"2015-02-05","TestTajoJdbc.java","141656","282927","424583"
"2015-09-23","TestTajoJdbc.java","150342","394022","544364"
"2015-07-17","TestTajoJdbc.java","147432","356627","504059"
"2015-06-23","TestTajoJdbc.java","147293","353456","500749"
"2015-09-01","TajoMaster.java","92547","172966","265513"
"2015-07-23","TajoMaster.java","50588","118909","169497"
"2015-07-20","TajoMaster.java","45166","111473","156639"
"2015-04-28","TajoMaster.java","17639","39081","56720"
"2015-09-17","TajoMaster.java","98955","200816","299771"
"2015-12-17","TajoMaster.java","102841","215914","318755"
"2015-06-24","TajoMaster.java","36961","104502","141463"
"2015-05-14","TajoMaster.java","19961","43005","62966"
"2015-09-18","TajoMaster.java","98969","200880","299849"
"2015-04-06","TajoMaster.java","13547","28793","42340"
"2015-09-14","TajoMaster.java","98383","183976","282359"
"2015-09-01","TajoMaster.java","87451","152624","240075"
"2015-07-23","TajoMaster.java","41199","94274","135473"
"2015-07-20","TajoMaster.java","35483","86544","122027"
"2015-04-28","TajoMaster.java","5770","11966","17736"
"2015-09-17","TajoMaster.java","94428","181043","275471"
"2015-12-17","TajoMaster.java","98623","196450","295073"
"2015-06-24","TajoMaster.java","26381","78676","105057"
"2015-05-14","TajoMaster.java","8538","16336","24874"
"2015-09-18","TajoMaster.java","94442","181107","275549"
"2015-09-14","TajoMaster.java","93823","164170","257993"
"2015-01-08","TestTajoJdbc.java","74516","114563","189079"
"2015-09-14","TestTajoJdbc.java","145592","270221","415813"
"2014-11-27","TestTajoJdbc.java","44700","65677","110377"
"2015-04-17","TestTajoJdbc.java","92818","147673","240491"
"2015-02-05","TestTajoJdbc.java","83989","124673","208662"
"2015-09-23","TestTajoJdbc.java","146163","289256","435419"
"2015-07-17","TestTajoJdbc.java","103917","212525","316442"
"2015-06-23","TestTajoJdbc.java","103436","209012","312448"
"2014-09-11","TestTajoJdbc.java","15550","101244","116794"
"2015-01-08","TestTajoJdbc.java","74407","200148","274555"
"2015-09-14","TestTajoJdbc.java","126191","336514","462705"
"2014-11-27","TestTajoJdbc.java","49436","156107","205543"
"2015-04-17","TestTajoJdbc.java","89028","229577","318605"
"2015-02-05","TestTajoJdbc.java","81635","208013","289648"
"2015-09-23","TestTajoJdbc.java","126659","355446","482105"
"2015-07-17","TestTajoJdbc.java","96026","290328","386354"
"2015-06-23","TestTajoJdbc.java","95612","286882","382494"
"2015-12-04","TestStorages.java","94431","183653","278084"
"2015-09-17","TestStorages.java","90136","168743","258879"
"2015-09-03","TestStorages.java","85919","143802","229721"
"2015-09-16","TestStorages.java","89823","164201","254024"
"2015-06-25","TestStorages.java","18705","63094","81799"
"2015-09-10","TestStorages.java","88594","149213","237807"
"2015-09-28","TestStorages.java","91434","175913","267347"
"2015-06-02","TestStorages.java","15331","55826","71157"
"2015-11-25","TestStorages.java","93959","181214","275173"
"2015-06-24","TestStorages.java","18378","62665","81043"
"2015-10-08","TestStorages.java","91701","176675","268376"
"2015-10-08","TestStorages.java","91729","176846","268575"
"2015-09-17","TajoMaster.java","1300","17568","18868"
"2015-12-17","TajoMaster.java","9498","36978","46476"
"2015-09-18","TajoMaster.java","1317","17635","18952"
"2013-12-23","TajoMaster.java","32589","95932","128521"
"2014-11-19","TajoMaster.java","76179","290580","366759"
"2015-09-01","TajoMaster.java","77973","391874","469847"
"2014-03-20","TajoMaster.java","48752","142607","191359"
"2013-09-09","TajoMaster.java","8995","14376","23371"
"2015-01-09","TajoMaster.java","76289","310867","387156"
"2013-08-26","TajoMaster.java","5944","10112","16056"
"2015-07-23","TajoMaster.java","77627","379430","457057"
"2013-10-10","TajoMaster.java","17893","59583","77476"
"2015-07-20","TajoMaster.java","77205","376994","454199"
"2015-04-28","TajoMaster.java","77249","332173","409422"
"2015-09-17","TajoMaster.java","78199","413542","491741"
"2015-12-17","TajoMaster.java","78257","424812","503069"
"2015-06-24","TajoMaster.java","77193","378216","455409"
"2013-12-14","TajoMaster.java","31122","91602","122724"
"2014-02-28","TajoMaster.java","47711","129279","176990"
"2014-08-19","TajoMaster.java","75926","218950","294876"
"2013-10-21","TajoMaster.java","25033","66905","91938"
"2014-10-09","TajoMaster.java","75978","277141","353119"
"2014-11-11","TajoMaster.java","76167","288252","364419"
"2015-05-14","TajoMaster.java","77207","333733","410940"
"2015-09-18","TajoMaster.java","78199","413592","491791"
"2015-01-28","TajoMaster.java","76295","309777","386072"
"2015-04-06","TajoMaster.java","77231","325959","403190"
"2015-09-14","TajoMaster.java","77976","397051","475027"
"2015-12-04","TestStorages.java","4869","9117","13986"
"2015-11-25","TestStorages.java","4045","6326","10371"
"2015-07-30","TajoMasterClientService.java","84059","384589","468648"
"2014-03-20","TajoMasterClientService.java","61564","150556","212120"
"2013-08-14","TajoMasterClientService.java","22677","17814","40491"
"2013-10-16","TajoMasterClientService.java","41419","77632","119051"
"2014-02-17","TajoMasterClientService.java","60532","135764","196296"
"2015-07-20","TajoMasterClientService.java","83572","378498","462070"
"2015-07-20","TajoMasterClientService.java","83983","380705","464688"
"2014-12-10","TajoMasterClientService.java","82595","295721","378316"
"2015-07-24","TajoMasterClientService.java","83983","381704","465687"
"2014-08-11","TajoMasterClientService.java","82338","217588","299926"
"2014-05-07","TajoMasterClientService.java","82117","188494","270611"
"2014-05-12","TajoMasterClientService.java","82133","191653","273786"
"2014-03-30","TajoMasterClientService.java","61851","154189","216040"
"2014-11-21","TajoMasterClientService.java","82589","292623","375212"
"2015-01-05","TajoMasterClientService.java","82703","312353","395056"
"2013-12-05","TajoMasterClientService.java","47333","95906","143239"
"2014-05-16","TajoMasterClientService.java","82133","194008","276141"
"2015-02-14","TajoMasterClientService.java","82704","313326","396030"
"2015-06-16","TajoMasterClientService.java","83566","378731","462297"
"2014-01-08","TajoMasterClientService.java","49915","113015","162930"
"2014-03-14","TajoMasterClientService.java","61023","144950","205973"
"2014-09-22","TajoMasterClientService.java","82389","274013","356402"
"2015-08-13","TajoMasterClientService.java","84208","389145","473353"
"2015-12-17","TajoMasterClientService.java","84587","426279","510866"
"2015-01-22","TajoMasterClientService.java","82709","310817","393526"
"2015-01-09","TajoMasterClientService.java","82704","312419","395123"
"2014-11-11","TajoMasterClientService.java","82577","289799","372376"
"2015-06-23","TajoMasterClientService.java","83566","378721","462287"
"2015-09-23","TajoMasterClientService.java","84547","417220","501767"
"2013-10-21","TajoMasterClientService.java","41906","78915","120821"
"2015-09-23","TajoMasterClientService.java","84545","416586","501131"
"2014-01-26","TajoMasterClientService.java","51164","121407","172571"
"2014-01-22","TajoMasterClientService.java","50524","120277","170801"
"2015-09-11","TajoMasterClientService.java","84322","397479","481801"
"2015-12-04","TestStorages.java","4832","8937","13769"
"2015-11-25","TestStorages.java","4007","6145","10152"
"2015-08-13","TajoMasterClientService.java","4268","8675","12943"
"2015-12-17","TajoMasterClientService.java","116505","157667","274172"
"2015-09-23","TajoMasterClientService.java","111715","143858","255573"
"2015-09-23","TajoMasterClientService.java","110826","142337","253163"
"2015-09-11","TajoMasterClientService.java","108963","121590","230553"
"2015-04-01","TajoAdmin.java","129588","304639","434227"
"2014-02-17","TajoAdmin.java","30258","42994","73252"
"2014-10-04","TajoAdmin.java","124839","254454","379293"
"2014-04-11","TajoAdmin.java","42393","79373","121766"
"2014-08-10","TajoAdmin.java","124598","195548","320146"
"2015-02-14","TajoAdmin.java","127039","294561","421600"
"2014-01-21","TajoAdmin.java","4570","10715","15285"
"2014-05-16","TajoAdmin.java","123670","172445","296115"
"2015-09-23","TajoAdmin.java","132601","402174","534775"
"2014-09-20","TajoAdmin.java","124796","252277","377073"
"2015-07-20","TajoAdmin.java","131127","362953","494080"
"2015-08-04","TajoAdmin.java","131784","371482","503266"
"2014-08-19","TajoAdmin.java","124679","199740","324419"
"2015-07-30","TajoMasterClientService.java","148637","360175","508812"
"2015-07-20","TajoMasterClientService.java","147482","353416","500898"
"2015-07-20","TajoMasterClientService.java","148435","356165","504600"
"2014-12-10","TajoMasterClientService.java","128534","252668","381202"
"2015-07-24","TajoMasterClientService.java","148439","357168","505607"
"2014-08-11","TajoMasterClientService.java","116292","162550","278842"
"2014-05-07","TajoMasterClientService.java","114338","131723","246061"
"2014-05-12","TajoMasterClientService.java","114468","134996","249464"
"2014-03-30","TajoMasterClientService.java","939","4285","5224"
"2014-11-21","TajoMasterClientService.java","127488","248530","376018"
"2015-01-05","TajoMasterClientService.java","141574","282232","423806"
"2014-05-16","TajoMasterClientService.java","114509","137392","251901"
"2015-02-14","TajoMasterClientService.java","141890","283520","425410"
"2015-06-16","TajoMasterClientService.java","147013","353186","500199"
"2014-09-22","TajoMasterClientService.java","116582","219214","335796"
"2015-08-13","TajoMasterClientService.java","149312","365257","514569"
"2015-12-17","TajoMasterClientService.java","150644","403344","553988"
"2015-01-22","TajoMasterClientService.java","141656","280772","422428"
"2015-01-09","TajoMasterClientService.java","141600","282323","423923"
"2014-11-11","TajoMasterClientService.java","126560","244790","371350"
"2015-06-23","TajoMasterClientService.java","147293","353456","500749"
"2015-09-23","TajoMasterClientService.java","150362","394043","544405"
"2015-09-23","TajoMasterClientService.java","150344","393393","543737"
"2015-09-11","TajoMasterClientService.java","149921","374086","524007"
"2015-09-14","TestTajoJdbc.java","109913","194495","304408"
"2015-04-17","TestTajoJdbc.java","32203","47011","79214"
"2015-02-05","TestTajoJdbc.java","15977","16614","32591"
"2015-09-23","TestTajoJdbc.java","110610","213656","324266"
"2015-07-17","TestTajoJdbc.java","52099","120660","172759"
"2015-06-23","TestTajoJdbc.java","50381","115910","166291"
"2015-09-23","TajoAdmin.java","94361","188883","283244"
"2015-07-20","TajoAdmin.java","36385","93160","129545"
"2015-08-04","TajoAdmin.java","45652","110299","155951"
"2014-09-11","TestTajoJdbc.java","120922","211021","331943"
"2014-04-22","TestTajoJdbc.java","116150","120555","236705"
"2015-01-08","TestTajoJdbc.java","149323","279469","428792"
"2015-09-14","TestTajoJdbc.java","158189","372917","531106"
"2014-11-27","TestTajoJdbc.java","133408","244484","377892"
"2015-04-17","TestTajoJdbc.java","154682","299636","454318"
"2015-02-05","TestTajoJdbc.java","149388","280171","429559"
"2015-09-23","TestTajoJdbc.java","158621","391813","550434"
"2015-07-17","TestTajoJdbc.java","155586","354293","509879"
"2015-06-23","TestTajoJdbc.java","155440","351115","506555"
"2015-04-01","TajoAdmin.java","138640","300955","439595"
"2014-10-04","TajoAdmin.java","112850","229729","342579"
"2014-04-11","TajoAdmin.java","14878","39122","54000"
"2014-08-10","TajoAdmin.java","112505","170719","283224"
"2015-02-14","TajoAdmin.java","135742","290528","426270"
"2014-05-16","TajoAdmin.java","111014","147053","258067"
"2015-09-23","TajoAdmin.java","142021","398858","540879"
"2014-09-20","TajoAdmin.java","112754","227499","340253"
"2015-07-20","TajoAdmin.java","140321","359411","499732"
"2015-08-04","TajoAdmin.java","141018","367980","508998"
"2014-08-19","TajoAdmin.java","112614","174939","287553"
"2015-07-30","TajoMasterClientService.java","77707","383100","460807"
"2014-03-20","TajoMasterClientService.java","48752","142607","191359"
"2013-10-16","TajoMasterClientService.java","24404","65480","89884"
"2014-02-17","TajoMasterClientService.java","47156","127251","174407"
"2015-07-20","TajoMasterClientService.java","77205","376994","454199"
"2015-07-20","TajoMasterClientService.java","77624","379209","456833"
"2014-12-10","TajoMasterClientService.java","76185","294174","370359"
"2015-07-24","TajoMasterClientService.java","77627","380211","457838"
"2014-08-11","TajoMasterClientService.java","75918","216031","291949"
"2014-05-07","TajoMasterClientService.java","75684","186924","262608"
"2014-05-12","TajoMasterClientService.java","75700","190083","265783"
"2014-03-30","TajoMasterClientService.java","49040","146241","195281"
"2014-11-21","TajoMasterClientService.java","76179","291076","367255"
"2015-01-05","TajoMasterClientService.java","76288","310801","387089"
"2013-12-05","TajoMasterClientService.java","30852","84288","115140"
"2014-05-16","TajoMasterClientService.java","75700","192438","268138"
"2015-02-14","TajoMasterClientService.java","76290","311775","388065"
"2015-06-16","TajoMasterClientService.java","77193","377221","454414"
"2014-01-08","TajoMasterClientService.java","35404","103367","138771"
"2014-03-14","TajoMasterClientService.java","47890","136680","184570"
"2014-09-22","TajoMasterClientService.java","75972","272459","348431"
"2015-08-13","TajoMasterClientService.java","77860","387660","465520"
"2015-12-17","TajoMasterClientService.java","78257","424812","503069"
"2015-01-22","TajoMasterClientService.java","76295","309266","385561"
"2015-01-09","TajoMasterClientService.java","76289","310867","387156"
"2014-11-11","TajoMasterClientService.java","76167","288252","364419"
"2015-06-23","TajoMasterClientService.java","77193","377211","454404"
"2015-09-23","TajoMasterClientService.java","78201","415737","493938"
"2013-10-21","TajoMasterClientService.java","25033","66905","91938"
"2015-09-23","TajoMasterClientService.java","78199","415103","493302"
"2014-01-26","TajoMasterClientService.java","37710","112816","150526"
"2014-01-22","TajoMasterClientService.java","37024","111640","148664"
"2015-09-11","TajoMasterClientService.java","77975","395995","473970"
"2015-07-30","TajoMasterClientService.java","113995","378312","492307"
"2014-03-20","TajoMasterClientService.java","49333","102112","151445"
"2014-02-17","TajoMasterClientService.java","41402","80421","121823"
"2015-07-20","TajoMasterClientService.java","113429","372142","485571"
"2015-07-20","TajoMasterClientService.java","113910","374419","488329"
"2014-12-10","TajoMasterClientService.java","111251","288164","399415"
"2015-07-24","TajoMasterClientService.java","113913","375421","489334"
"2014-08-11","TajoMasterClientService.java","110876","209913","320789"
"2014-05-07","TajoMasterClientService.java","110383","180547","290930"
"2014-05-12","TajoMasterClientService.java","110402","183709","294111"
"2014-03-30","TajoMasterClientService.java","49662","105787","155449"
"2014-11-21","TajoMasterClientService.java","111244","285065","396309"
"2015-01-05","TajoMasterClientService.java","111438","304875","416313"
"2013-12-05","TajoMasterClientService.java","12300","24660","36960"
"2014-05-16","TajoMasterClientService.java","110402","186064","296466"
"2015-02-14","TajoMasterClientService.java","111450","305859","417309"
"2015-06-16","TajoMasterClientService.java","113407","372359","485766"
"2014-01-08","TajoMasterClientService.java","19638","46525","66163"
"2014-03-14","TajoMasterClientService.java","48168","95882","144050"
"2014-09-22","TajoMasterClientService.java","110952","266363","377315"
"2015-08-13","TajoMasterClientService.java","114169","382893","497062"
"2015-12-17","TajoMasterClientService.java","114722","420201","534923"
"2015-01-22","TajoMasterClientService.java","111455","303350","414805"
"2015-01-09","TajoMasterClientService.java","111442","304944","416386"
"2014-11-11","TajoMasterClientService.java","111182","282191","393373"
"2015-06-23","TajoMasterClientService.java","113407","372349","485756"
"2015-09-23","TajoMasterClientService.java","114584","411044","525628"
"2013-10-21","TajoMasterClientService.java","1285","2081","3366"
"2015-09-23","TajoMasterClientService.java","114578","410406","524984"
"2014-01-26","TajoMasterClientService.java","24786","58816","83602"
"2014-01-22","TajoMasterClientService.java","22739","56279","79018"
"2015-09-11","TajoMasterClientService.java","114339","391283","505622"
"2015-04-01","TajoAdmin.java","89204","134640","223844"
"2015-02-14","TajoAdmin.java","84157","122064","206221"
"2015-09-23","TajoAdmin.java","147964","287922","435886"
"2015-07-20","TajoAdmin.java","109371","211582","320953"
"2015-08-04","TajoAdmin.java","112583","222666","335249"
"2015-07-30","TajoMasterClientService.java","140413","365711","506124"
"2014-03-20","TajoMasterClientService.java","13372","27132","40504"
"2015-07-20","TajoMasterClientService.java","139722","359416","499138"
"2015-07-20","TajoMasterClientService.java","140301","361791","502092"
"2014-12-10","TajoMasterClientService.java","122362","260256","382618"
"2015-07-24","TajoMasterClientService.java","140304","362793","503097"
"2014-08-11","TajoMasterClientService.java","112012","172030","284042"
"2014-05-07","TajoMasterClientService.java","110350","141495","251845"
"2014-05-12","TajoMasterClientService.java","110439","144727","255166"
"2014-03-30","TajoMasterClientService.java","14082","31188","45270"
"2014-11-21","TajoMasterClientService.java","121349","256151","377500"
"2015-01-05","TajoMasterClientService.java","134893","289311","424204"
"2014-05-16","TajoMasterClientService.java","110470","147113","257583"
"2015-02-14","TajoMasterClientService.java","135143","290533","425676"
"2015-06-16","TajoMasterClientService.java","139343","359276","498619"
"2014-03-14","TajoMasterClientService.java","10410","19105","29515"
"2014-09-22","TajoMasterClientService.java","112215","228607","340822"
"2015-08-13","TajoMasterClientService.java","140678","370383","511061"
"2015-12-17","TajoMasterClientService.java","141600","408060","549660"
"2015-01-22","TajoMasterClientService.java","134938","287814","422752"
"2015-01-09","TajoMasterClientService.java","134904","289387","424291"
"2014-11-11","TajoMasterClientService.java","120735","252725","373460"
"2015-06-23","TajoMasterClientService.java","139621","359544","499165"
"2015-09-23","TajoMasterClientService.java","141422","398863","540285"
"2015-09-23","TajoMasterClientService.java","141407","398216","539623"
"2015-09-11","TajoMasterClientService.java","141046","378971","520017"
"2015-07-30","TajoMasterClientService.java","10367","15971","26338"
"2015-07-24","TajoMasterClientService.java","6908","9703","16611"
"2015-08-13","TajoMasterClientService.java","12975","22986","35961"
"2015-12-17","TajoMasterClientService.java","120159","166925","287084"
"2015-09-23","TajoMasterClientService.java","115773","153520","269293"
"2015-09-23","TajoMasterClientService.java","114898","152013","266911"
"2015-09-11","TajoMasterClientService.java","113239","131470","244709"
"2015-04-01","TajoAdmin.java","153260","291331","444591"
"2014-10-04","TajoAdmin.java","121308","213943","335251"
"2014-08-10","TajoAdmin.java","120752","154722","275474"
"2015-02-14","TajoAdmin.java","150118","280660","430778"
"2014-05-16","TajoAdmin.java","118944","130739","249683"
"2015-09-23","TajoAdmin.java","159114","391707","550821"
"2014-09-20","TajoAdmin.java","121144","211645","332789"
"2015-07-20","TajoAdmin.java","156098","350944","507042"
"2015-08-04","TajoAdmin.java","157378","360096","517474"
"2014-08-19","TajoAdmin.java","120978","159059","280037"
"2015-09-23","TestTajoJdbc.java","2287","20751","23038"
"2015-04-01","TajoAdmin.java","85319","189420","274739"
"2014-10-04","TajoAdmin.java","3961","62626","66587"
"2015-02-14","TajoAdmin.java","80669","177241","257910"
"2015-09-23","TajoAdmin.java","139003","337626","476629"
"2014-09-20","TajoAdmin.java","3580","60111","63691"
"2015-07-20","TajoAdmin.java","103652","264528","368180"
"2015-08-04","TajoAdmin.java","106654","275402","382056"
"2014-08-19","TajoAdmin.java","1426","5537","6963"
"2015-01-08","TestTajoJdbc.java","40366","59436","99802"
"2015-09-14","TestTajoJdbc.java","127767","231419","359186"
"2015-04-17","TestTajoJdbc.java","65813","99691","165504"
"2015-02-05","TestTajoJdbc.java","51338","71045","122383"
"2015-09-23","TestTajoJdbc.java","128468","250584","379052"
"2015-07-17","TestTajoJdbc.java","79610","167241","246851"
"2015-06-23","TestTajoJdbc.java","78975","163574","242549"
"2015-07-30","TajoMasterClientService.java","7595","11403","18998"
"2015-07-24","TajoMasterClientService.java","4050","5049","9099"
"2015-08-13","TajoMasterClientService.java","11470","19685","31155"
"2015-12-17","TajoMasterClientService.java","119061","164031","283092"
"2015-09-23","TajoMasterClientService.java","114590","150541","265131"
"2015-09-23","TajoMasterClientService.java","113703","149022","262725"
"2015-09-11","TajoMasterClientService.java","112017","128452","240469"
"2015-07-30","TajoMasterClientService.java","88747","176151","264898"
"2015-07-20","TajoMasterClientService.java","84366","166166","250532"
"2015-07-20","TajoMasterClientService.java","86198","169794","255992"
"2015-07-24","TajoMasterClientService.java","87916","172511","260427"
"2015-01-05","TajoMasterClientService.java","37788","54312","92100"
"2015-02-14","TajoMasterClientService.java","53666","71162","124828"
"2015-06-16","TajoMasterClientService.java","77668","159707","237375"
"2015-08-13","TajoMasterClientService.java","90132","181943","272075"
"2015-12-17","TajoMasterClientService.java","130433","258999","389432"
"2015-01-22","TajoMasterClientService.java","48575","63557","112132"
"2015-01-09","TajoMasterClientService.java","46184","62773","108957"
"2015-06-23","TajoMasterClientService.java","78012","160041","238053"
"2015-09-23","TajoMasterClientService.java","128675","248222","376897"
"2015-09-23","TajoMasterClientService.java","128384","247299","375683"
"2015-09-11","TajoMasterClientService.java","127538","227569","355107"
"2015-04-01","TajoAdmin.java","7303","14832","22135"
"2015-09-23","TajoAdmin.java","96261","198312","294573"
"2015-07-20","TajoAdmin.java","40578","104882","145460"
"2015-08-04","TajoAdmin.java","49466","121642","171108"
"2015-04-01","TajoAdmin.java","133756","302662","436418"
"2014-02-17","TajoAdmin.java","26312","32903","59215"
"2014-10-04","TajoAdmin.java","128892","252362","381254"
"2014-04-11","TajoAdmin.java","39179","70014","109193"
"2014-08-10","TajoAdmin.java","128650","193455","322105"
"2015-02-14","TajoAdmin.java","131199","292576","423775"
"2014-05-16","TajoAdmin.java","127699","170329","298028"
"2015-09-23","TajoAdmin.java","136780","400208","536988"
"2014-09-20","TajoAdmin.java","128846","250182","379028"
"2015-07-20","TajoAdmin.java","135309","360990","496299"
"2015-08-04","TajoAdmin.java","135968","369521","505489"
"2014-08-19","TajoAdmin.java","128724","197640","326364"
"2015-07-30","TajoMasterClientService.java","3568","6377","9945"
"2015-08-13","TajoMasterClientService.java","7546","14762","22308"
"2015-12-17","TajoMasterClientService.java","116366","160337","276703"
"2015-09-23","TajoMasterClientService.java","111767","146719","258486"
"2015-09-23","TajoMasterClientService.java","110861","145181","256042"
"2015-09-11","TajoMasterClientService.java","109039","124475","233514"
"2015-07-30","TajoMasterClientService.java","106242","271522","377764"
"2015-07-20","TajoMasterClientService.java","103527","263203","366730"
"2015-07-20","TajoMasterClientService.java","104821","266293","371114"
"2014-12-10","TajoMasterClientService.java","45785","123661","169446"
"2015-07-24","TajoMasterClientService.java","105632","268103","373735"
"2014-11-21","TajoMasterClientService.java","41555","116339","157894"
"2015-01-05","TajoMasterClientService.java","71244","165644","236888"
"2015-02-14","TajoMasterClientService.java","80389","175761","256150"
"2015-06-16","TajoMasterClientService.java","98652","258567","357219"
"2014-09-22","TajoMasterClientService.java","2763","59137","61900"
"2015-08-13","TajoMasterClientService.java","107276","276963","384239"
"2015-12-17","TajoMasterClientService.java","140238","346680","486918"
"2015-01-22","TajoMasterClientService.java","79728","172586","252314"
"2015-01-09","TajoMasterClientService.java","77899","172364","250263"
"2014-11-11","TajoMasterClientService.java","40337","112309","152646"
"2015-06-23","TajoMasterClientService.java","98952","258857","357809"
"2015-09-23","TajoMasterClientService.java","139331","336754","476085"
"2015-09-23","TajoMasterClientService.java","139236","336027","475263"
"2015-09-11","TajoMasterClientService.java","138656","316563","455219"
"2015-04-01","TajoAdmin.java","85417","211693","297110"
"2014-10-04","TajoAdmin.java","12398","93238","105636"
"2014-08-10","TajoAdmin.java","9304","31479","40783"
"2015-02-14","TajoAdmin.java","81025","199772","280797"
"2015-09-23","TajoAdmin.java","128953","349751","478704"
"2014-09-20","TajoAdmin.java","12080","90786","102866"
"2015-07-20","TajoAdmin.java","99110","282161","381271"
"2015-08-04","TajoAdmin.java","101979","292902","394881"
"2014-08-19","TajoAdmin.java","10317","36603","46920"
"2015-09-22","TestPgSQLJdbcTableSpace.java","446","708","1154"
"2015-07-30","TajoMasterClientService.java","100056","294209","394265"
"2015-07-20","TajoMasterClientService.java","97574","286123","383697"
"2015-07-20","TajoMasterClientService.java","98853","289198","388051"
"2014-12-10","TajoMasterClientService.java","49188","155937","205125"
"2015-07-24","TajoMasterClientService.java","99470","290814","390284"
"2014-08-11","TajoMasterClientService.java","10383","39256","49639"
"2014-05-12","TajoMasterClientService.java","289","3432","3721"
"2014-11-21","TajoMasterClientService.java","45313","148970","194283"
"2015-01-05","TajoMasterClientService.java","71809","195082","266891"
"2014-05-16","TajoMasterClientService.java","521","6019","6540"
"2015-02-14","TajoMasterClientService.java","79759","204004","283763"
"2015-06-16","TajoMasterClientService.java","93361","282149","375510"
"2014-09-22","TajoMasterClientService.java","12575","97822","110397"
"2015-08-13","TajoMasterClientService.java","101046","299606","400652"
"2015-12-17","TajoMasterClientService.java","126797","362112","488909"
"2015-01-22","TajoMasterClientService.java","79126","200857","279983"
"2015-01-09","TajoMasterClientService.java","77325","200663","277988"
"2014-11-11","TajoMasterClientService.java","44204","145049","189253"
"2015-06-23","TajoMasterClientService.java","93655","282433","376088"
"2015-09-23","TajoMasterClientService.java","125992","352288","478280"
"2015-09-23","TajoMasterClientService.java","125928","351592","477520"
"2015-09-11","TajoMasterClientService.java","125374","332154","457528"
"2015-04-01","TajoAdmin.java","88384","135954","224338"
"2014-10-04","TajoAdmin.java","430","2564","2994"
"2015-02-14","TajoAdmin.java","83578","123619","207197"
"2015-09-23","TajoAdmin.java","146660","288752","435412"
"2015-07-20","TajoAdmin.java","108303","212648","320951"
"2015-08-04","TajoAdmin.java","111484","223701","335185"
"2015-07-30","TajoMasterClientService.java","100601","291611","392212"
"2015-07-20","TajoMasterClientService.java","98074","283480","381554"
"2015-07-20","TajoMasterClientService.java","99353","286555","385908"
"2014-12-10","TajoMasterClientService.java","49462","153068","202530"
"2015-07-24","TajoMasterClientService.java","100012","288213","388225"
"2014-08-11","TajoMasterClientService.java","10188","35918","46106"
"2014-11-21","TajoMasterClientService.java","45587","146101","191688"
"2015-01-05","TajoMasterClientService.java","72095","192225","264320"
"2014-05-16","TajoMasterClientService.java","237","2592","2829"
"2015-02-14","TajoMasterClientService.java","80067","201169","281236"
"2015-06-16","TajoMasterClientService.java","93852","279497","373349"
"2014-09-22","TajoMasterClientService.java","12394","94498","106892"
"2015-08-13","TajoMasterClientService.java","101592","297009","398601"
"2015-12-17","TajoMasterClientService.java","128429","360601","489030"
"2015-01-22","TajoMasterClientService.java","79434","198022","277456"
"2015-01-09","TajoMasterClientService.java","77634","197829","275463"
"2014-11-11","TajoMasterClientService.java","44475","142177","186652"
"2015-06-23","TajoMasterClientService.java","94148","279783","373931"
"2015-09-23","TajoMasterClientService.java","127621","350774","478395"
"2015-09-23","TajoMasterClientService.java","127556","350077","477633"
"2015-09-11","TajoMasterClientService.java","127002","330639","457641"
"2015-09-23","TajoAdmin.java","115773","153520","269293"
"2015-08-04","TajoAdmin.java","11309","19181","30490"
"2015-07-30","TajoMasterClientService.java","151533","359725","511258"
"2015-07-20","TajoMasterClientService.java","150367","352955","503322"
"2015-07-20","TajoMasterClientService.java","151323","355707","507030"
"2014-12-10","TajoMasterClientService.java","129580","250368","379948"
"2015-07-24","TajoMasterClientService.java","151327","356710","508037"
"2014-08-11","TajoMasterClientService.java","117196","160108","277304"
"2014-05-07","TajoMasterClientService.java","115160","129199","244359"
"2014-05-12","TajoMasterClientService.java","115297","132479","247776"
"2014-11-21","TajoMasterClientService.java","128479","246175","374654"
"2015-01-05","TajoMasterClientService.java","144423","281735","426158"
"2014-05-16","TajoMasterClientService.java","115338","134875","250213"
"2015-02-14","TajoMasterClientService.java","144744","283028","427772"
"2015-06-16","TajoMasterClientService.java","149897","352724","502621"
"2014-09-22","TajoMasterClientService.java","117495","216781","334276"
"2015-08-13","TajoMasterClientService.java","152124","364723","516847"
"2015-12-17","TajoMasterClientService.java","153601","402955","556556"
"2015-01-22","TajoMasterClientService.java","144510","280280","424790"
"2015-01-09","TajoMasterClientService.java","144449","281826","426275"
"2014-11-11","TajoMasterClientService.java","127524","242408","369932"
"2015-06-23","TajoMasterClientService.java","150177","352994","503171"
"2015-09-23","TajoMasterClientService.java","153178","393513","546691"
"2015-09-23","TajoMasterClientService.java","153159","392862","546021"
"2015-09-11","TajoMasterClientService.java","152735","373554","526289"
"2015-07-30","TajoMasterClientService.java","89329","179825","269154"
"2015-07-20","TajoMasterClientService.java","85045","169937","254982"
"2015-07-20","TajoMasterClientService.java","86801","173489","260290"
"2014-12-10","TajoMasterClientService.java","5338","8430","13768"
"2015-07-24","TajoMasterClientService.java","88505","176192","264697"
"2015-01-05","TajoMasterClientService.java","41022","60638","101660"
"2015-02-14","TajoMasterClientService.java","56257","76845","133102"
"2015-06-16","TajoMasterClientService.java","79115","164246","243361"
"2015-08-13","TajoMasterClientService.java","90643","185546","276189"
"2015-12-17","TajoMasterClientService.java","129945","261603","391548"
"2015-01-22","TajoMasterClientService.java","51210","69284","120494"
"2015-01-09","TajoMasterClientService.java","49346","69027","118373"
"2015-06-23","TajoMasterClientService.java","79456","164577","244033"
"2015-09-23","TajoMasterClientService.java","128287","250926","379213"
"2015-09-23","TajoMasterClientService.java","128002","250009","378011"
"2015-09-11","TajoMasterClientService.java","127205","230328","357533"
"2015-09-14","TestTajoJdbc.java","90769","160543","251312"
"2015-09-23","TestTajoJdbc.java","91677","179915","271592"
"2015-07-17","TestTajoJdbc.java","23867","77620","101487"
"2015-06-23","TestTajoJdbc.java","21401","72122","93523"
"2015-12-16","S3TableSpace.java","1998","1485","3483"
"2015-09-23","TajoAdmin.java","111769","141644","253413"
"2015-04-01","TajoAdmin.java","86999","186989","273988"
"2014-10-04","TajoAdmin.java","2636","57190","59826"
"2015-02-14","TajoAdmin.java","82345","174806","257151"
"2015-09-23","TajoAdmin.java","141708","336220","477928"
"2014-09-20","TajoAdmin.java","2241","54661","56902"
"2015-07-20","TajoAdmin.java","105619","262384","368003"
"2015-08-04","TajoAdmin.java","108642","273279","381921"
"2015-09-14","TestTajoJdbc.java","99002","182947","281949"
"2015-04-17","TestTajoJdbc.java","16655","30826","47481"
"2015-09-23","TestTajoJdbc.java","99752","202161","301913"
"2015-07-17","TestTajoJdbc.java","37523","105447","142970"
"2015-06-23","TestTajoJdbc.java","35596","100488","136084"
"2015-07-30","TajoMasterClientService.java","66436","137316","203752"
"2015-07-20","TajoMasterClientService.java","58411","123687","182098"
"2015-07-20","TajoMasterClientService.java","60469","127541","188010"
"2015-07-24","TajoMasterClientService.java","63748","131819","195567"
"2015-02-14","TajoMasterClientService.java","20873","21845","42718"
"2015-06-16","TajoMasterClientService.java","50376","115891","166267"
"2015-08-13","TajoMasterClientService.java","68142","143429","211571"
"2015-12-17","TajoMasterClientService.java","114441","226483","340924"
"2015-01-22","TajoMasterClientService.java","15361","13819","29180"
"2015-01-09","TajoMasterClientService.java","12891","12956","25847"
"2015-06-23","TajoMasterClientService.java","50720","116225","166945"
"2015-09-23","TajoMasterClientService.java","111317","214340","325657"
"2015-09-23","TajoMasterClientService.java","110871","213262","324133"
"2015-09-11","TajoMasterClientService.java","110058","193565","303623"
"2014-10-31","TajoDump.java","99323","275431","374754"
"2013-10-21","TajoDump.java","15244","29503","44747"
"2014-03-26","TajoDump.java","55700","122806","178506"
"2014-03-20","TajoDump.java","55626","121868","177494"
"2015-02-14","TajoDump.java","99553","307425","406978"
"2015-02-02","TajoDump.java","99558","305486","405044"
"2014-04-18","TajoDump.java","97483","177100","274583"
"2014-04-18","TajoDump.java","56460","135843","192303"
"2015-07-28","TajoDump.java","101062","376143","477205"
"2014-04-21","TajoDump.java","97484","177340","274824"
"2014-06-17","TajoDump.java","98598","198075","296673"
"2015-09-24","TajoDump.java","101643","414958","516601"
"2014-03-30","TajoDump.java","55957","125545","181502"
"2015-02-14","TajoDump.java","52435","84199","136634"
"2015-02-02","TajoDump.java","47867","77687","125554"
"2015-07-28","TajoDump.java","84270","183243","267513"
"2015-09-24","TajoDump.java","123461","260668","384129"
"2015-09-14","TestTajoJdbc.java","122557","138578","261135"
"2015-09-23","TestTajoJdbc.java","124052","158537","282589"
"2014-10-31","TajoDump.java","111700","273549","385249"
"2014-03-26","TajoDump.java","48785","101632","150417"
"2014-03-20","TajoDump.java","48710","100693","149403"
"2015-02-14","TajoDump.java","111974","305587","417561"
"2015-02-02","TajoDump.java","111977","303646","415623"
"2014-04-18","TajoDump.java","109688","175046","284734"
"2014-04-18","TajoDump.java","49626","114750","164376"
"2015-07-28","TajoDump.java","114444","375266","489710"
"2014-04-21","TajoDump.java","109689","175286","284975"
"2014-06-17","TajoDump.java","110886","196104","306990"
"2015-09-24","TajoDump.java","115133","414189","529322"
"2014-03-30","TajoDump.java","49042","104371","153413"
"2015-09-14","TestTajoJdbc.java","123915","142968","266883"
"2015-09-23","TestTajoJdbc.java","125176","162693","287869"
"2015-07-17","TestTajoJdbc.java","3772","6804","10576"
"2014-10-31","TajoDump.java","126814","235816","362630"
"2015-02-14","TajoDump.java","142436","283202","425638"
"2015-02-02","TajoDump.java","142204","281026","423230"
"2014-04-18","TajoDump.java","112565","125076","237641"
"2014-04-18","TajoDump.java","3002","15279","18281"
"2015-07-28","TajoDump.java","148993","356968","505961"
"2014-04-21","TajoDump.java","112574","125324","237898"
"2014-06-17","TajoDump.java","115424","147795","263219"
"2015-09-24","TajoDump.java","150871","397080","547951"
"2014-03-30","TajoDump.java","598","3080","3678"
"2015-09-28","TestTajoJdbcNegative.java","1131","4686","5817"
"2015-09-23","TestTajoJdbcNegative.java","9493","31906","41399"
"2015-09-11","TestTajoJdbcNegative.java","6339","9293","15632"
"2015-09-28","TestTajoJdbcNegative.java","10493","36461","46954"
"2014-10-31","TajoDump.java","126270","236136","362406"
"2014-03-26","TajoDump.java","378","1242","1620"
"2015-02-14","TajoDump.java","141890","283520","425410"
"2015-02-02","TajoDump.java","141658","281344","423002"
"2014-04-18","TajoDump.java","112124","125499","237623"
"2014-04-18","TajoDump.java","3266","16407","19673"
"2015-07-28","TajoDump.java","148439","357278","505717"
"2014-04-21","TajoDump.java","112129","125743","237872"
"2014-06-17","TajoDump.java","114895","148130","263025"
"2015-09-24","TajoDump.java","150253","397326","547579"
"2014-03-30","TajoDump.java","939","4285","5224"
"2015-07-30","TajoMasterClientService.java","123142","375099","498241"
"2014-03-20","TajoMasterClientService.java","50512","90931","141443"
"2014-02-17","TajoMasterClientService.java","40663","67322","107985"
"2015-07-20","TajoMasterClientService.java","122605","368958","491563"
"2015-07-20","TajoMasterClientService.java","123051","371200","494251"
"2014-12-10","TajoMasterClientService.java","119573","284126","403699"
"2015-07-24","TajoMasterClientService.java","123055","372203","495258"
"2014-08-11","TajoMasterClientService.java","119053","205730","324783"
"2014-05-07","TajoMasterClientService.java","118361","176165","294526"
"2014-05-12","TajoMasterClientService.java","118394","179341","297735"
"2014-03-30","TajoMasterClientService.java","50866","94631","145497"
"2014-11-21","TajoMasterClientService.java","119559","281020","400579"
"2015-01-05","TajoMasterClientService.java","119777","300854","420631"
"2014-05-16","TajoMasterClientService.java","118394","181696","300090"
"2015-02-14","TajoMasterClientService.java","119801","301850","421651"
"2015-06-16","TajoMasterClientService.java","122516","369108","491624"
"2014-01-08","TajoMasterClientService.java","14754","29281","44035"
"2014-03-14","TajoMasterClientService.java","48851","84205","133056"
"2014-09-22","TajoMasterClientService.java","119131","262182","381313"
"2015-08-13","TajoMasterClientService.java","123335","379699","503034"
"2015-12-17","TajoMasterClientService.java","123912","417031","540943"
"2015-01-22","TajoMasterClientService.java","119804","299339","419143"
"2015-01-09","TajoMasterClientService.java","119783","300925","420708"
"2014-11-11","TajoMasterClientService.java","119419","278068","397487"
"2015-06-23","TajoMasterClientService.java","122516","369098","491614"
"2015-09-23","TajoMasterClientService.java","123760","407860","531620"
"2015-09-23","TajoMasterClientService.java","123752","407220","530972"
"2014-01-26","TajoMasterClientService.java","20956","42626","63582"
"2014-01-22","TajoMasterClientService.java","18211","39391","57602"
"2015-09-11","TajoMasterClientService.java","123519","388103","511622"
"2015-07-30","TajoMasterClientService.java","101694","290349","392043"
"2015-07-20","TajoMasterClientService.java","99110","282161","381271"
"2015-07-20","TajoMasterClientService.java","100389","285236","385625"
"2014-12-10","TajoMasterClientService.java","49759","151010","200769"
"2015-07-24","TajoMasterClientService.java","101105","286951","388056"
"2014-08-11","TajoMasterClientService.java","10011","33386","43397"
"2014-11-21","TajoMasterClientService.java","45874","144033","189907"
"2015-01-05","TajoMasterClientService.java","72557","190332","262889"
"2015-02-14","TajoMasterClientService.java","81025","199772","280797"
"2015-06-16","TajoMasterClientService.java","94863","278153","373016"
"2014-09-22","TajoMasterClientService.java","12243","91992","104235"
"2015-08-13","TajoMasterClientService.java","102686","295748","398434"
"2015-12-17","TajoMasterClientService.java","129824","359641","489465"
"2015-01-22","TajoMasterClientService.java","80390","196623","277013"
"2015-01-09","TajoMasterClientService.java","78590","196430","275020"
"2014-11-11","TajoMasterClientService.java","44758","140105","184863"
"2015-06-23","TajoMasterClientService.java","95159","278439","373598"
"2015-09-23","TajoMasterClientService.java","128953","349751","478704"
"2015-09-23","TajoMasterClientService.java","128871","349037","477908"
"2015-09-11","TajoMasterClientService.java","128317","329599","457916"
"2015-07-28","TajoDump.java","46230","113439","159669"
"2015-09-24","TajoDump.java","96287","201730","298017"
"2015-07-30","TajoMasterClientService.java","48894","118802","167696"
"2015-07-20","TajoMasterClientService.java","40578","104882","145460"
"2015-07-20","TajoMasterClientService.java","42699","108799","151498"
"2015-07-24","TajoMasterClientService.java","46146","113245","159391"
"2015-06-16","TajoMasterClientService.java","30839","95382","126221"
"2015-08-13","TajoMasterClientService.java","50729","125044","175773"
"2015-12-17","TajoMasterClientService.java","99476","210546","310022"
"2015-06-23","TajoMasterClientService.java","31211","95744","126955"
"2015-09-23","TajoMasterClientService.java","96261","198312","294573"
"2015-09-23","TajoMasterClientService.java","95704","197123","292827"
"2015-09-11","TajoMasterClientService.java","94782","177317","272099"
"2015-09-23","TestTajoJdbcNegative.java","3206","22665","25871"
"2015-09-28","TestTajoJdbcNegative.java","4256","27270","31526"
"2015-02-14","TajoDump.java","4887","6831","11718"
"2015-07-28","TajoDump.java","50704","119857","170561"
"2015-09-24","TajoDump.java","99709","207096","306805"
"2014-10-31","TajoDump.java","46159","142650","188809"
"2015-02-14","TajoDump.java","81889","210144","292033"
"2015-02-02","TajoDump.java","81395","207706","289101"
"2015-07-28","TajoDump.java","101291","296755","398046"
"2014-04-21","TajoDump.java","137","376","513"
"2014-06-17","TajoDump.java","7347","27207","34554"
"2015-09-24","TajoDump.java","126253","359951","486204"
"2014-10-31","TajoDump.java","131759","228484","360243"
"2015-02-14","TajoDump.java","151146","279635","430781"
"2015-02-02","TajoDump.java","150857","277402","428259"
"2015-07-28","TajoDump.java","158308","354006","512314"
"2014-04-21","TajoDump.java","116090","116563","232653"
"2014-06-17","TajoDump.java","119256","139350","258606"
"2015-09-24","TajoDump.java","160418","394350","554768"
"2015-09-24","TajoDump.java","111770","150004","261774"
"2015-07-30","TajoMasterClientService.java","28378","33743","62121"
"2015-07-20","TajoMasterClientService.java","18275","18036","36311"
"2015-07-20","TajoMasterClientService.java","21065","22622","43687"
"2015-07-24","TajoMasterClientService.java","24996","27552","52548"
"2015-08-13","TajoMasterClientService.java","30735","40507","71242"
"2015-12-17","TajoMasterClientService.java","129996","176523","306519"
"2015-06-23","TajoMasterClientService.java","442","432","874"
"2015-09-23","TajoMasterClientService.java","126031","163539","289570"
"2015-09-23","TajoMasterClientService.java","125236","162112","287348"
"2015-09-11","TajoMasterClientService.java","123829","141821","265650"
"2014-10-31","TajoDump.java","46266","142518","188784"
"2015-02-14","TajoDump.java","81998","210014","292012"
"2015-02-02","TajoDump.java","81504","207576","289080"
"2015-07-28","TajoDump.java","101415","296640","398055"
"2014-06-17","TajoDump.java","7333","26954","34287"
"2015-09-24","TajoDump.java","126490","359949","486439"
"2015-07-30","TajoMasterClientService.java","131725","369155","500880"
"2014-03-20","TajoMasterClientService.java","41066","66958","108024"
"2014-02-17","TajoMasterClientService.java","29885","42017","71902"
"2015-07-20","TajoMasterClientService.java","131127","362953","494080"
"2015-07-20","TajoMasterClientService.java","131635","365257","496892"
"2014-12-10","TajoMasterClientService.java","126610","276636","403246"
"2015-07-24","TajoMasterClientService.java","131639","366260","497899"
"2014-08-11","TajoMasterClientService.java","124657","196807","321464"
"2014-05-07","TajoMasterClientService.java","123551","166828","290379"
"2014-05-12","TajoMasterClientService.java","123639","170059","293698"
"2014-03-30","TajoMasterClientService.java","41522","70760","112282"
"2014-11-21","TajoMasterClientService.java","126589","273523","400112"
"2015-01-05","TajoMasterClientService.java","126828","293378","420206"
"2014-05-16","TajoMasterClientService.java","123670","172445","296115"
"2015-02-14","TajoMasterClientService.java","127039","294561","421600"
"2015-06-16","TajoMasterClientService.java","130749","362814","493563"
"2014-03-14","TajoMasterClientService.java","38918","59745","98663"
"2014-09-22","TajoMasterClientService.java","124810","253334","378144"
"2015-08-13","TajoMasterClientService.java","131958","373795","505753"
"2015-12-17","TajoMasterClientService.java","132775","411367","544142"
"2015-01-22","TajoMasterClientService.java","126859","291867","418726"
"2015-01-09","TajoMasterClientService.java","126834","293449","420283"
"2014-11-11","TajoMasterClientService.java","126432","270554","396986"
"2015-06-23","TajoMasterClientService.java","131027","363082","494109"
"2015-09-23","TajoMasterClientService.java","132601","402174","534775"
"2015-09-23","TajoMasterClientService.java","132586","401527","534113"
"2014-01-26","TajoMasterClientService.java","8388","15531","23919"
"2014-01-22","TajoMasterClientService.java","4855","11508","16363"
"2015-09-11","TajoMasterClientService.java","132330","382387","514717"
"2014-10-31","TajoDump.java","43666","120297","163963"
"2015-02-14","TajoDump.java","81228","189623","270851"
"2015-02-02","TajoDump.java","80724","187175","267899"
"2015-07-28","TajoDump.java","102630","278234","380864"
"2015-09-24","TajoDump.java","132032","345870","477902"
"2015-09-23","AnalyzerAdapter.java","145946","289520","435466"
"2014-10-31","TajoDump.java","127228","233748","360976"
"2015-02-14","TajoDump.java","144744","283028","427772"
"2015-02-02","TajoDump.java","144512","280852","425364"
"2014-04-18","TajoDump.java","112864","122893","235757"
"2014-04-18","TajoDump.java","2498","12293","14791"
"2015-07-28","TajoDump.java","151327","356820","508147"
"2014-04-21","TajoDump.java","112873","123141","236014"
"2014-06-17","TajoDump.java","115789","145678","261467"
"2015-09-24","TajoDump.java","153206","396933","550139"
"2015-07-30","TajoMasterClientService.java","145742","362345","508087"
"2014-03-20","TajoMasterClientService.java","4064","9129","13193"
"2015-07-20","TajoMasterClientService.java","144997","355996","500993"
"2015-07-20","TajoMasterClientService.java","145619","358414","504033"
"2014-12-10","TajoMasterClientService.java","126596","255795","382391"
"2015-07-24","TajoMasterClientService.java","145624","359418","505042"
"2014-08-11","TajoMasterClientService.java","115891","167214","283105"
"2014-05-07","TajoMasterClientService.java","114073","136523","250596"
"2014-05-12","TajoMasterClientService.java","114162","139755","253917"
"2014-03-30","TajoMasterClientService.java","4851","13262","18113"
"2014-11-21","TajoMasterClientService.java","125579","251686","377265"
"2015-01-05","TajoMasterClientService.java","139571","285294","424865"
"2014-05-16","TajoMasterClientService.java","114202","142150","256352"
"2015-02-14","TajoMasterClientService.java","139865","286560","426425"
"2015-06-16","TajoMasterClientService.java","144567","355805","500372"
"2014-09-22","TajoMasterClientService.java","116132","223829","339961"
"2015-08-13","TajoMasterClientService.java","146090","367100","513190"
"2015-12-17","TajoMasterClientService.java","147120","404885","552005"
"2015-01-22","TajoMasterClientService.java","139631","283812","423443"
"2015-01-09","TajoMasterClientService.java","139595","285383","424978"
"2014-11-11","TajoMasterClientService.java","124855","248150","373005"
"2015-06-23","TajoMasterClientService.java","144847","356075","500922"
"2015-09-23","TajoMasterClientService.java","146888","395634","542522"
"2015-09-23","TajoMasterClientService.java","146876","394990","541866"
"2015-09-11","TajoMasterClientService.java","146507","375737","522244"
"2015-07-22","AlgebraVisitor.java","77524","380379","457903"
"2013-12-16","AlgebraVisitor.java","36291","98512","134803"
"2014-03-31","AlgebraVisitor.java","52356","151740","204096"
"2014-01-17","AlgebraVisitor.java","40605","114061","154666"
"2013-12-23","AlgebraVisitor.java","37283","101305","138588"
"2015-07-22","AlgebraVisitor.java","130227","370861","501088"
"2014-03-31","AlgebraVisitor.java","51505","88668","140173"
"2014-01-17","AlgebraVisitor.java","16856","28091","44947"
"2013-12-23","AlgebraVisitor.java","2950","4751","7701"
"2015-07-22","AlgebraVisitor.java","152080","355551","507631"
"2015-09-23","JSRInlinerAdapter.java","145946","289520","435466"
"2015-07-30","TajoMasterClientService.java","111776","220682","332458"
"2015-07-20","TajoMasterClientService.java","108977","212279","321256"
"2015-07-20","TajoMasterClientService.java","110311","215409","325720"
"2014-12-10","TajoMasterClientService.java","46544","68046","114590"
"2015-07-24","TajoMasterClientService.java","111167","217264","328431"
"2014-11-21","TajoMasterClientService.java","41578","59988","101566"
"2015-01-05","TajoMasterClientService.java","73382","111408","184790"
"2015-02-14","TajoMasterClientService.java","83970","122968","206938"
"2015-06-16","TajoMasterClientService.java","103604","207145","310749"
"2015-08-13","TajoMasterClientService.java","112944","226257","339201"
"2015-12-17","TajoMasterClientService.java","148574","298642","447216"
"2015-01-22","TajoMasterClientService.java","83099","119583","202682"
"2015-01-09","TajoMasterClientService.java","81257","119348","200605"
"2014-11-11","TajoMasterClientService.java","40333","55931","96264"
"2015-06-23","TajoMasterClientService.java","103926","207457","311383"
"2015-09-23","TajoMasterClientService.java","147549","288598","436147"
"2015-09-23","TajoMasterClientService.java","147352","287769","435121"
"2015-09-11","TajoMasterClientService.java","146706","268239","414945"
"2015-02-14","TajoHAAdmin.java","82345","174806","257151"
"2015-05-14","TajoHAAdmin.java","91334","204836","296170"
"2015-05-14","TajoHAAdmin.java","15100","36141","51241"
"2015-07-22","AlgebraVisitor.java","134808","364207","499015"
"2014-03-31","AlgebraVisitor.java","39281","65209","104490"
"2015-07-22","AlgebraVisitor.java","131176","370009","501185"
"2014-03-31","AlgebraVisitor.java","50548","85910","136458"
"2014-01-17","AlgebraVisitor.java","14113","23547","37660"
"2015-07-22","BaseAlgebraVisitor.java","77524","380379","457903"
"2013-12-16","BaseAlgebraVisitor.java","36291","98512","134803"
"2014-02-16","BaseAlgebraVisitor.java","50617","131070","181687"
"2013-12-30","BaseAlgebraVisitor.java","38419","103665","142084"
"2014-01-17","BaseAlgebraVisitor.java","40605","114061","154666"
"2014-04-24","BaseAlgebraVisitor.java","75361","185157","260518"
"2013-09-04","BaseAlgebraVisitor.java","14921","21055","35976"
"2014-12-10","BaseAlgebraVisitor.java","76134","294790","370924"
"2014-02-10","BaseAlgebraVisitor.java","50620","130248","180868"
"2013-09-21","BaseAlgebraVisitor.java","18803","35744","54547"
"2015-04-27","BaseAlgebraVisitor.java","77160","331681","408841"
"2015-08-14","BaseAlgebraVisitor.java","77755","389859","467614"
"2013-09-16","BaseAlgebraVisitor.java","17935","34570","52505"
"2013-12-23","BaseAlgebraVisitor.java","37283","101305","138588"
"2014-04-08","BaseAlgebraVisitor.java","52419","156497","208916"
"2014-03-20","BaseAlgebraVisitor.java","52009","146531","198540"
"2014-04-14","BaseAlgebraVisitor.java","52422","158700","211122"
"2014-06-07","BaseAlgebraVisitor.java","75664","202689","278353"
"2014-02-27","BaseAlgebraVisitor.java","51211","134258","185469"
"2014-02-27","BaseAlgebraVisitor.java","51211","134258","185469"
"2014-07-09","BaseAlgebraVisitor.java","75656","206837","282493"
"2013-12-26","BaseAlgebraVisitor.java","37441","101614","139055"
"2014-01-08","BaseAlgebraVisitor.java","39237","107968","147205"
"2015-08-14","BaseAlgebraVisitor.java","10815","20064","30879"
"2015-08-04","ConnectDatabaseCommand.java","148691","362497","511188"
"2015-08-13","ConnectDatabaseCommand.java","149312","365257","514569"
"2015-11-17","ConnectDatabaseCommand.java","150571","400131","550702"
"2015-12-17","TajoMasterClientService.java","114271","151026","265297"
"2015-09-23","TajoMasterClientService.java","109350","137086","246436"
"2015-09-23","TajoMasterClientService.java","108432","135536","243968"
"2015-09-11","TajoMasterClientService.java","106442","114662","221104"
"2015-08-13","ConnectDatabaseCommand.java","3446","5585","9031"
"2015-11-17","ConnectDatabaseCommand.java","114233","149987","264220"
"2015-11-17","ConnectDatabaseCommand.java","111916","145531","257447"
"2015-07-22","BaseAlgebraVisitor.java","130227","370861","501088"
"2014-02-16","BaseAlgebraVisitor.java","40259","58491","98750"
"2013-12-30","BaseAlgebraVisitor.java","10170","13195","23365"
"2014-01-17","BaseAlgebraVisitor.java","16856","28091","44947"
"2014-04-24","BaseAlgebraVisitor.java","124367","171942","296309"
"2014-12-10","BaseAlgebraVisitor.java","126124","282559","408683"
"2014-02-10","BaseAlgebraVisitor.java","40156","57563","97719"
"2015-04-27","BaseAlgebraVisitor.java","129553","321853","451406"
"2015-08-14","BaseAlgebraVisitor.java","130577","380460","511037"
"2013-12-23","BaseAlgebraVisitor.java","2950","4751","7701"
"2014-04-08","BaseAlgebraVisitor.java","51799","93656","145455"
"2014-03-20","BaseAlgebraVisitor.java","51001","83302","134303"
"2014-04-14","BaseAlgebraVisitor.java","51857","95914","147771"
"2014-06-07","BaseAlgebraVisitor.java","124939","189743","314682"
"2014-02-27","BaseAlgebraVisitor.java","47255","68081","115336"
"2014-02-27","BaseAlgebraVisitor.java","47255","68081","115336"
"2014-07-09","BaseAlgebraVisitor.java","125050","194010","319060"
"2013-12-26","BaseAlgebraVisitor.java","3319","5271","8590"
"2014-01-08","BaseAlgebraVisitor.java","13671","20181","33852"
"2015-07-30","TajoMasterClientService.java","54256","126678","180934"
"2015-07-20","TajoMasterClientService.java","46031","112849","158880"
"2015-07-20","TajoMasterClientService.java","48095","116709","164804"
"2015-07-24","TajoMasterClientService.java","51539","121152","172691"
"2015-02-14","TajoMasterClientService.java","6186","8700","14886"
"2015-06-16","TajoMasterClientService.java","36503","103560","140063"
"2015-08-13","TajoMasterClientService.java","56022","132851","188873"
"2015-12-17","TajoMasterClientService.java","103572","217156","320728"
"2015-06-23","TajoMasterClientService.java","36854","103901","140755"
"2015-09-23","TajoMasterClientService.java","100387","204952","305339"
"2015-09-23","TajoMasterClientService.java","99858","203791","303649"
"2015-09-11","TajoMasterClientService.java","98966","184015","282981"
"2015-07-22","BaseAlgebraVisitor.java","140010","362412","502422"
"2014-04-24","BaseAlgebraVisitor.java","109926","139269","249195"
"2014-12-10","BaseAlgebraVisitor.java","122315","260518","382833"
"2015-04-27","BaseAlgebraVisitor.java","138719","312787","451506"
"2015-08-14","BaseAlgebraVisitor.java","140445","372096","512541"
"2014-04-08","BaseAlgebraVisitor.java","15309","38934","54243"
"2014-03-20","BaseAlgebraVisitor.java","13765","27834","41599"
"2014-04-14","BaseAlgebraVisitor.java","15699","41524","57223"
"2014-06-07","BaseAlgebraVisitor.java","110740","157312","268052"
"2014-02-27","BaseAlgebraVisitor.java","8522","11116","19638"
"2014-02-27","BaseAlgebraVisitor.java","8522","11116","19638"
"2014-07-09","BaseAlgebraVisitor.java","110980","161708","272688"
"2015-07-22","BaseAlgebraVisitor.java","128319","365928","494247"
"2014-02-16","BaseAlgebraVisitor.java","32623","47830","80453"
"2014-01-17","BaseAlgebraVisitor.java","7041","15251","22292"
"2014-04-24","BaseAlgebraVisitor.java","120518","165068","285586"
"2014-12-10","BaseAlgebraVisitor.java","123540","276950","400490"
"2014-02-10","BaseAlgebraVisitor.java","32520","46902","79422"
"2015-04-27","BaseAlgebraVisitor.java","127167","316442","443609"
"2015-08-14","BaseAlgebraVisitor.java","128685","375543","504228"
"2014-04-08","BaseAlgebraVisitor.java","44886","83718","128604"
"2014-03-20","BaseAlgebraVisitor.java","43910","73186","117096"
"2014-04-14","BaseAlgebraVisitor.java","45146","86178","131324"
"2014-06-07","BaseAlgebraVisitor.java","121205","182984","304189"
"2014-02-27","BaseAlgebraVisitor.java","39735","57536","97271"
"2014-02-27","BaseAlgebraVisitor.java","39735","57536","97271"
"2014-07-09","BaseAlgebraVisitor.java","121396","187331","308727"
"2014-01-08","BaseAlgebraVisitor.java","3585","7070","10655"
"2015-07-22","BaseAlgebraVisitor.java","134808","364207","499015"
"2014-02-16","BaseAlgebraVisitor.java","26629","33626","60255"
"2014-04-24","BaseAlgebraVisitor.java","126247","162587","288834"
"2014-12-10","BaseAlgebraVisitor.java","129734","274934","404668"
"2014-02-10","BaseAlgebraVisitor.java","26480","32652","59132"
"2015-04-27","BaseAlgebraVisitor.java","133648","314713","448361"
"2015-08-14","BaseAlgebraVisitor.java","135186","373834","509020"
"2014-04-08","BaseAlgebraVisitor.java","39789","70411","110200"
"2014-03-20","BaseAlgebraVisitor.java","38604","59670","98274"
"2014-04-14","BaseAlgebraVisitor.java","40068","72890","112958"
"2014-06-07","BaseAlgebraVisitor.java","126982","180551","307533"
"2014-02-27","BaseAlgebraVisitor.java","34275","43866","78141"
"2014-02-27","BaseAlgebraVisitor.java","34275","43866","78141"
"2014-07-09","BaseAlgebraVisitor.java","127179","184904","312083"
"2015-07-22","BaseAlgebraVisitor.java","98663","291722","390385"
"2014-12-10","BaseAlgebraVisitor.java","49108","157968","207076"
"2015-04-27","BaseAlgebraVisitor.java","86861","231586","318447"
"2015-08-14","BaseAlgebraVisitor.java","100726","303034","403760"
"2014-06-07","BaseAlgebraVisitor.java","3722","20951","24673"
"2014-07-09","BaseAlgebraVisitor.java","9059","30444","39503"
"2014-10-15","DescFunctionCommand.java","129130","258172","387302"
"2014-03-20","DescFunctionCommand.java","37445","56684","94129"
"2015-05-08","DescFunctionCommand.java","135281","316453","451734"
"2015-05-08","DescFunctionCommand.java","93100","145230","238330"
"2014-10-15","DescFunctionCommand.java","117170","226973","344143"
"2015-05-08","DescFunctionCommand.java","146823","308756","455579"
"2015-07-30","TajoMasterClientService.java","56365","127180","183545"
"2015-07-20","TajoMasterClientService.java","48154","113365","161519"
"2015-07-20","TajoMasterClientService.java","50216","117223","167439"
"2015-07-24","TajoMasterClientService.java","53649","121655","175304"
"2015-02-14","TajoMasterClientService.java","8608","9515","18123"
"2015-06-16","TajoMasterClientService.java","38737","104187","142924"
"2015-08-13","TajoMasterClientService.java","58123","133345","191468"
"2015-12-17","TajoMasterClientService.java","105561","217538","323099"
"2015-01-22","TajoMasterClientService.java","2478","871","3349"
"2015-06-23","TajoMasterClientService.java","39088","104528","143616"
"2015-09-23","TajoMasterClientService.java","102378","205336","307714"
"2015-09-23","TajoMasterClientService.java","101849","204175","306024"
"2015-09-11","TajoMasterClientService.java","101003","184445","285448"
"2015-07-22","BaseAlgebraVisitor.java","82392","379113","461505"
"2013-12-16","BaseAlgebraVisitor.java","26859","82946","109805"
"2014-02-16","BaseAlgebraVisitor.java","43993","118312","162305"
"2013-12-30","BaseAlgebraVisitor.java","29748","88860","118608"
"2014-01-17","BaseAlgebraVisitor.java","33046","100368","133414"
"2014-04-24","BaseAlgebraVisitor.java","79961","183623","263584"
"2014-12-10","BaseAlgebraVisitor.java","80804","293326","374130"
"2014-02-10","BaseAlgebraVisitor.java","43976","117470","161446"
"2013-09-21","BaseAlgebraVisitor.java","5974","16781","22755"
"2015-04-27","BaseAlgebraVisitor.java","82017","330404","412421"
"2015-08-14","BaseAlgebraVisitor.java","82644","388614","471258"
"2013-09-16","BaseAlgebraVisitor.java","4863","15364","20227"
"2013-12-23","BaseAlgebraVisitor.java","28014","85902","113916"
"2014-04-08","BaseAlgebraVisitor.java","46987","144931","191918"
"2014-03-20","BaseAlgebraVisitor.java","46502","134890","181392"
"2014-04-14","BaseAlgebraVisitor.java","46981","147125","194106"
"2014-06-07","BaseAlgebraVisitor.java","80302","201193","281495"
"2014-02-27","BaseAlgebraVisitor.java","44971","121884","166855"
"2014-02-27","BaseAlgebraVisitor.java","44971","121884","166855"
"2014-07-09","BaseAlgebraVisitor.java","80294","205341","285635"
"2013-12-26","BaseAlgebraVisitor.java","28307","86346","114653"
"2014-01-08","BaseAlgebraVisitor.java","31319","93916","125235"
"2015-07-30","TajoMasterClientService.java","90456","183764","274220"
"2015-07-20","TajoMasterClientService.java","86231","173935","260166"
"2015-07-20","TajoMasterClientService.java","87965","177465","265430"
"2014-12-10","TajoMasterClientService.java","7341","13245","20586"
"2015-07-24","TajoMasterClientService.java","89669","180168","269837"
"2014-11-21","TajoMasterClientService.java","2017","4829","6846"
"2015-01-05","TajoMasterClientService.java","42407","64835","107242"
"2015-02-14","TajoMasterClientService.java","57549","80949","138498"
"2015-06-16","TajoMasterClientService.java","80309","168252","248561"
"2015-08-13","TajoMasterClientService.java","91721","189436","281157"
"2015-12-17","TajoMasterClientService.java","130928","265398","396326"
"2015-01-22","TajoMasterClientService.java","52514","73400","125914"
"2015-01-09","TajoMasterClientService.java","50650","73143","123793"
"2015-06-23","TajoMasterClientService.java","80650","168583","249233"
"2015-09-23","TajoMasterClientService.java","129292","254743","384035"
"2015-09-23","TajoMasterClientService.java","129025","253844","382869"
"2015-09-11","TajoMasterClientService.java","128232","234167","362399"
"2015-07-22","BaseAlgebraVisitor.java","87058","171257","258315"
"2015-04-27","BaseAlgebraVisitor.java","65121","100986","166107"
"2015-08-14","BaseAlgebraVisitor.java","90295","183743","274038"
"2015-07-22","BaseAlgebraVisitor.java","139274","362501","501775"
"2014-02-16","BaseAlgebraVisitor.java","181","1006","1187"
"2014-04-24","BaseAlgebraVisitor.java","109569","139737","249306"
"2014-12-10","BaseAlgebraVisitor.java","121596","260624","382220"
"2015-04-27","BaseAlgebraVisitor.java","137983","312876","450859"
"2015-08-14","BaseAlgebraVisitor.java","139709","372185","511894"
"2014-04-08","BaseAlgebraVisitor.java","15315","39765","55080"
"2014-03-20","BaseAlgebraVisitor.java","13771","28665","42436"
"2014-04-14","BaseAlgebraVisitor.java","15705","42355","58060"
"2014-06-07","BaseAlgebraVisitor.java","110384","157781","268165"
"2014-02-27","BaseAlgebraVisitor.java","8616","12035","20651"
"2014-02-27","BaseAlgebraVisitor.java","8616","12035","20651"
"2014-07-09","BaseAlgebraVisitor.java","110624","162177","272801"
"2015-09-23","Analyzer.java","145946","289520","435466"
"2015-07-30","TajoMasterClientService.java","27966","33341","61307"
"2015-07-20","TajoMasterClientService.java","17835","17606","35441"
"2015-07-20","TajoMasterClientService.java","20646","22213","42859"
"2015-07-24","TajoMasterClientService.java","24577","27143","51720"
"2015-08-13","TajoMasterClientService.java","30333","40115","70448"
"2015-12-17","TajoMasterClientService.java","129670","176207","305877"
"2015-09-23","TajoMasterClientService.java","125705","163223","288928"
"2015-09-23","TajoMasterClientService.java","124910","161796","286706"
"2015-09-11","TajoMasterClientService.java","123501","141503","265004"
"2015-07-22","BaseAlgebraVisitor.java","92758","378672","471430"
"2013-12-16","BaseAlgebraVisitor.java","26159","71439","97598"
"2014-02-16","BaseAlgebraVisitor.java","47421","110933","158354"
"2013-12-30","BaseAlgebraVisitor.java","29161","77466","106627"
"2014-01-17","BaseAlgebraVisitor.java","33497","90012","123509"
"2014-04-24","BaseAlgebraVisitor.java","90117","182972","273089"
"2014-12-10","BaseAlgebraVisitor.java","91150","292865","384015"
"2014-02-10","BaseAlgebraVisitor.java","47406","110093","157499"
"2015-04-27","BaseAlgebraVisitor.java","92373","329953","422326"
"2015-08-14","BaseAlgebraVisitor.java","93009","388172","481181"
"2013-12-23","BaseAlgebraVisitor.java","27372","74453","101825"
"2014-04-08","BaseAlgebraVisitor.java","53751","140888","194639"
"2014-03-20","BaseAlgebraVisitor.java","53216","130797","184013"
"2014-04-14","BaseAlgebraVisitor.java","53767","143104","196871"
"2014-06-07","BaseAlgebraVisitor.java","90458","200542","291000"
"2014-02-27","BaseAlgebraVisitor.java","51593","117699","169292"
"2014-02-27","BaseAlgebraVisitor.java","51593","117699","169292"
"2014-07-09","BaseAlgebraVisitor.java","90452","204692","295144"
"2013-12-26","BaseAlgebraVisitor.java","27665","74897","102562"
"2014-01-08","BaseAlgebraVisitor.java","31184","82974","114158"
"2014-07-07","DescTableCommand.java","127947","179367","307314"
"2015-08-13","DescTableCommand.java","136652","371836","508488"
"2014-03-20","DescTableCommand.java","37445","56684","94129"
"2015-11-17","DescTableCommand.java","137425","406224","543649"
"2015-07-30","DescTableCommand.java","136417","367194","503611"
"2014-10-02","DescTableCommand.java","128812","251743","380555"
"2014-01-26","DescTableCommand.java","3837","4327","8164"
"2015-07-22","BaseAlgebraVisitor.java","34947","83281","118228"
"2015-08-14","BaseAlgebraVisitor.java","42915","100498","143413"
"2015-08-13","DescTableCommand.java","101888","285652","387540"
"2015-11-17","DescTableCommand.java","131026","348405","479431"
"2015-07-30","DescTableCommand.java","100863","280220","381083"
"2014-10-02","DescTableCommand.java","6434","77945","84379"
"2015-11-17","DescTableCommand.java","111916","145531","257447"
"2015-12-17","TajoMasterClientService.java","6921","15940","22861"
"2014-07-07","DescTableCommand.java","114947","147128","262075"
"2015-08-13","DescTableCommand.java","149312","365257","514569"
"2015-11-17","DescTableCommand.java","150571","400131","550702"
"2015-07-30","DescTableCommand.java","148637","360175","508812"
"2014-10-02","DescTableCommand.java","116624","220316","336940"
"2015-08-13","DescTableCommand.java","4268","8675","12943"
"2015-11-17","DescTableCommand.java","114165","152187","266352"
"2015-08-13","DescTableCommand.java","113318","225571","338889"
"2015-11-17","DescTableCommand.java","148572","294440","443012"
"2015-07-30","DescTableCommand.java","112150","219996","332146"
"2015-07-22","BaseAlgebraVisitor.java","92493","378713","471206"
"2013-12-16","BaseAlgebraVisitor.java","27051","72637","99688"
"2014-02-16","BaseAlgebraVisitor.java","47868","111686","159554"
"2013-12-30","BaseAlgebraVisitor.java","30031","78642","108673"
"2014-01-17","BaseAlgebraVisitor.java","33977","90798","124775"
"2014-04-24","BaseAlgebraVisitor.java","89851","183012","272863"
"2014-12-10","BaseAlgebraVisitor.java","90885","292906","383791"
"2014-02-10","BaseAlgebraVisitor.java","47853","110846","158699"
"2013-09-21","BaseAlgebraVisitor.java","1369","1675","3044"
"2015-04-27","BaseAlgebraVisitor.java","92108","329994","422102"
"2015-08-14","BaseAlgebraVisitor.java","92744","388213","480957"
"2013-12-23","BaseAlgebraVisitor.java","28243","75630","103873"
"2014-04-08","BaseAlgebraVisitor.java","54156","141599","195755"
"2014-03-20","BaseAlgebraVisitor.java","53620","131507","185127"
"2014-04-14","BaseAlgebraVisitor.java","54172","143815","197987"
"2014-06-07","BaseAlgebraVisitor.java","90192","200582","290774"
"2014-02-27","BaseAlgebraVisitor.java","52002","118414","170416"
"2014-02-27","BaseAlgebraVisitor.java","52002","118414","170416"
"2014-07-09","BaseAlgebraVisitor.java","90186","204732","294918"
"2013-12-26","BaseAlgebraVisitor.java","28536","76074","104610"
"2014-01-08","BaseAlgebraVisitor.java","32020","84116","116136"
"2015-07-22","BaseAlgebraVisitor.java","131176","370009","501185"
"2014-02-16","BaseAlgebraVisitor.java","39167","55598","94765"
"2013-12-30","BaseAlgebraVisitor.java","7304","8528","15832"
"2014-01-17","BaseAlgebraVisitor.java","14113","23547","37660"
"2014-04-24","BaseAlgebraVisitor.java","125276","171050","296326"
"2014-12-10","BaseAlgebraVisitor.java","127060","281694","408754"
"2014-02-10","BaseAlgebraVisitor.java","39064","54670","93734"
"2015-04-27","BaseAlgebraVisitor.java","130481","320980","451461"
"2015-08-14","BaseAlgebraVisitor.java","131527","379609","511136"
"2014-04-08","BaseAlgebraVisitor.java","50846","90902","141748"
"2014-03-20","BaseAlgebraVisitor.java","50031","80531","130562"
"2014-04-14","BaseAlgebraVisitor.java","50905","93161","144066"
"2014-06-07","BaseAlgebraVisitor.java","125869","188872","314741"
"2014-02-27","BaseAlgebraVisitor.java","46235","65260","111495"
"2014-02-27","BaseAlgebraVisitor.java","46235","65260","111495"
"2014-07-09","BaseAlgebraVisitor.java","125988","193147","319135"
"2013-12-26","BaseAlgebraVisitor.java","420","571","991"
"2014-01-08","BaseAlgebraVisitor.java","10862","15571","26433"
"2015-07-22","BaseAlgebraVisitor.java","156141","354918","511059"
"2014-04-24","BaseAlgebraVisitor.java","118138","123856","241994"
"2014-12-10","BaseAlgebraVisitor.java","133250","247828","381078"
"2015-04-27","BaseAlgebraVisitor.java","154209","304652","458861"
"2015-08-14","BaseAlgebraVisitor.java","157042","365068","522110"
"2014-04-14","BaseAlgebraVisitor.java","660","2860","3520"
"2014-06-07","BaseAlgebraVisitor.java","119182","142129","261311"
"2014-07-09","BaseAlgebraVisitor.java","119590","146693","266283"
"2014-07-07","DescTableCommand.java","127557","178487","306044"
"2015-08-13","DescTableCommand.java","136570","371264","507834"
"2014-03-20","DescTableCommand.java","34723","53472","88195"
"2015-11-17","DescTableCommand.java","137403","405712","543115"
"2015-07-30","DescTableCommand.java","136302","366589","502891"
"2014-10-02","DescTableCommand.java","128441","250882","379323"
"2015-07-22","BaseAlgebraVisitor.java","148435","356768","505203"
"2014-04-24","BaseAlgebraVisitor.java","113888","129162","243050"
"2014-12-10","BaseAlgebraVisitor.java","128534","252668","381202"
"2015-04-27","BaseAlgebraVisitor.java","146576","306575","453151"
"2015-08-14","BaseAlgebraVisitor.java","149368","366950","516318"
"2014-04-08","BaseAlgebraVisitor.java","1940","11496","13436"
"2014-04-14","BaseAlgebraVisitor.java","2519","14275","16794"
"2014-06-07","BaseAlgebraVisitor.java","114823","147326","262149"
"2014-07-09","BaseAlgebraVisitor.java","115215","151874","267089"
"2014-06-27","ExecExternalShellCommand.java","119457","140026","259483"
"2015-07-22","BaseAlgebraVisitor.java","157450","354027","511477"
"2014-04-24","BaseAlgebraVisitor.java","118488","122006","240494"
"2014-12-10","BaseAlgebraVisitor.java","134229","246607","380836"
"2015-04-27","BaseAlgebraVisitor.java","155480","303723","459203"
"2015-08-14","BaseAlgebraVisitor.java","158390","364216","522606"
"2014-06-07","BaseAlgebraVisitor.java","119570","140317","259887"
"2014-07-09","BaseAlgebraVisitor.java","119986","144889","264875"
"2015-07-22","BaseAlgebraVisitor.java","101771","277601","379372"
"2014-12-10","BaseAlgebraVisitor.java","49666","141297","190963"
"2015-04-27","BaseAlgebraVisitor.java","88884","216380","305264"
"2015-08-14","BaseAlgebraVisitor.java","104007","289086","393093"
"2014-07-09","BaseAlgebraVisitor.java","5493","9649","15142"
"2015-01-23","HelpCommand.java","131491","289858","421349"
"2014-03-20","HelpCommand.java","37445","56684","94129"
"2014-08-11","HelpCommand.java","128651","194148","322799"
"2014-07-11","HelpCommand.java","128046","185421","313467"
"2015-01-23","HelpCommand.java","141656","280784","422440"
"2014-08-11","HelpCommand.java","116292","162550","278842"
"2014-07-11","HelpCommand.java","115221","153357","268578"
"2015-01-23","HelpCommand.java","79772","172642","252414"
"2015-01-23","HelpCommand.java","78262","179254","257516"
"2014-08-11","HelpCommand.java","2994","11116","14110"
"2014-10-31","SetCommand.java","126270","236136","362406"
"2015-12-05","SetCommand.java","150642","402964","553606"
"2015-07-20","SetCommand.java","148435","356165","504600"
"2014-08-11","SetCommand.java","116292","162550","278842"
"2015-12-05","SetCommand.java","124932","267388","392320"
"2015-07-20","SetCommand.java","82535","180399","262934"
"2015-12-05","SetCommand.java","118567","163159","281726"
"2014-10-31","SetCommand.java","39738","103346","143084"
"2015-12-05","SetCommand.java","140181","346245","486426"
"2015-07-20","SetCommand.java","104821","266293","371114"
"2015-09-23","CheckMethodAdapter.java","145946","289520","435466"
"2014-10-31","TajoAdminCommand.java","131588","230366","361954"
"2014-10-31","TajoGetConfCommand.java","40262","105070","145332"
"2015-07-30","TajoMasterClientService.java","114526","378047","492573"
"2014-03-20","TajoMasterClientService.java","48710","100693","149403"
"2014-02-17","TajoMasterClientService.java","40710","78933","119643"
"2015-07-20","TajoMasterClientService.java","113959","371876","485835"
"2015-07-20","TajoMasterClientService.java","114440","374153","488593"
"2014-12-10","TajoMasterClientService.java","111772","287889","399661"
"2015-07-24","TajoMasterClientService.java","114444","375156","489600"
"2014-08-11","TajoMasterClientService.java","111370","209611","320981"
"2014-05-07","TajoMasterClientService.java","110859","180227","291086"
"2014-05-12","TajoMasterClientService.java","110879","183390","294269"
"2014-03-30","TajoMasterClientService.java","49042","104371","153413"
"2014-11-21","TajoMasterClientService.java","111763","284788","396551"
"2015-01-05","TajoMasterClientService.java","111959","304600","416559"
"2013-12-05","TajoMasterClientService.java","11208","22772","33980"
"2014-05-16","TajoMasterClientService.java","110879","185745","296624"
"2015-02-14","TajoMasterClientService.java","111974","305587","417561"
"2015-06-16","TajoMasterClientService.java","113934","372090","486024"
"2014-01-08","TajoMasterClientService.java","18752","44843","63595"
"2014-03-14","TajoMasterClientService.java","47538","94456","141994"
"2014-09-22","TajoMasterClientService.java","111445","266060","377505"
"2015-08-13","TajoMasterClientService.java","114700","382628","497328"
"2015-12-17","TajoMasterClientService.java","115256","419939","535195"
"2015-01-22","TajoMasterClientService.java","111977","303076","415053"
"2015-01-09","TajoMasterClientService.java","111964","304670","416634"
"2014-11-11","TajoMasterClientService.java","111701","281914","393615"
"2015-06-23","TajoMasterClientService.java","113934","372080","486014"
"2015-09-23","TajoMasterClientService.java","115118","410782","525900"
"2015-09-23","TajoMasterClientService.java","115112","410144","525256"
"2014-01-26","TajoMasterClientService.java","24000","57234","81234"
"2014-01-22","TajoMasterClientService.java","21887","54631","76518"
"2015-09-11","TajoMasterClientService.java","114873","391021","505894"
"2015-02-05","TajoHAAdminCommand.java","82011","174358","256369"
"2015-12-17","TajoMasterClientService.java","7956","17607","25563"
"2015-07-30","TajoMasterClientService.java","136302","366589","502891"
"2014-03-20","TajoMasterClientService.java","34723","53472","88195"
"2014-02-17","TajoMasterClientService.java","22000","26989","48989"
"2015-07-20","TajoMasterClientService.java","135647","360330","495977"
"2015-07-20","TajoMasterClientService.java","136191","362670","498861"
"2014-12-10","TajoMasterClientService.java","130889","273772","404661"
"2015-07-24","TajoMasterClientService.java","136193","363671","499864"
"2014-08-11","TajoMasterClientService.java","128280","193287","321567"
"2014-05-07","TajoMasterClientService.java","127074","163208","290282"
"2014-05-12","TajoMasterClientService.java","127162","166439","293601"
"2014-03-30","TajoMasterClientService.java","35254","57349","92603"
"2014-11-21","TajoMasterClientService.java","130867","270658","401525"
"2015-01-05","TajoMasterClientService.java","131143","290550","421693"
"2014-05-16","TajoMasterClientService.java","127194","168826","296020"
"2015-02-14","TajoMasterClientService.java","131372","291751","423123"
"2015-06-16","TajoMasterClientService.java","135270","360192","495462"
"2014-03-14","TajoMasterClientService.java","32045","45729","77774"
"2014-09-22","TajoMasterClientService.java","128439","249820","378259"
"2015-08-13","TajoMasterClientService.java","136570","371264","507834"
"2015-12-17","TajoMasterClientService.java","137441","408890","546331"
"2015-01-22","TajoMasterClientService.java","131179","289044","420223"
"2015-01-09","TajoMasterClientService.java","131154","290626","421780"
"2014-11-11","TajoMasterClientService.java","130691","267670","398361"
"2015-06-23","TajoMasterClientService.java","135548","360460","496008"
"2015-09-23","TajoMasterClientService.java","137263","399693","536956"
"2015-09-23","TajoMasterClientService.java","137248","399046","536294"
"2015-09-11","TajoMasterClientService.java","136940","379854","516794"
"2015-08-13","TajoShellCommand.java","136652","371836","508488"
"2014-08-11","TajoShellCommand.java","128651","194148","322799"
"2014-03-20","TajoShellCommand.java","37445","56684","94129"
"2014-10-28","TajoShellCommand.java","129943","257266","387209"
"2015-09-23","ASMContentHandler.java","145946","289520","435466"
"2015-07-22","BaseAlgebraVisitor.java","141927","361735","503662"
"2014-04-24","BaseAlgebraVisitor.java","111004","137753","248757"
"2014-12-10","BaseAlgebraVisitor.java","123708","259317","383025"
"2015-04-27","BaseAlgebraVisitor.java","140569","312043","452612"
"2015-08-14","BaseAlgebraVisitor.java","142453","371510","513963"
"2014-04-08","BaseAlgebraVisitor.java","7836","28867","36703"
"2014-03-20","BaseAlgebraVisitor.java","6215","17690","23905"
"2014-04-14","BaseAlgebraVisitor.java","8236","31467","39703"
"2014-06-07","BaseAlgebraVisitor.java","111864","155842","267706"
"2014-07-09","BaseAlgebraVisitor.java","112196","160330","272526"
"2015-07-22","BaseAlgebraVisitor.java","141927","361735","503662"
"2014-04-24","BaseAlgebraVisitor.java","111004","137753","248757"
"2014-12-10","BaseAlgebraVisitor.java","123708","259317","383025"
"2015-04-27","BaseAlgebraVisitor.java","140569","312043","452612"
"2015-08-14","BaseAlgebraVisitor.java","142453","371510","513963"
"2014-04-08","BaseAlgebraVisitor.java","7836","28867","36703"
"2014-03-20","BaseAlgebraVisitor.java","6215","17690","23905"
"2014-04-14","BaseAlgebraVisitor.java","8236","31467","39703"
"2014-06-07","BaseAlgebraVisitor.java","111864","155842","267706"
"2014-07-09","BaseAlgebraVisitor.java","112196","160330","272526"
"2015-08-13","TajoShellCommand.java","107276","276963","384239"
"2014-10-28","TajoShellCommand.java","35270","97096","132366"
"2015-08-13","TajoShellCommand.java","149312","365257","514569"
"2014-08-11","TajoShellCommand.java","116292","162550","278842"
"2014-10-28","TajoShellCommand.java","124390","232474","356864"
"2015-08-13","TajoShellCommand.java","87176","195037","282213"
"2015-07-30","TajoMasterClientService.java","136417","367194","503611"
"2014-03-20","TajoMasterClientService.java","37445","56684","94129"
"2014-02-17","TajoMasterClientService.java","25682","31161","56843"
"2015-07-20","TajoMasterClientService.java","135815","360988","496803"
"2015-07-20","TajoMasterClientService.java","136329","363298","499627"
"2014-12-10","TajoMasterClientService.java","131219","274592","405811"
"2015-07-24","TajoMasterClientService.java","136331","364299","500630"
"2014-08-11","TajoMasterClientService.java","128651","194148","322799"
"2014-05-07","TajoMasterClientService.java","127501","164125","291626"
"2014-05-12","TajoMasterClientService.java","127589","167356","294945"
"2014-03-30","TajoMasterClientService.java","37966","60551","98517"
"2014-11-21","TajoMasterClientService.java","131198","271479","402677"
"2015-01-05","TajoMasterClientService.java","131455","291352","422807"
"2014-05-16","TajoMasterClientService.java","127621","169743","297364"
"2015-02-14","TajoMasterClientService.java","131684","292553","424237"
"2015-06-16","TajoMasterClientService.java","135437","360849","496286"
"2014-03-14","TajoMasterClientService.java","35166","49340","84506"
"2014-09-22","TajoMasterClientService.java","128810","250681","379491"
"2015-08-13","TajoMasterClientService.java","136652","371836","508488"
"2015-12-17","TajoMasterClientService.java","137463","409402","546865"
"2015-01-22","TajoMasterClientService.java","131491","289846","421337"
"2015-01-09","TajoMasterClientService.java","131466","291428","422894"
"2014-11-11","TajoMasterClientService.java","131041","268510","399551"
"2015-06-23","TajoMasterClientService.java","135715","361117","496832"
"2015-09-23","TajoMasterClientService.java","137285","400205","537490"
"2015-09-23","TajoMasterClientService.java","137270","399558","536828"
"2014-01-26","TajoMasterClientService.java","3837","4327","8164"
"2015-09-11","TajoMasterClientService.java","137012","380416","517428"
"2015-07-22","BaseAlgebraVisitor.java","101142","272816","373958"
"2014-12-10","BaseAlgebraVisitor.java","46845","134320","181165"
"2015-04-27","BaseAlgebraVisitor.java","86922","210262","297184"
"2015-08-14","BaseAlgebraVisitor.java","103454","284377","387831"
"2015-07-22","BaseAlgebraVisitor.java","131163","369845","501008"
"2014-02-16","BaseAlgebraVisitor.java","38860","55140","94000"
"2013-12-30","BaseAlgebraVisitor.java","6892","7965","14857"
"2014-01-17","BaseAlgebraVisitor.java","13788","23071","36859"
"2014-04-24","BaseAlgebraVisitor.java","125207","170830","296037"
"2014-12-10","BaseAlgebraVisitor.java","127047","281530","408577"
"2014-02-10","BaseAlgebraVisitor.java","38757","54212","92969"
"2015-04-27","BaseAlgebraVisitor.java","130468","320816","451284"
"2015-08-14","BaseAlgebraVisitor.java","131514","379445","510959"
"2014-04-08","BaseAlgebraVisitor.java","50553","90458","141011"
"2014-03-20","BaseAlgebraVisitor.java","49730","80079","129809"
"2014-04-14","BaseAlgebraVisitor.java","50614","92719","143333"
"2014-06-07","BaseAlgebraVisitor.java","125857","188709","314566"
"2014-02-27","BaseAlgebraVisitor.java","45928","64802","110730"
"2014-02-27","BaseAlgebraVisitor.java","45928","64802","110730"
"2014-07-09","BaseAlgebraVisitor.java","125976","192984","318960"
"2014-01-08","BaseAlgebraVisitor.java","10451","15009","25460"
"2014-09-04","VersionCommand.java","128737","248394","377131"
"2014-03-20","VersionCommand.java","37445","56684","94129"
"2015-07-22","BaseAlgebraVisitor.java","131682","365806","497488"
"2014-02-16","BaseAlgebraVisitor.java","29533","41255","70788"
"2014-01-17","BaseAlgebraVisitor.java","3740","8465","12205"
"2014-04-24","BaseAlgebraVisitor.java","123198","164263","287461"
"2014-12-10","BaseAlgebraVisitor.java","126657","276582","403239"
"2014-02-10","BaseAlgebraVisitor.java","29427","40324","69751"
"2015-04-27","BaseAlgebraVisitor.java","130528","316318","446846"
"2015-08-14","BaseAlgebraVisitor.java","132048","375421","507469"
"2014-04-08","BaseAlgebraVisitor.java","42133","77480","119613"
"2014-03-20","BaseAlgebraVisitor.java","41079","66870","107949"
"2014-04-14","BaseAlgebraVisitor.java","42419","79966","122385"
"2014-06-07","BaseAlgebraVisitor.java","123925","182219","306144"
"2014-02-27","BaseAlgebraVisitor.java","36790","51106","87896"
"2014-02-27","BaseAlgebraVisitor.java","36790","51106","87896"
"2014-07-09","BaseAlgebraVisitor.java","124116","186566","310682"
"2014-09-04","VersionCommand.java","116468","216886","333354"
"2015-04-29","AggregationFunctionCallEval.java","83622","334927","418549"
"2015-05-27","AggregationFunctionCallEval.java","83580","375555","459135"
"2014-07-09","AggregationFunctionCallEval.java","82121","207772","289893"
"2015-04-02","AggregationFunctionCallEval.java","83604","321848","405452"
"2014-10-08","AggregationFunctionCallEval.java","82390","278177","360567"
"2015-04-06","AggregationFunctionCallEval.java","83604","327549","411153"
"2014-12-30","AggregationFunctionCallEval.java","82701","309764","392465"
"2015-03-20","AggregationFunctionCallEval.java","83594","319885","403479"
"2015-12-17","TajoMasterClientService.java","10447","38982","49429"
"2015-09-23","TajoMasterClientService.java","4003","23519","27522"
"2015-09-23","TajoMasterClientService.java","2954","21838","24792"
"2015-05-27","AggregationFunctionCallEval.java","16184","56854","73038"
"2014-11-09","DefaultTajoCliOutputFormatter.java","43602","142814","186416"
"2015-03-13","DefaultTajoCliOutputFormatter.java","82817","215738","298555"
"2014-08-11","DefaultTajoCliOutputFormatter.java","11402","43570","54972"
"2014-10-02","DefaultTajoCliOutputFormatter.java","13587","103190","116777"
"2014-04-29","DefaultTajoCliOutputFormatter.java","311","1974","2285"
"2014-10-02","DefaultTajoCliOutputFormatter.java","13587","103189","116776"
"2015-03-13","DefaultTajoCliOutputFormatter.java","59493","93202","152695"
"2015-04-29","AggregationFunctionCallEval.java","86946","212600","299546"
"2015-05-27","AggregationFunctionCallEval.java","93391","259715","353106"
"2015-04-02","AggregationFunctionCallEval.java","84074","196667","280741"
"2014-10-08","AggregationFunctionCallEval.java","6076","76212","82288"
"2015-04-06","AggregationFunctionCallEval.java","84216","202510","286726"
"2014-12-30","AggregationFunctionCallEval.java","69654","171066","240720"
"2015-03-20","AggregationFunctionCallEval.java","82485","193125","275610"
"2014-11-09","DefaultTajoCliOutputFormatter.java","40021","107065","147086"
"2015-03-13","DefaultTajoCliOutputFormatter.java","84259","185012","269271"
"2014-10-02","DefaultTajoCliOutputFormatter.java","2905","60340","63245"
"2014-10-02","DefaultTajoCliOutputFormatter.java","2905","60339","63244"
"2014-11-09","DefaultTajoCliOutputFormatter.java","39930","49539","89469"
"2015-03-13","DefaultTajoCliOutputFormatter.java","88363","131681","220044"
"2015-04-29","AggregationFunctionCallEval.java","5950","19011","24961"
"2015-05-27","AggregationFunctionCallEval.java","21802","75533","97335"
"2015-04-06","AggregationFunctionCallEval.java","234","5935","6169"
"2014-11-09","DefaultTajoCliOutputFormatter.java","43964","141513","185477"
"2015-03-13","DefaultTajoCliOutputFormatter.java","83354","214612","297966"
"2014-08-11","DefaultTajoCliOutputFormatter.java","11412","41917","53329"
"2014-10-02","DefaultTajoCliOutputFormatter.java","13664","101604","115268"
"2014-10-02","DefaultTajoCliOutputFormatter.java","13664","101603","115267"
"2015-10-06","SQLAnalyzer.java","77692","420193","497885"
"2014-01-29","SQLAnalyzer.java","49817","126427","176244"
"2015-09-07","SQLAnalyzer.java","77440","393872","471312"
"2015-09-11","SQLAnalyzer.java","77442","396604","474046"
"2013-09-09","SQLAnalyzer.java","15621","22230","37851"
"2014-04-08","SQLAnalyzer.java","52347","156844","209191"
"2014-12-10","SQLAnalyzer.java","75712","294787","370499"
"2015-04-16","SQLAnalyzer.java","76720","327694","404414"
"2013-09-21","SQLAnalyzer.java","18954","36314","55268"
"2014-04-16","SQLAnalyzer.java","52475","161700","214175"
"2013-09-04","SQLAnalyzer.java","14883","20140","35023"
"2014-02-16","SQLAnalyzer.java","50545","131417","181962"
"2015-09-23","SQLAnalyzer.java","77668","416290","493958"
"2015-02-05","SQLAnalyzer.java","75820","311749","387569"
"2015-02-05","SQLAnalyzer.java","75820","311749","387569"
"2014-07-09","SQLAnalyzer.java","75237","206837","282074"
"2015-11-18","SQLAnalyzer.java","77718","422813","500531"
"2014-01-17","SQLAnalyzer.java","40534","114409","154943"
"2014-03-31","SQLAnalyzer.java","52284","152087","204371"
"2013-10-17","SQLAnalyzer.java","30174","73248","103422"
"2013-12-23","SQLAnalyzer.java","37295","101561","138856"
"2013-09-30","SQLAnalyzer.java","20862","39396","60258"
"2013-12-12","SQLAnalyzer.java","36240","95535","131775"
"2013-10-21","SQLAnalyzer.java","30753","73898","104651"
"2013-10-07","SQLAnalyzer.java","22772","52550","75322"
"2013-12-08","SQLAnalyzer.java","36159","92099","128258"
"2013-09-27","SQLAnalyzer.java","20310","38016","58326"
"2014-01-23","SQLAnalyzer.java","40726","117418","158144"
"2014-04-08","SQLAnalyzer.java","52342","156383","208725"
"2013-10-07","SQLAnalyzer.java","23871","54684","78555"
"2013-09-23","SQLAnalyzer.java","19183","37078","56261"
"2015-08-14","SQLAnalyzer.java","77329","389852","467181"
"2015-05-11","SQLAnalyzer.java","76694","334396","411090"
"2013-12-02","SQLAnalyzer.java","36097","87005","123102"
"2013-12-02","SQLAnalyzer.java","36095","87940","124035"
"2015-03-10","SQLAnalyzer.java","75880","314351","390231"
"2015-07-30","SQLAnalyzer.java","77179","383658","460837"
"2015-09-07","SQLAnalyzer.java","77440","393966","471406"
"2014-03-20","SQLAnalyzer.java","51937","146878","198815"
"2014-05-27","SQLAnalyzer.java","75250","200359","275609"
"2013-10-31","SQLAnalyzer.java","33029","77658","110687"
"2015-09-10","SQLAnalyzer.java","77442","396341","473783"
"2015-09-23","SQLAnalyzer.java","77666","415656","493322"
"2014-12-12","SQLAnalyzer.java","75716","305269","380985"
"2013-09-27","SQLAnalyzer.java","20288","37802","58090"
"2014-06-07","SQLAnalyzer.java","75245","202689","277934"
"2015-02-21","SQLAnalyzer.java","75820","312692","388512"
"2013-12-16","SQLAnalyzer.java","36337","98977","135314"
"2013-09-04","SQLAnalyzer.java","15147","21700","36847"
"2015-08-04","SQLAnalyzer.java","77181","386259","463440"
"2015-10-23","SQLAnalyzer.java","77699","421020","498719"
"2013-09-27","SQLAnalyzer.java","20299","37904","58203"
"2013-12-10","SQLAnalyzer.java","36164","94082","130246"
"2013-12-23","SQLAnalyzer.java","37329","101770","139099"
"2013-12-26","SQLAnalyzer.java","37487","102079","139566"
"2014-01-08","SQLAnalyzer.java","39283","108433","147716"
"2014-04-24","SQLAnalyzer.java","74942","185157","260099"
"2014-06-05","SQLAnalyzer.java","75245","202105","277350"
"2014-04-14","SQLAnalyzer.java","52345","159042","211387"
"2015-02-05","SQLAnalyzer.java","75820","312032","387852"
"2015-07-31","SQLAnalyzer.java","77178","384329","461507"
"2015-04-05","SQLAnalyzer.java","76720","321663","398383"
"2015-09-24","SQLAnalyzer.java","77668","416617","494285"
"2015-04-29","AggregationFunctionCallEval.java","93537","149055","242592"
"2015-05-27","AggregationFunctionCallEval.java","101974","198162","300136"
"2015-04-02","AggregationFunctionCallEval.java","90094","132551","222645"
"2015-04-06","AggregationFunctionCallEval.java","90238","138396","228634"
"2014-12-30","AggregationFunctionCallEval.java","72906","104182","177088"
"2015-03-20","AggregationFunctionCallEval.java","88372","128876","217248"
"2014-11-09","DefaultTajoCliOutputFormatter.java","39929","49539","89468"
"2015-03-13","DefaultTajoCliOutputFormatter.java","88362","131681","220043"
"2015-11-18","SQLAnalyzer.java","3869","6463","10332"
"2015-10-23","SQLAnalyzer.java","616","1436","2052"
"2015-04-29","AggregationFunctionCallEval.java","5782","13142","18924"
"2015-05-27","AggregationFunctionCallEval.java","21686","69716","91402"
"2015-10-06","SQLAnalyzer.java","137538","403429","540967"
"2015-09-07","SQLAnalyzer.java","137148","376970","514118"
"2015-09-11","SQLAnalyzer.java","137150","379702","516852"
"2014-04-08","SQLAnalyzer.java","17086","44973","62059"
"2014-12-10","SQLAnalyzer.java","119330","261795","381125"
"2015-04-16","SQLAnalyzer.java","134207","308571","442778"
"2014-04-16","SQLAnalyzer.java","18114","50729","68843"
"2014-02-16","SQLAnalyzer.java","2220","6482","8702"
"2015-09-23","SQLAnalyzer.java","137472","399484","536956"
"2015-02-05","SQLAnalyzer.java","131334","290653","421987"
"2015-02-05","SQLAnalyzer.java","131334","290653","421987"
"2014-07-09","SQLAnalyzer.java","109450","164440","273890"
"2015-11-18","SQLAnalyzer.java","137638","406123","543761"
"2014-03-31","SQLAnalyzer.java","16440","39633","56073"
"2014-04-08","SQLAnalyzer.java","16889","44320","61209"
"2015-08-14","SQLAnalyzer.java","136838","372751","509589"
"2015-05-11","SQLAnalyzer.java","135326","316418","451744"
"2015-03-10","SQLAnalyzer.java","131824","293685","425509"
"2015-07-30","SQLAnalyzer.java","136516","366385","502901"
"2015-09-07","SQLAnalyzer.java","137148","377064","514212"
"2014-03-20","SQLAnalyzer.java","15635","33966","49601"
"2014-05-27","SQLAnalyzer.java","109237","157736","266973"
"2015-09-10","SQLAnalyzer.java","137150","379439","516589"
"2015-09-23","SQLAnalyzer.java","137457","398837","536294"
"2014-12-12","SQLAnalyzer.java","131059","284002","415061"
"2014-06-07","SQLAnalyzer.java","109220","160054","269274"
"2015-02-21","SQLAnalyzer.java","131532","291794","423326"
"2015-08-04","SQLAnalyzer.java","136526","368994","505520"
"2015-10-23","SQLAnalyzer.java","137570","404281","541851"
"2014-04-24","SQLAnalyzer.java","108419","142024","250443"
"2014-06-05","SQLAnalyzer.java","109220","159470","268690"
"2014-04-14","SQLAnalyzer.java","17446","47533","64979"
"2015-02-05","SQLAnalyzer.java","131334","290936","422270"
"2015-07-31","SQLAnalyzer.java","136511","367052","503563"
"2015-04-05","SQLAnalyzer.java","134204","302537","436741"
"2015-09-24","SQLAnalyzer.java","137483","399822","537305"
"2015-10-06","SQLAnalyzer.java","8078","34147","42225"
"2015-09-11","SQLAnalyzer.java","2993","5723","8716"
"2015-09-23","SQLAnalyzer.java","6824","29014","35838"
"2015-11-18","SQLAnalyzer.java","11693","40356","52049"
"2015-09-10","SQLAnalyzer.java","2883","5350","8233"
"2015-09-23","SQLAnalyzer.java","5803","27361","33164"
"2015-10-23","SQLAnalyzer.java","8576","35465","44041"
"2015-09-24","SQLAnalyzer.java","6889","29406","36295"
"2015-10-06","SQLAnalyzer.java","5188","28527","33715"
"2015-09-23","SQLAnalyzer.java","3898","23358","27256"
"2015-11-18","SQLAnalyzer.java","8834","34767","43601"
"2015-09-23","SQLAnalyzer.java","2849","21677","24526"
"2015-10-23","SQLAnalyzer.java","5697","29856","35553"
"2015-09-24","SQLAnalyzer.java","3963","23750","27713"
"2015-10-06","SQLAnalyzer.java","82960","418852","501812"
"2014-01-29","SQLAnalyzer.java","42662","112663","155325"
"2015-09-07","SQLAnalyzer.java","82702","392525","475227"
"2015-09-11","SQLAnalyzer.java","82704","395257","477961"
"2014-04-08","SQLAnalyzer.java","46503","144391","190894"
"2014-12-10","SQLAnalyzer.java","80739","293205","373944"
"2015-04-16","SQLAnalyzer.java","81930","326295","408225"
"2013-09-21","SQLAnalyzer.java","4906","15657","20563"
"2014-04-16","SQLAnalyzer.java","46743","149359","196102"
"2014-02-16","SQLAnalyzer.java","43471","117734","161205"
"2015-09-23","SQLAnalyzer.java","82938","414951","497889"
"2015-02-05","SQLAnalyzer.java","80927","310247","391174"
"2015-02-05","SQLAnalyzer.java","80927","310247","391174"
"2014-07-09","SQLAnalyzer.java","80222","205213","285435"
"2015-11-18","SQLAnalyzer.java","83005","421491","504496"
"2014-01-17","SQLAnalyzer.java","32428","99694","132122"
"2014-03-31","SQLAnalyzer.java","46405","139599","186004"
"2013-10-17","SQLAnalyzer.java","17911","54376","72287"
"2013-12-23","SQLAnalyzer.java","27264","84921","112185"
"2013-09-30","SQLAnalyzer.java","7444","19369","26813"
"2013-12-12","SQLAnalyzer.java","26009","78695","104704"
"2013-10-21","SQLAnalyzer.java","18874","55410","74284"
"2013-10-07","SQLAnalyzer.java","9488","32657","42145"
"2013-12-08","SQLAnalyzer.java","25909","75240","101149"
"2013-09-27","SQLAnalyzer.java","6815","17912","24727"
"2014-01-23","SQLAnalyzer.java","32775","102858","135633"
"2014-04-08","SQLAnalyzer.java","46485","143917","190402"
"2013-10-07","SQLAnalyzer.java","10827","35031","45858"
"2013-09-23","SQLAnalyzer.java","5153","16439","21592"
"2015-08-14","SQLAnalyzer.java","82591","388505","471096"
"2015-05-11","SQLAnalyzer.java","81914","333007","414921"
"2013-12-02","SQLAnalyzer.java","25521","69820","95341"
"2013-12-02","SQLAnalyzer.java","25707","70943","96650"
"2015-03-10","SQLAnalyzer.java","81017","312879","393896"
"2015-07-30","SQLAnalyzer.java","82420","382290","464710"
"2015-09-07","SQLAnalyzer.java","82702","392619","475321"
"2014-03-20","SQLAnalyzer.java","46012","134344","180356"
"2014-05-27","SQLAnalyzer.java","80224","198724","278948"
"2013-10-31","SQLAnalyzer.java","22105","60125","82230"
"2015-09-10","SQLAnalyzer.java","82704","394994","477698"
"2015-09-23","SQLAnalyzer.java","82935","414316","497251"
"2014-12-12","SQLAnalyzer.java","80739","303683","384422"
"2013-09-27","SQLAnalyzer.java","6777","17682","24459"
"2014-06-07","SQLAnalyzer.java","80230","201065","281295"
"2015-02-21","SQLAnalyzer.java","80927","311190","392117"
"2013-12-16","SQLAnalyzer.java","26234","82265","108499"
"2015-08-04","SQLAnalyzer.java","82425","384894","467319"
"2015-10-23","SQLAnalyzer.java","82975","419687","502662"
"2013-09-27","SQLAnalyzer.java","6791","17787","24578"
"2013-12-10","SQLAnalyzer.java","25917","77226","103143"
"2013-12-23","SQLAnalyzer.java","27391","85223","112614"
"2013-12-26","SQLAnalyzer.java","27684","85667","113351"
"2014-01-08","SQLAnalyzer.java","30705","93246","123951"
"2014-04-24","SQLAnalyzer.java","79889","183495","263384"
"2014-06-05","SQLAnalyzer.java","80230","200481","280711"
"2014-04-14","SQLAnalyzer.java","46520","146608","193128"
"2015-02-05","SQLAnalyzer.java","80927","310530","391457"
"2015-07-31","SQLAnalyzer.java","82419","382961","465380"
"2015-04-05","SQLAnalyzer.java","81930","320264","402194"
"2015-09-24","SQLAnalyzer.java","82938","415278","498216"
"2015-10-06","SQLAnalyzer.java","158244","396248","554492"
"2015-09-07","SQLAnalyzer.java","157662","369597","527259"
"2015-09-11","SQLAnalyzer.java","157668","372333","530001"
"2014-12-10","SQLAnalyzer.java","133250","247828","381078"
"2015-04-16","SQLAnalyzer.java","152471","298948","451419"
"2014-04-16","SQLAnalyzer.java","1598","6326","7924"
"2015-09-23","SQLAnalyzer.java","158136","392261","550397"
"2015-02-05","SQLAnalyzer.java","148983","280415","429398"
"2015-02-05","SQLAnalyzer.java","148983","280415","429398"
"2014-07-09","SQLAnalyzer.java","119590","146693","266283"
"2015-11-18","SQLAnalyzer.java","158550","399148","557698"
"2015-08-14","SQLAnalyzer.java","157042","365068","522110"
"2015-05-11","SQLAnalyzer.java","154499","307704","462203"
"2015-03-10","SQLAnalyzer.java","149663","283637","433300"
"2015-07-30","SQLAnalyzer.java","156359","358341","514700"
"2015-09-07","SQLAnalyzer.java","157666","369695","527361"
"2014-05-27","SQLAnalyzer.java","119164","139776","258940"
"2015-09-10","SQLAnalyzer.java","157668","372070","529738"
"2015-09-23","SQLAnalyzer.java","158117","391610","549727"
"2014-12-12","SQLAnalyzer.java","148453","273509","421962"
"2014-06-07","SQLAnalyzer.java","119182","142129","261311"
"2015-02-21","SQLAnalyzer.java","149257","281632","430889"
"2015-08-04","SQLAnalyzer.java","156409","360990","517399"
"2015-10-23","SQLAnalyzer.java","158278","397102","555380"
"2014-04-24","SQLAnalyzer.java","118138","123856","241994"
"2014-06-05","SQLAnalyzer.java","119182","141545","260727"
"2014-04-14","SQLAnalyzer.java","660","2860","3520"
"2015-02-05","SQLAnalyzer.java","148986","280701","429687"
"2015-07-31","SQLAnalyzer.java","156394","359048","515442"
"2015-04-05","SQLAnalyzer.java","152464","292910","445374"
"2015-09-24","SQLAnalyzer.java","158147","392599","550746"
"2015-04-29","AggregationFunctionCallEval.java","32767","57009","89776"
"2015-05-27","AggregationFunctionCallEval.java","47050","111962","159012"
"2015-04-02","AggregationFunctionCallEval.java","28691","39872","68563"
"2015-04-06","AggregationFunctionCallEval.java","28857","45739","74596"
"2015-03-20","AggregationFunctionCallEval.java","25842","35070","60912"
"2015-10-06","SQLAnalyzer.java","128999","252425","381424"
"2015-09-07","SQLAnalyzer.java","127048","224405","351453"
"2015-09-11","SQLAnalyzer.java","127538","227625","355163"
"2015-04-16","SQLAnalyzer.java","61946","93845","155791"
"2015-09-23","SQLAnalyzer.java","128675","248222","376897"
"2015-02-05","SQLAnalyzer.java","49164","66018","115182"
"2015-02-05","SQLAnalyzer.java","49164","66018","115182"
"2015-11-18","SQLAnalyzer.java","129922","255942","385864"
"2015-08-14","SQLAnalyzer.java","90295","183743","274038"
"2015-05-11","SQLAnalyzer.java","66150","104777","170927"
"2015-03-10","SQLAnalyzer.java","55096","74492","129588"
"2015-07-30","SQLAnalyzer.java","88747","176151","264898"
"2015-09-07","SQLAnalyzer.java","127052","224503","351555"
"2015-09-10","SQLAnalyzer.java","127538","227362","354900"
"2015-09-23","SQLAnalyzer.java","128384","247299","375683"
"2014-12-12","SQLAnalyzer.java","28017","38495","66512"
"2015-02-21","SQLAnalyzer.java","53761","71558","125319"
"2015-08-04","SQLAnalyzer.java","89225","179228","268453"
"2015-10-23","SQLAnalyzer.java","129134","253380","382514"
"2015-02-05","SQLAnalyzer.java","49237","66374","115611"
"2015-07-31","SQLAnalyzer.java","88782","176858","265640"
"2015-04-05","SQLAnalyzer.java","61498","87366","148864"
"2015-09-24","SQLAnalyzer.java","128695","248569","377264"
"2014-03-20","InvalidStatementException.java","61564","150556","212120"
"2014-03-20","ParsedResult.java","61564","150556","212120"
"2014-05-08","ParsedResult.java","82118","189853","271971"
"2015-10-06","SQLAnalyzer.java","95577","187104","282681"
"2015-09-07","SQLAnalyzer.java","94478","159936","254414"
"2015-09-11","SQLAnalyzer.java","93348","161536","254884"
"2015-09-23","SQLAnalyzer.java","95059","182707","277766"
"2015-11-18","SQLAnalyzer.java","97621","191742","289363"
"2015-08-14","SQLAnalyzer.java","46269","107818","154087"
"2015-05-11","SQLAnalyzer.java","7141","13869","21010"
"2015-07-30","SQLAnalyzer.java","43873","99378","143251"
"2015-09-07","SQLAnalyzer.java","94482","160034","254516"
"2015-09-10","SQLAnalyzer.java","93347","161272","254619"
"2015-09-23","SQLAnalyzer.java","94554","181570","276124"
"2015-08-04","SQLAnalyzer.java","44717","102821","147538"
"2015-10-23","SQLAnalyzer.java","95797","188144","283941"
"2015-07-31","SQLAnalyzer.java","44092","100269","144361"
"2015-09-24","SQLAnalyzer.java","95080","183055","278135"
"2014-05-08","ParsedResult.java","114424","133167","247591"
"2015-10-06","SQLAnalyzer.java","93377","418518","511895"
"2014-01-29","SQLAnalyzer.java","46584","105834","152418"
"2015-09-07","SQLAnalyzer.java","93120","392192","485312"
"2015-09-11","SQLAnalyzer.java","93122","394924","488046"
"2014-04-08","SQLAnalyzer.java","53751","140888","194639"
"2014-12-10","SQLAnalyzer.java","91150","292865","384015"
"2015-04-16","SQLAnalyzer.java","92351","325965","418316"
"2014-04-16","SQLAnalyzer.java","53996","145861","199857"
"2014-02-16","SQLAnalyzer.java","47421","110933","158354"
"2015-09-23","SQLAnalyzer.java","93356","414618","507974"
"2015-02-05","SQLAnalyzer.java","91338","309907","401245"
"2015-02-05","SQLAnalyzer.java","91338","309907","401245"
"2014-07-09","SQLAnalyzer.java","90452","204692","295144"
"2015-11-18","SQLAnalyzer.java","93438","421173","514611"
"2014-01-17","SQLAnalyzer.java","33497","90012","123509"
"2014-03-31","SQLAnalyzer.java","53609","136052","189661"
"2013-10-17","SQLAnalyzer.java","17027","42741","59768"
"2013-12-23","SQLAnalyzer.java","27242","74148","101390"
"2013-09-30","SQLAnalyzer.java","3255","4429","7684"
"2013-12-12","SQLAnalyzer.java","25865","67800","93665"
"2013-10-21","SQLAnalyzer.java","18051","43836","61887"
"2013-10-07","SQLAnalyzer.java","5758","18176","23934"
"2013-12-08","SQLAnalyzer.java","25765","64345","90110"
"2013-09-27","SQLAnalyzer.java","2285","2631","4916"
"2014-01-23","SQLAnalyzer.java","33856","93188","127044"
"2014-04-08","SQLAnalyzer.java","53728","140409","194137"
"2013-10-07","SQLAnalyzer.java","7113","20566","27679"
"2013-09-23","SQLAnalyzer.java","303","838","1141"
"2015-08-14","SQLAnalyzer.java","93009","388172","481181"
"2015-05-11","SQLAnalyzer.java","92335","332677","425012"
"2013-12-02","SQLAnalyzer.java","25317","58865","84182"
"2013-12-02","SQLAnalyzer.java","25525","60010","85535"
"2015-03-10","SQLAnalyzer.java","91428","312539","403967"
"2015-07-30","SQLAnalyzer.java","92841","381960","474801"
"2015-09-07","SQLAnalyzer.java","93120","392286","485406"
"2014-03-20","SQLAnalyzer.java","53216","130797","184013"
"2014-05-27","SQLAnalyzer.java","90452","198201","288653"
"2013-10-31","SQLAnalyzer.java","21658","48927","70585"
"2015-09-10","SQLAnalyzer.java","93122","394661","487783"
"2015-09-23","SQLAnalyzer.java","93353","413983","507336"
"2014-12-12","SQLAnalyzer.java","91150","303343","394493"
"2013-09-27","SQLAnalyzer.java","2217","2371","4588"
"2014-06-07","SQLAnalyzer.java","90458","200542","291000"
"2015-02-21","SQLAnalyzer.java","91338","310850","402188"
"2013-12-16","SQLAnalyzer.java","26159","71439","97598"
"2015-08-04","SQLAnalyzer.java","92846","384564","477410"
"2015-10-23","SQLAnalyzer.java","93408","419369","512777"
"2013-09-27","SQLAnalyzer.java","2261","2506","4767"
"2013-12-10","SQLAnalyzer.java","25774","66332","92106"
"2013-12-23","SQLAnalyzer.java","27372","74453","101825"
"2013-12-26","SQLAnalyzer.java","27665","74897","102562"
"2014-01-08","SQLAnalyzer.java","31184","82974","114158"
"2014-04-24","SQLAnalyzer.java","90117","182972","273089"
"2014-06-05","SQLAnalyzer.java","90458","199958","290416"
"2014-04-14","SQLAnalyzer.java","53767","143104","196871"
"2015-02-05","SQLAnalyzer.java","91338","310190","401528"
"2015-07-31","SQLAnalyzer.java","92840","382631","475471"
"2015-04-05","SQLAnalyzer.java","92351","319934","412285"
"2015-09-24","SQLAnalyzer.java","93356","414945","508301"
"2015-10-06","SQLAnalyzer.java","161611","394887","556498"
"2015-09-07","SQLAnalyzer.java","161000","368207","529207"
"2015-09-11","SQLAnalyzer.java","161006","370943","531949"
"2014-12-10","SQLAnalyzer.java","135284","245134","380418"
"2015-04-16","SQLAnalyzer.java","155556","297305","452861"
"2015-09-23","SQLAnalyzer.java","161493","390890","552383"
"2015-02-05","SQLAnalyzer.java","151946","278650","430596"
"2015-02-05","SQLAnalyzer.java","151946","278650","430596"
"2014-07-09","SQLAnalyzer.java","120710","143085","263795"
"2015-11-18","SQLAnalyzer.java","161923","397793","559716"
"2015-08-14","SQLAnalyzer.java","160338","363636","523974"
"2015-05-11","SQLAnalyzer.java","157677","306154","463831"
"2015-03-10","SQLAnalyzer.java","152646","281892","434538"
"2015-07-30","SQLAnalyzer.java","159616","356870","516486"
"2015-09-07","SQLAnalyzer.java","161004","368305","529309"
"2014-05-27","SQLAnalyzer.java","120403","136287","256690"
"2015-09-10","SQLAnalyzer.java","161006","370680","531686"
"2015-09-23","SQLAnalyzer.java","161474","390239","551713"
"2014-12-12","SQLAnalyzer.java","151403","271731","423134"
"2014-06-07","SQLAnalyzer.java","120423","138642","259065"
"2015-02-21","SQLAnalyzer.java","152241","279888","432129"
"2015-08-04","SQLAnalyzer.java","159667","359520","519187"
"2015-10-23","SQLAnalyzer.java","161645","395741","557386"
"2014-04-24","SQLAnalyzer.java","119323","120313","239636"
"2014-06-05","SQLAnalyzer.java","120423","138058","258481"
"2015-02-05","SQLAnalyzer.java","151949","278936","430885"
"2015-07-31","SQLAnalyzer.java","159651","357577","517228"
"2015-04-05","SQLAnalyzer.java","155549","291267","446816"
"2015-09-24","SQLAnalyzer.java","161504","391228","552732"
"2015-10-06","SQLAnalyzer.java","81841","419085","500926"
"2014-01-29","SQLAnalyzer.java","42715","114068","156783"
"2015-09-07","SQLAnalyzer.java","81590","392765","474355"
"2015-09-11","SQLAnalyzer.java","81592","395497","477089"
"2013-09-09","SQLAnalyzer.java","1363","2715","4078"
"2014-04-08","SQLAnalyzer.java","46297","145537","191834"
"2014-12-10","SQLAnalyzer.java","79642","293460","373102"
"2015-04-16","SQLAnalyzer.java","80833","326550","407383"
"2013-09-21","SQLAnalyzer.java","5961","18064","24025"
"2014-04-16","SQLAnalyzer.java","46514","150482","196996"
"2014-02-16","SQLAnalyzer.java","43500","119115","162615"
"2015-09-23","SQLAnalyzer.java","81820","415185","497005"
"2015-02-05","SQLAnalyzer.java","79830","310502","390332"
"2015-02-05","SQLAnalyzer.java","79830","310502","390332"
"2014-07-09","SQLAnalyzer.java","79132","205475","284607"
"2015-11-18","SQLAnalyzer.java","81886","421724","503610"
"2014-01-17","SQLAnalyzer.java","32766","101384","134150"
"2014-03-31","SQLAnalyzer.java","46224","140770","186994"
"2013-10-17","SQLAnalyzer.java","18614","56431","75045"
"2013-12-23","SQLAnalyzer.java","27728","86737","114465"
"2013-09-30","SQLAnalyzer.java","8448","21725","30173"
"2013-12-12","SQLAnalyzer.java","26498","80536","107034"
"2013-10-21","SQLAnalyzer.java","19468","57356","76824"
"2013-10-07","SQLAnalyzer.java","10414","34935","45349"
"2013-12-08","SQLAnalyzer.java","26396","77079","103475"
"2013-09-27","SQLAnalyzer.java","7836","20285","28121"
"2014-01-23","SQLAnalyzer.java","32948","104383","137331"
"2014-04-08","SQLAnalyzer.java","46306","145090","191396"
"2013-10-07","SQLAnalyzer.java","11745","37301","49046"
"2013-09-23","SQLAnalyzer.java","6200","18838","25038"
"2015-08-14","SQLAnalyzer.java","81479","388745","470224"
"2015-05-11","SQLAnalyzer.java","80810","333255","414065"
"2013-12-02","SQLAnalyzer.java","26027","71678","97705"
"2013-12-02","SQLAnalyzer.java","26199","72787","98986"
"2015-03-10","SQLAnalyzer.java","79920","313134","393054"
"2015-07-30","SQLAnalyzer.java","81313","382535","463848"
"2015-09-07","SQLAnalyzer.java","81590","392859","474449"
"2014-03-20","SQLAnalyzer.java","45841","135525","181366"
"2014-05-27","SQLAnalyzer.java","79134","198986","278120"
"2013-10-31","SQLAnalyzer.java","22635","62007","84642"
"2015-09-10","SQLAnalyzer.java","81592","395234","476826"
"2015-09-23","SQLAnalyzer.java","81817","414550","496367"
"2014-12-12","SQLAnalyzer.java","79642","303938","383580"
"2013-09-27","SQLAnalyzer.java","7798","20055","27853"
"2014-06-07","SQLAnalyzer.java","79140","201327","280467"
"2015-02-21","SQLAnalyzer.java","79830","311445","391275"
"2013-12-16","SQLAnalyzer.java","26701","84084","110785"
"2015-08-04","SQLAnalyzer.java","81315","385136","466451"
"2015-10-23","SQLAnalyzer.java","81856","419920","501776"
"2013-09-27","SQLAnalyzer.java","7812","20160","27972"
"2013-12-10","SQLAnalyzer.java","26406","79067","105473"
"2013-12-23","SQLAnalyzer.java","27855","87039","114894"
"2013-12-26","SQLAnalyzer.java","28148","87483","115631"
"2014-01-08","SQLAnalyzer.java","31114","95007","126121"
"2014-04-24","SQLAnalyzer.java","78799","183757","262556"
"2014-06-05","SQLAnalyzer.java","79140","200743","279883"
"2014-04-14","SQLAnalyzer.java","46292","147732","194024"
"2015-02-05","SQLAnalyzer.java","79830","310785","390615"
"2015-07-31","SQLAnalyzer.java","81312","383206","464518"
"2015-04-05","SQLAnalyzer.java","80833","320519","401352"
"2015-09-24","SQLAnalyzer.java","81820","415512","497332"
"2015-04-29","AggregationFunctionCallEval.java","8802","23816","32618"
"2015-05-27","AggregationFunctionCallEval.java","24343","80027","104370"
"2015-04-02","AggregationFunctionCallEval.java","3268","5221","8489"
"2015-04-06","AggregationFunctionCallEval.java","3447","11101","14548"
"2015-02-05","SimpleParser.java","141656","283172","424828"
"2014-05-08","SimpleParser.java","114424","133167","247591"
"2015-04-27","SimpleParser.java","146576","306227","452803"
"2014-04-08","SimpleParser.java","1940","11496","13436"
"2015-09-23","SimpleParser.java","150362","394043","544405"
"2015-04-27","SimpleParser.java","13152","31287","44439"
"2015-09-23","SimpleParser.java","96507","198672","295179"
"2015-10-06","SQLAnalyzer.java","141199","402828","544027"
"2015-09-07","SQLAnalyzer.java","140755","376315","517070"
"2015-09-11","SQLAnalyzer.java","140757","379047","519804"
"2014-04-08","SQLAnalyzer.java","15309","38934","54243"
"2014-12-10","SQLAnalyzer.java","122315","260518","382833"
"2015-04-16","SQLAnalyzer.java","137760","307862","445622"
"2014-04-16","SQLAnalyzer.java","16365","44718","61083"
"2015-09-23","SQLAnalyzer.java","141133","398883","540016"
"2015-02-05","SQLAnalyzer.java","134881","289938","424819"
"2015-02-05","SQLAnalyzer.java","134881","289938","424819"
"2014-07-09","SQLAnalyzer.java","110980","161708","272688"
"2015-11-18","SQLAnalyzer.java","141299","405522","546821"
"2014-03-31","SQLAnalyzer.java","14650","33581","48231"
"2014-04-08","SQLAnalyzer.java","15112","38281","53393"
"2015-08-14","SQLAnalyzer.java","140445","372096","512541"
"2015-05-11","SQLAnalyzer.java","138912","315742","454654"
"2015-03-10","SQLAnalyzer.java","135380","292979","428359"
"2015-07-30","SQLAnalyzer.java","140124","365731","505855"
"2015-09-07","SQLAnalyzer.java","140755","376409","517164"
"2014-03-20","SQLAnalyzer.java","13765","27834","41599"
"2014-05-27","SQLAnalyzer.java","110757","154994","265751"
"2015-09-10","SQLAnalyzer.java","140757","378784","519541"
"2015-09-23","SQLAnalyzer.java","141118","398236","539354"
"2014-12-12","SQLAnalyzer.java","134600","283281","417881"
"2014-06-07","SQLAnalyzer.java","110740","157312","268052"
"2015-02-21","SQLAnalyzer.java","135091","291091","426182"
"2015-08-04","SQLAnalyzer.java","140134","368340","508474"
"2015-10-23","SQLAnalyzer.java","141231","403680","544911"
"2014-04-24","SQLAnalyzer.java","109926","139269","249195"
"2014-06-05","SQLAnalyzer.java","110740","156728","267468"
"2014-04-14","SQLAnalyzer.java","15699","41524","57223"
"2015-02-05","SQLAnalyzer.java","134881","290221","425102"
"2015-07-31","SQLAnalyzer.java","140119","366398","506517"
"2015-04-05","SQLAnalyzer.java","137757","301828","439585"
"2015-09-24","SQLAnalyzer.java","141144","399221","540365"
"2015-02-05","SimpleParser.java","79672","202445","282117"
"2015-04-27","SimpleParser.java","87343","228251","315594"
"2015-09-23","SimpleParser.java","126366","351304","477670"
"2015-09-24","AlgebraicUtil.java","84547","420612","505159"
"2014-04-30","AlgebraicUtil.java","81946","188259","270205"
"2013-12-18","AlgebraicUtil.java","47541","105513","153054"
"2014-07-09","AlgebraicUtil.java","82121","207772","289893"
"2015-04-18","AlgebraicUtil.java","83614","332037","415651"
"2015-10-09","AlgebraicUtil.java","84572","421626","506198"
"2015-05-15","AlgebraicUtil.java","83580","334734","418314"
"2015-03-20","AlgebraicUtil.java","83594","319885","403479"
"2015-08-19","AlgebraicUtil.java","84217","392534","476751"
"2015-07-30","AlgebraicUtil.java","84059","384589","468648"
"2015-09-23","SimpleParser.java","92610","176640","269250"
"2015-10-09","AlgebraicUtil.java","1559","2548","4107"
"2015-10-06","SQLAnalyzer.java","1484","5363","6847"
"2015-11-18","SQLAnalyzer.java","5266","11739","17005"
"2015-10-23","SQLAnalyzer.java","2047","6746","8793"
"2015-09-24","SQLAnalyzer.java","88","415","503"
"2015-09-24","AlgebraicUtil.java","126153","355905","482058"
"2014-07-09","AlgebraicUtil.java","8079","27417","35496"
"2015-04-18","AlgebraicUtil.java","87272","229382","316654"
"2015-10-09","AlgebraicUtil.java","126321","357062","483383"
"2015-05-15","AlgebraicUtil.java","88972","233813","322785"
"2015-03-20","AlgebraicUtil.java","83609","213587","297196"
"2015-08-19","AlgebraicUtil.java","121172","323176","444348"
"2015-07-30","AlgebraicUtil.java","100234","294451","394685"
"2015-09-24","AlgebraicUtil.java","132125","410218","542343"
"2014-04-30","AlgebraicUtil.java","125628","173969","299597"
"2014-07-09","AlgebraicUtil.java","126168","193847","320015"
"2015-04-18","AlgebraicUtil.java","130652","321103","451755"
"2015-10-09","AlgebraicUtil.java","132161","411243","543404"
"2015-05-15","AlgebraicUtil.java","130826","324008","454834"
"2015-03-20","AlgebraicUtil.java","129970","308289","438259"
"2015-08-19","AlgebraicUtil.java","131740","382085","513825"
"2015-07-30","AlgebraicUtil.java","131449","374007","505456"
"2015-10-06","SQLAnalyzer.java","100512","207084","307596"
"2015-09-07","SQLAnalyzer.java","99718","180221","279939"
"2015-09-11","SQLAnalyzer.java","98582","181815","280397"
"2015-04-16","SQLAnalyzer.java","13778","28823","42601"
"2015-09-23","SQLAnalyzer.java","100026","202719","302745"
"2015-11-18","SQLAnalyzer.java","102392","211558","313950"
"2015-08-14","SQLAnalyzer.java","55145","131739","186884"
"2015-05-11","SQLAnalyzer.java","18882","40655","59537"
"2015-03-10","SQLAnalyzer.java","6414","8956","15370"
"2015-07-30","SQLAnalyzer.java","53206","123756","176962"
"2015-09-07","SQLAnalyzer.java","99722","180319","280041"
"2015-09-10","SQLAnalyzer.java","98581","181551","280132"
"2015-09-23","SQLAnalyzer.java","99490","201551","301041"
"2015-02-21","SQLAnalyzer.java","4774","5717","10491"
"2015-08-04","SQLAnalyzer.java","53859","127008","180867"
"2015-10-23","SQLAnalyzer.java","100714","208106","308820"
"2015-07-31","SQLAnalyzer.java","53252","124474","177726"
"2015-04-05","SQLAnalyzer.java","13229","22243","35472"
"2015-09-24","SQLAnalyzer.java","100044","203064","303108"
"2015-10-06","SQLAnalyzer.java","100512","207084","307596"
"2015-09-07","SQLAnalyzer.java","99718","180221","279939"
"2015-09-11","SQLAnalyzer.java","98582","181815","280397"
"2015-04-16","SQLAnalyzer.java","13778","28823","42601"
"2015-09-23","SQLAnalyzer.java","100026","202719","302745"
"2015-11-18","SQLAnalyzer.java","102392","211558","313950"
"2015-08-14","SQLAnalyzer.java","55145","131739","186884"
"2015-05-11","SQLAnalyzer.java","18882","40655","59537"
"2015-03-10","SQLAnalyzer.java","6414","8956","15370"
"2015-07-30","SQLAnalyzer.java","53206","123756","176962"
"2015-09-07","SQLAnalyzer.java","99722","180319","280041"
"2015-09-10","SQLAnalyzer.java","98581","181551","280132"
"2015-09-23","SQLAnalyzer.java","99490","201551","301041"
"2015-02-21","SQLAnalyzer.java","4774","5717","10491"
"2015-08-04","SQLAnalyzer.java","53859","127008","180867"
"2015-10-23","SQLAnalyzer.java","100714","208106","308820"
"2015-07-31","SQLAnalyzer.java","53252","124474","177726"
"2015-04-05","SQLAnalyzer.java","13229","22243","35472"
"2015-09-24","SQLAnalyzer.java","100044","203064","303108"
"2015-10-06","SQLAnalyzer.java","133641","344542","478183"
"2015-09-07","SQLAnalyzer.java","132800","317632","450432"
"2015-09-11","SQLAnalyzer.java","132805","320367","453172"
"2014-12-10","SQLAnalyzer.java","46845","134320","181165"
"2015-04-16","SQLAnalyzer.java","84587","203961","288548"
"2015-09-23","SQLAnalyzer.java","133471","340493","473964"
"2015-02-05","SQLAnalyzer.java","78349","182678","261027"
"2015-02-05","SQLAnalyzer.java","78349","182678","261027"
"2015-11-18","SQLAnalyzer.java","134180","347675","481855"
"2015-08-14","SQLAnalyzer.java","103454","284377","387831"
"2015-05-11","SQLAnalyzer.java","87306","213408","300714"
"2015-03-10","SQLAnalyzer.java","79501","186372","265873"
"2015-07-30","SQLAnalyzer.java","102351","277230","379581"
"2015-09-07","SQLAnalyzer.java","132804","317730","450534"
"2015-09-10","SQLAnalyzer.java","132805","320104","452909"
"2015-09-23","SQLAnalyzer.java","133385","339775","473160"
"2014-12-12","SQLAnalyzer.java","63548","161501","225049"
"2015-02-21","SQLAnalyzer.java","78834","184106","262940"
"2015-08-04","SQLAnalyzer.java","102662","280140","382802"
"2015-10-23","SQLAnalyzer.java","133700","345421","479121"
"2015-02-05","SQLAnalyzer.java","78422","183034","261456"
"2015-07-31","SQLAnalyzer.java","102389","277940","380329"
"2015-04-05","SQLAnalyzer.java","84180","197523","281703"
"2015-09-24","SQLAnalyzer.java","133485","340834","474319"
"2015-09-24","AlgebraicUtil.java","133486","343900","477386"
"2015-04-18","AlgebraicUtil.java","86802","209574","296376"
"2015-10-09","AlgebraicUtil.java","133668","345071","478739"
"2015-05-15","AlgebraicUtil.java","88576","214079","302655"
"2015-03-20","AlgebraicUtil.java","82485","193125","275610"
"2015-08-19","AlgebraicUtil.java","127998","310664","438662"
"2015-07-30","AlgebraicUtil.java","102351","277230","379581"
"2015-09-24","AlgebraicUtil.java","92691","180333","273024"
"2015-10-09","AlgebraicUtil.java","93318","181949","275267"
"2015-05-15","AlgebraicUtil.java","6122","8853","14975"
"2015-08-19","AlgebraicUtil.java","83262","143156","226418"
"2015-07-30","AlgebraicUtil.java","40727","92834","133561"
"2015-02-05","SimpleParser.java","148986","280946","429932"
"2014-05-08","SimpleParser.java","118713","127900","246613"
"2015-04-27","SimpleParser.java","154209","304304","458513"
"2015-09-23","SimpleParser.java","158136","392261","550397"
"2014-03-20","TajoCli.java","61564","150556","212120"
"2014-10-28","TajoCli.java","82572","279648","362220"
"2015-02-14","TajoCli.java","82704","313326","396030"
"2013-07-07","TajoCli.java","159","437","596"
"2014-04-23","TajoCli.java","81830","184912","266742"
"2015-03-12","TajoCli.java","82764","315397","398161"
"2014-06-02","TajoCli.java","82129","202299","284428"
"2014-01-22","TajoCli.java","50524","120277","170801"
"2014-08-19","TajoCli.java","82348","220509","302857"
"2014-04-27","TajoCli.java","81830","186217","268047"
"2014-08-11","TajoCli.java","82338","217588","299926"
"2014-04-11","TajoCli.java","61921","162001","223922"
"2014-09-11","TajoCli.java","82390","271980","354370"
"2014-05-28","TajoCli.java","82134","201727","283861"
"2015-09-23","TajoCli.java","84545","417217","501762"
"2014-10-04","TajoCli.java","82390","275102","357492"
"2015-01-06","TajoCli.java","82704","312420","395124"
"2014-12-24","TajoCli.java","82703","307094","389797"
"2015-09-11","TajoCli.java","84322","397766","482088"
"2015-09-09","TajoCli.java","84322","394997","479319"
"2014-05-12","TajoCli.java","82133","191653","273786"
"2014-12-03","TajoCli.java","82592","293949","376541"
"2015-02-05","TajoCli.java","82704","313212","395916"
"2014-07-20","TajoCli.java","82121","212713","294834"
"2015-08-13","TajoCli.java","84208","389145","473353"
"2013-08-26","TajoCli.java","25900","25205","51105"
"2014-05-08","TajoCli.java","82118","189629","271747"
"2015-07-24","TajoCli.java","83983","381807","465790"
"2014-09-20","TajoCli.java","82389","273152","355541"
"2014-05-12","TajoCli.java","82133","191901","274034"
"2014-02-17","TajoCli.java","60532","135764","196296"
"2013-08-14","TajoCli.java","22677","17814","40491"
"2014-04-08","TajoCli.java","61921","160469","222390"
"2015-03-13","TajoCli.java","83594","319597","403191"
"2014-11-19","TajoCli.java","82589","292127","374716"
"2014-10-28","TajoCli.java","124390","232474","356864"
"2015-02-14","TajoCli.java","141890","283520","425410"
"2014-04-23","TajoCli.java","113858","127948","241806"
"2015-03-12","TajoCli.java","142319","285960","428279"
"2014-06-02","TajoCli.java","114825","146003","260828"
"2014-08-19","TajoCli.java","116376","165545","281921"
"2014-04-27","TajoCli.java","113889","129284","243173"
"2014-08-11","TajoCli.java","116292","162550","278842"
"2014-04-11","TajoCli.java","2512","13600","16112"
"2014-09-11","TajoCli.java","116489","217087","333576"
"2014-05-28","TajoCli.java","114813","145414","260227"
"2015-09-23","TajoCli.java","150342","394022","544364"
"2014-10-04","TajoCli.java","116639","220359","336998"
"2015-01-06","TajoCli.java","141585","282309","423894"
"2014-12-24","TajoCli.java","141338","276737","418075"
"2015-09-11","TajoCli.java","149921","374373","524294"
"2015-09-09","TajoCli.java","149921","371604","521525"
"2014-05-12","TajoCli.java","114468","134996","249464"
"2014-12-03","TajoCli.java","128513","250878","379391"
"2015-02-05","TajoCli.java","141656","283172","424828"
"2014-07-20","TajoCli.java","115295","156895","272190"
"2015-08-13","TajoCli.java","149312","365257","514569"
"2014-05-08","TajoCli.java","114390","132909","247299"
"2015-07-24","TajoCli.java","148439","357271","505710"
"2014-09-20","TajoCli.java","116578","218349","334927"
"2014-05-12","TajoCli.java","114468","135244","249712"
"2014-04-08","TajoCli.java","1940","11496","13436"
"2015-03-13","TajoCli.java","144724","291735","436459"
"2014-11-19","TajoCli.java","127488","248034","375522"
"2015-02-14","TajoCli.java","53490","87036","140526"
"2015-03-12","TajoCli.java","54524","90081","144605"
"2015-09-23","TajoCli.java","123116","258712","381828"
"2015-01-06","TajoCli.java","42613","75253","117866"
"2014-12-24","TajoCli.java","39557","66872","106429"
"2015-09-11","TajoCli.java","122324","238692","361016"
"2015-09-09","TajoCli.java","121849","235448","357297"
"2014-12-03","TajoCli.java","9609","23890","33499"
"2015-02-05","TajoCli.java","53044","86476","139520"
"2015-08-13","TajoCli.java","87176","195037","282213"
"2015-07-24","TajoCli.java","85246","185994","271240"
"2015-03-13","TajoCli.java","57901","96828","154729"
"2014-11-19","TajoCli.java","7667","20129","27796"
"2015-03-12","TajoCli.java","1812","3823","5635"
"2015-09-23","TajoCli.java","95719","197769","293488"
"2015-09-11","TajoCli.java","94804","177626","272430"
"2015-09-09","TajoCli.java","95949","176002","271951"
"2015-08-13","TajoCli.java","50729","125044","175773"
"2015-07-24","TajoCli.java","46226","113428","159654"
"2015-03-13","TajoCli.java","5380","10761","16141"
"2014-03-20","TajoCli.java","61808","150522","212330"
"2014-10-28","TajoCli.java","82824","279622","362446"
"2015-02-14","TajoCli.java","82954","313298","396252"
"2014-04-23","TajoCli.java","82080","184884","266964"
"2015-03-12","TajoCli.java","83014","315369","398383"
"2014-06-02","TajoCli.java","82380","202272","284652"
"2014-01-22","TajoCli.java","50768","120243","171011"
"2014-08-19","TajoCli.java","82599","220482","303081"
"2014-04-27","TajoCli.java","82080","186189","268269"
"2014-08-11","TajoCli.java","82589","217561","300150"
"2014-04-11","TajoCli.java","62167","161969","224136"
"2014-09-11","TajoCli.java","82641","271953","354594"
"2014-05-28","TajoCli.java","82385","201700","284085"
"2015-09-23","TajoCli.java","84795","417189","501984"
"2014-10-04","TajoCli.java","82641","275075","357716"
"2015-01-06","TajoCli.java","82954","312392","395346"
"2014-12-24","TajoCli.java","82953","307066","390019"
"2015-09-11","TajoCli.java","84572","397738","482310"
"2015-09-09","TajoCli.java","84572","394969","479541"
"2014-05-12","TajoCli.java","82384","191626","274010"
"2014-12-03","TajoCli.java","82843","293922","376765"
"2015-02-05","TajoCli.java","82954","313184","396138"
"2014-07-20","TajoCli.java","82372","212686","295058"
"2015-08-13","TajoCli.java","84458","389117","473575"
"2013-08-26","TajoCli.java","25755","24782","50537"
"2014-05-08","TajoCli.java","82369","189602","271971"
"2015-07-24","TajoCli.java","84233","381779","466012"
"2014-09-20","TajoCli.java","82640","273125","355765"
"2014-05-12","TajoCli.java","82384","191874","274258"
"2014-02-17","TajoCli.java","60776","135730","196506"
"2013-08-14","TajoCli.java","22534","17393","39927"
"2014-04-08","TajoCli.java","62167","160437","222604"
"2015-03-13","TajoCli.java","83844","319569","403413"
"2014-11-19","TajoCli.java","82840","292100","374940"
"2014-10-28","TajoCli.java","40265","134259","174524"
"2015-02-14","TajoCli.java","79186","206726","285912"
"2015-03-12","TajoCli.java","79895","209446","289341"
"2014-06-02","TajoCli.java","3451","20539","23990"
"2014-08-19","TajoCli.java","11703","46782","58485"
"2014-04-27","TajoCli.java","52","1357","1409"
"2014-08-11","TajoCli.java","11402","43570","54972"
"2014-09-11","TajoCli.java","12248","98756","111004"
"2014-05-28","TajoCli.java","3055","19566","22621"
"2015-09-23","TajoCli.java","124068","353658","477726"
"2014-10-04","TajoCli.java","13604","103234","116838"
"2015-01-06","TajoCli.java","71328","197962","269290"
"2014-12-24","TajoCli.java","69633","190942","260575"
"2015-09-11","TajoCli.java","123578","333940","457518"
"2015-09-09","TajoCli.java","123577","331170","454747"
"2014-05-12","TajoCli.java","1744","8182","9926"
"2014-12-03","TajoCli.java","46680","154955","201635"
"2015-02-05","TajoCli.java","78868","206294","285162"
"2014-07-20","TajoCli.java","9352","36862","46214"
"2015-08-13","TajoCli.java","100316","302171","402487"
"2014-05-08","TajoCli.java","1560","5989","7549"
"2015-07-24","TajoCli.java","98773","293515","392288"
"2014-09-20","TajoCli.java","13402","101083","114485"
"2014-05-12","TajoCli.java","1839","8525","10364"
"2015-03-13","TajoCli.java","82817","215738","298555"
"2014-11-19","TajoCli.java","44891","151347","196238"
"2015-09-23","TajoCli.java","95795","195834","291629"
"2015-09-11","TajoCli.java","94866","175677","270543"
"2015-09-09","TajoCli.java","96008","174050","270058"
"2015-08-13","TajoCli.java","50490","122794","173284"
"2015-07-24","TajoCli.java","45886","111077","156963"
"2015-03-13","TajoCli.java","4459","7829","12288"
"2015-09-24","AlgebraicUtil.java","89805","174716","264521"
"2015-10-09","AlgebraicUtil.java","90501","176401","266902"
"2015-08-19","AlgebraicUtil.java","79719","136882","216601"
"2015-07-30","AlgebraicUtil.java","36014","85390","121404"
"2014-10-28","TajoCli.java","39932","116838","156770"
"2015-02-14","TajoCli.java","81021","191473","272494"
"2015-03-12","TajoCli.java","81787","194250","276037"
"2014-08-19","TajoCli.java","8881","26872","35753"
"2014-08-11","TajoCli.java","8572","23652","32224"
"2014-09-11","TajoCli.java","9578","78998","88576"
"2015-09-23","TajoCli.java","130514","343016","473530"
"2014-10-04","TajoCli.java","11025","83567","94592"
"2015-01-06","TajoCli.java","72528","182074","254602"
"2014-12-24","TajoCli.java","70779","175000","245779"
"2015-09-11","TajoCli.java","129940","323214","453154"
"2015-09-09","TajoCli.java","129939","320444","450383"
"2014-12-03","TajoCli.java","47184","138371","185555"
"2015-02-05","TajoCli.java","80699","191037","271736"
"2014-07-20","TajoCli.java","6199","16621","22820"
"2015-08-13","TajoCli.java","103636","288403","392039"
"2015-07-24","TajoCli.java","102058","279712","381770"
"2014-09-20","TajoCli.java","10784","81377","92161"
"2015-03-13","TajoCli.java","84721","200554","285275"
"2014-11-19","TajoCli.java","45348","134716","180064"
"2015-09-24","AlgebraicUtil.java","94176","193950","288126"
"2015-04-18","AlgebraicUtil.java","7843","19975","27818"
"2015-10-09","AlgebraicUtil.java","94760","195523","290283"
"2015-05-15","AlgebraicUtil.java","13008","27871","40879"
"2015-08-19","AlgebraicUtil.java","85168","157194","242362"
"2015-07-30","AlgebraicUtil.java","45759","109998","155757"
"2014-03-20","TajoCli.java","37445","56684","94129"
"2014-10-28","TajoCli.java","129943","257266","387209"
"2015-02-14","TajoCli.java","131684","292553","424237"
"2014-04-23","TajoCli.java","127079","160408","287487"
"2015-03-12","TajoCli.java","131980","294860","426840"
"2014-06-02","TajoCli.java","127847","178264","306111"
"2014-08-19","TajoCli.java","128671","197079","325750"
"2014-04-27","TajoCli.java","127106","161740","288846"
"2014-08-11","TajoCli.java","128651","194148","322799"
"2014-04-11","TajoCli.java","39025","69352","108377"
"2014-09-11","TajoCli.java","128753","248590","377343"
"2014-05-28","TajoCli.java","127869","177709","305578"
"2015-09-23","TajoCli.java","137271","400190","537461"
"2014-10-04","TajoCli.java","128821","251780","380601"
"2015-01-06","TajoCli.java","131465","291428","422893"
"2014-12-24","TajoCli.java","131428","286066","417494"
"2015-09-11","TajoCli.java","137012","380703","517715"
"2015-09-09","TajoCli.java","137019","377941","514960"
"2014-05-12","TajoCli.java","127589","167356","294945"
"2014-12-03","TajoCli.java","131211","272815","404026"
"2015-02-05","TajoCli.java","131490","292245","423735"
"2014-07-20","TajoCli.java","128102","188941","317043"
"2015-08-13","TajoCli.java","136652","371836","508488"
"2014-05-08","TajoCli.java","127557","165315","292872"
"2015-07-24","TajoCli.java","136331","364402","500733"
"2014-09-20","TajoCli.java","128809","249819","378628"
"2014-05-12","TajoCli.java","127589","167604","295193"
"2014-02-17","TajoCli.java","25682","31161","56843"
"2014-04-08","TajoCli.java","38748","67543","106291"
"2015-03-13","TajoCli.java","134215","300465","434680"
"2014-11-19","TajoCli.java","131198","270983","402181"
"2015-10-06","SQLAnalyzer.java","135825","404451","540276"
"2014-01-29","SQLAnalyzer.java","24925","27660","52585"
"2015-09-07","SQLAnalyzer.java","135498","378055","513553"
"2015-09-11","SQLAnalyzer.java","135493","380780","516273"
"2014-04-08","SQLAnalyzer.java","39789","70411","110200"
"2014-12-10","SQLAnalyzer.java","129734","274934","404668"
"2015-04-16","SQLAnalyzer.java","132760","309859","442619"
"2014-04-16","SQLAnalyzer.java","40673","76023","116696"
"2014-02-16","SQLAnalyzer.java","26629","33626","60255"
"2015-09-23","SQLAnalyzer.java","135764","400511","536275"
"2015-02-05","SQLAnalyzer.java","130005","292059","422064"
"2015-02-05","SQLAnalyzer.java","130005","292059","422064"
"2014-07-09","SQLAnalyzer.java","127179","184904","312083"
"2015-11-18","SQLAnalyzer.java","135930","407150","543080"
"2014-03-31","SQLAnalyzer.java","39281","65209","104490"
"2014-01-23","SQLAnalyzer.java","1923","4740","6663"
"2014-04-08","SQLAnalyzer.java","39595","69761","109356"
"2015-08-14","SQLAnalyzer.java","135186","373834","509020"
"2015-05-11","SQLAnalyzer.java","133792","317619","451411"
"2015-03-10","SQLAnalyzer.java","130489","295085","425574"
"2015-07-30","SQLAnalyzer.java","134898","367502","502400"
"2015-09-07","SQLAnalyzer.java","135498","378149","513647"
"2014-03-20","SQLAnalyzer.java","38604","59670","98274"
"2014-05-27","SQLAnalyzer.java","127003","178237","305240"
"2015-09-10","SQLAnalyzer.java","135500","380524","516024"
"2015-09-23","SQLAnalyzer.java","135749","399864","535613"
"2014-12-12","SQLAnalyzer.java","129749","285427","415176"
"2014-06-07","SQLAnalyzer.java","126982","180551","307533"
"2015-02-21","SQLAnalyzer.java","130202","293199","423401"
"2015-08-04","SQLAnalyzer.java","134960","370163","505123"
"2015-10-23","SQLAnalyzer.java","135856","405302","541158"
"2014-04-24","SQLAnalyzer.java","126247","162587","288834"
"2014-06-05","SQLAnalyzer.java","126982","179967","306949"
"2014-04-14","SQLAnalyzer.java","40068","72890","112958"
"2015-02-05","SQLAnalyzer.java","130005","292342","422347"
"2015-07-31","SQLAnalyzer.java","134896","368172","503068"
"2015-04-05","SQLAnalyzer.java","132758","303826","436584"
"2015-09-24","SQLAnalyzer.java","135775","400849","536624"
"2014-10-28","TajoCli.java","35650","94565","130215"
"2015-02-14","TajoCli.java","82345","174806","257151"
"2015-03-12","TajoCli.java","83167","177639","260806"
"2014-09-11","TajoCli.java","1036","52465","53501"
"2015-09-23","TajoCli.java","141613","336124","477737"
"2014-10-04","TajoCli.java","2616","57167","59783"
"2015-01-06","TajoCli.java","72450","164005","236455"
"2014-12-24","TajoCli.java","70658","156888","227546"
"2015-09-11","TajoCli.java","141036","316319","457355"
"2015-09-09","TajoCli.java","141035","313549","454584"
"2014-12-03","TajoCli.java","44092","117288","161380"
"2015-02-05","TajoCli.java","82011","174358","256369"
"2015-08-13","TajoCli.java","109388","276164","385552"
"2015-07-24","TajoCli.java","107745","267408","375153"
"2014-09-20","TajoCli.java","2312","54914","57226"
"2015-03-13","TajoCli.java","86217","184059","270276"
"2014-11-19","TajoCli.java","42223","113600","155823"
"2015-10-06","SQLAnalyzer.java","154156","396854","551010"
"2015-09-07","SQLAnalyzer.java","153591","370220","523811"
"2015-09-11","SQLAnalyzer.java","153597","372956","526553"
"2014-04-08","SQLAnalyzer.java","849","5543","6392"
"2014-12-10","SQLAnalyzer.java","130110","249382","379492"
"2015-04-16","SQLAnalyzer.java","148493","299664","448157"
"2014-04-16","SQLAnalyzer.java","2297","11719","14016"
"2015-09-23","SQLAnalyzer.java","154050","392869","546919"
"2015-02-05","SQLAnalyzer.java","145045","281171","426216"
"2015-02-05","SQLAnalyzer.java","145045","281171","426216"
"2014-07-09","SQLAnalyzer.java","116619","148416","265035"
"2015-11-18","SQLAnalyzer.java","154459","399751","554210"
"2014-04-08","SQLAnalyzer.java","608","4846","5454"
"2015-08-14","SQLAnalyzer.java","152971","365691","518662"
"2015-05-11","SQLAnalyzer.java","150440","308339","458779"
"2015-03-10","SQLAnalyzer.java","145691","284359","430050"
"2015-07-30","SQLAnalyzer.java","152293","358969","511262"
"2015-09-07","SQLAnalyzer.java","153595","370318","523913"
"2014-05-27","SQLAnalyzer.java","116199","141505","257704"
"2015-09-10","SQLAnalyzer.java","153597","372693","526290"
"2015-09-23","SQLAnalyzer.java","154031","392218","546249"
"2014-12-12","SQLAnalyzer.java","144518","274268","418786"
"2014-06-07","SQLAnalyzer.java","116215","143856","260071"
"2015-02-21","SQLAnalyzer.java","145286","282355","427641"
"2015-08-04","SQLAnalyzer.java","152343","361618","513961"
"2015-10-23","SQLAnalyzer.java","154189","397707","551896"
"2014-04-24","SQLAnalyzer.java","115183","125595","240778"
"2014-06-05","SQLAnalyzer.java","116215","143272","259487"
"2014-04-14","SQLAnalyzer.java","1493","8387","9880"
"2015-02-05","SQLAnalyzer.java","145048","281457","426505"
"2015-07-31","SQLAnalyzer.java","152328","359676","512004"
"2015-04-05","SQLAnalyzer.java","148486","293626","442112"
"2015-09-24","SQLAnalyzer.java","154061","393207","547268"
"2015-09-24","AlgebraicUtil.java","23432","51180","74612"
"2015-10-09","AlgebraicUtil.java","24677","53414","78091"
"2014-10-28","TajoCli.java","40562","133251","173813"
"2015-02-14","TajoCli.java","79601","205836","285437"
"2015-03-12","TajoCli.java","80311","208557","288868"
"2014-06-02","TajoCli.java","3618","19401","23019"
"2014-08-19","TajoCli.java","11919","45693","57612"
"2014-08-11","TajoCli.java","11618","42481","54099"
"2014-09-11","TajoCli.java","12464","97667","110131"
"2014-05-28","TajoCli.java","3222","18428","21650"
"2015-09-23","TajoCli.java","124627","352912","477539"
"2014-10-04","TajoCli.java","13822","102147","115969"
"2015-01-06","TajoCli.java","71743","197072","268815"
"2014-12-24","TajoCli.java","70048","190052","260100"
"2015-09-11","TajoCli.java","124137","333194","457331"
"2015-09-09","TajoCli.java","124136","330424","454560"
"2014-05-12","TajoCli.java","1703","6836","8539"
"2014-12-03","TajoCli.java","47086","154056","201142"
"2015-02-05","TajoCli.java","79283","205404","284687"
"2014-07-20","TajoCli.java","9563","35768","45331"
"2015-08-13","TajoCli.java","100779","301329","402108"
"2014-05-08","TajoCli.java","1519","4643","6162"
"2015-07-24","TajoCli.java","99232","292669","391901"
"2014-09-20","TajoCli.java","13618","99994","113612"
"2014-05-12","TajoCli.java","1798","7179","8977"
"2015-03-13","TajoCli.java","83233","214849","298082"
"2014-11-19","TajoCli.java","45297","150448","195745"
"2015-10-06","SQLAnalyzer.java","115470","414897","530367"
"2014-01-29","SQLAnalyzer.java","40165","73701","113866"
"2015-09-07","SQLAnalyzer.java","115184","388542","503726"
"2015-09-11","SQLAnalyzer.java","115186","391274","506460"
"2014-04-08","SQLAnalyzer.java","50050","111473","161523"
"2014-12-10","SQLAnalyzer.java","112098","288099","400197"
"2015-04-16","SQLAnalyzer.java","114270","322170","436440"
"2014-04-16","SQLAnalyzer.java","50334","116485","166819"
"2014-02-16","SQLAnalyzer.java","41139","78937","120076"
"2015-09-23","SQLAnalyzer.java","115431","410979","526410"
"2015-02-05","SQLAnalyzer.java","112297","305152","417449"
"2015-02-05","SQLAnalyzer.java","112297","305152","417449"
"2014-07-09","SQLAnalyzer.java","111306","199832","311138"
"2015-11-18","SQLAnalyzer.java","115568","417589","533157"
"2014-01-17","SQLAnalyzer.java","22356","53157","75513"
"2014-03-31","SQLAnalyzer.java","49851","106580","156431"
"2013-12-23","SQLAnalyzer.java","14779","35971","50750"
"2013-12-12","SQLAnalyzer.java","13147","29368","42515"
"2013-10-21","SQLAnalyzer.java","1204","1275","2479"
"2013-12-08","SQLAnalyzer.java","12965","25831","38796"
"2014-01-23","SQLAnalyzer.java","22965","56583","79548"
"2014-04-08","SQLAnalyzer.java","50028","110995","161023"
"2015-08-14","SQLAnalyzer.java","115059","384508","499567"
"2015-05-11","SQLAnalyzer.java","114266","328894","443160"
"2013-12-02","SQLAnalyzer.java","11696","19530","31226"
"2013-12-02","SQLAnalyzer.java","11915","20686","32601"
"2015-03-10","SQLAnalyzer.java","112576","307973","420549"
"2015-07-30","SQLAnalyzer.java","114842","378247","493089"
"2015-09-07","SQLAnalyzer.java","115184","388636","503820"
"2014-03-20","SQLAnalyzer.java","49417","101284","150701"
"2014-05-27","SQLAnalyzer.java","111250","193285","304535"
"2013-10-31","SQLAnalyzer.java","5402","6957","12359"
"2015-09-10","SQLAnalyzer.java","115186","391011","506197"
"2015-09-23","SQLAnalyzer.java","115425","410341","525766"
"2014-12-12","SQLAnalyzer.java","112098","298577","410675"
"2014-06-07","SQLAnalyzer.java","111256","195626","306882"
"2015-02-21","SQLAnalyzer.java","112300","306098","418398"
"2013-12-16","SQLAnalyzer.java","13571","33137","46708"
"2015-08-04","SQLAnalyzer.java","114883","380887","495770"
"2015-10-23","SQLAnalyzer.java","115500","415747","531247"
"2013-12-10","SQLAnalyzer.java","12992","27836","40828"
"2013-12-23","SQLAnalyzer.java","14916","36283","51199"
"2013-12-26","SQLAnalyzer.java","15212","36730","51942"
"2014-01-08","SQLAnalyzer.java","19559","45635","65194"
"2014-04-24","SQLAnalyzer.java","110875","178016","288891"
"2014-06-05","SQLAnalyzer.java","111256","195042","306298"
"2014-04-14","SQLAnalyzer.java","50093","113716","163809"
"2015-02-05","SQLAnalyzer.java","112297","305435","417732"
"2015-07-31","SQLAnalyzer.java","114840","378917","493757"
"2015-04-05","SQLAnalyzer.java","114270","316139","430409"
"2015-09-24","SQLAnalyzer.java","115442","411317","526759"
"2014-10-28","TajoCli.java","35270","97096","132366"
"2015-02-14","TajoCli.java","80389","175761","256150"
"2015-03-12","TajoCli.java","81209","178592","259801"
"2014-08-19","TajoCli.java","393","3304","3697"
"2014-09-11","TajoCli.java","1394","55734","57128"
"2015-09-23","TajoCli.java","139235","336657","475892"
"2014-10-04","TajoCli.java","2946","60408","63354"
"2015-01-06","TajoCli.java","71269","165735","237004"
"2014-12-24","TajoCli.java","69483","158624","228107"
"2015-09-11","TajoCli.java","138658","316852","455510"
"2015-09-09","TajoCli.java","138657","314082","452739"
"2014-12-03","TajoCli.java","43338","119445","162783"
"2015-02-05","TajoCli.java","80055","175313","255368"
"2015-08-13","TajoCli.java","107276","276963","384239"
"2015-07-24","TajoCli.java","105651","268225","373876"
"2014-09-20","TajoCli.java","2646","58159","60805"
"2015-03-13","TajoCli.java","84259","185012","269271"
"2014-11-19","TajoCli.java","41487","115775","157262"
"2014-10-28","TajoCli.java","129395","226391","355786"
"2015-02-14","TajoCli.java","150118","280660","430778"
"2014-04-23","TajoCli.java","118210","121212","239422"
"2015-03-12","TajoCli.java","150545","283098","433643"
"2014-06-02","TajoCli.java","119322","139412","258734"
"2014-08-19","TajoCli.java","120978","159059","280037"
"2014-04-27","TajoCli.java","118243","122550","240793"
"2014-08-11","TajoCli.java","120887","156057","276944"
"2014-09-11","TajoCli.java","121100","210610","331710"
"2014-05-28","TajoCli.java","119310","138823","258133"
"2015-09-23","TajoCli.java","159093","391685","550778"
"2014-10-04","TajoCli.java","121288","213920","335208"
"2015-01-06","TajoCli.java","149772","279408","429180"
"2014-12-24","TajoCli.java","149512","273823","423335"
"2015-09-11","TajoCli.java","158646","372010","530656"
"2015-09-09","TajoCli.java","158646","369241","527887"
"2014-05-12","TajoCli.java","118899","128339","247238"
"2014-12-03","TajoCli.java","133902","245179","379081"
"2015-02-05","TajoCli.java","149851","280279","430130"
"2014-07-20","TajoCli.java","119826","150338","270164"
"2015-08-13","TajoCli.java","157963","362820","520783"
"2014-05-08","TajoCli.java","118821","126252","245073"
"2015-07-24","TajoCli.java","157123","354867","511990"
"2014-09-20","TajoCli.java","121203","211886","333089"
"2014-05-12","TajoCli.java","118899","128587","247486"
"2015-03-13","TajoCli.java","152987","288910","441897"
"2014-11-19","TajoCli.java","132853","242311","375164"
"2015-09-24","AlgebraicUtil.java","111830","147365","259195"
"2015-10-09","AlgebraicUtil.java","112907","149431","262338"
"2015-08-19","AlgebraicUtil.java","98211","105998","204209"
"2014-10-28","TajoCli.java","36286","43772","80058"
"2015-02-14","TajoCli.java","84413","125445","209858"
"2015-03-12","TajoCli.java","85253","128296","213549"
"2015-09-23","TajoCli.java","146168","289250","435418"
"2014-10-04","TajoCli.java","1929","5051","6980"
"2015-01-06","TajoCli.java","74187","114313","188500"
"2014-12-24","TajoCli.java","72358","107159","179517"
"2015-09-11","TajoCli.java","145575","269429","415004"
"2015-09-09","TajoCli.java","145574","266659","412233"
"2014-12-03","TajoCli.java","44777","66544","111321"
"2015-02-05","TajoCli.java","84075","124993","209068"
"2015-08-13","TajoCli.java","112026","227373","339399"
"2015-07-24","TajoCli.java","110266","218500","328766"
"2014-09-20","TajoCli.java","1620","2793","4413"
"2015-03-13","TajoCli.java","88318","134731","223049"
"2014-11-19","TajoCli.java","42896","62844","105740"
"2015-10-06","SQLAnalyzer.java","132064","410299","542363"
"2014-01-29","SQLAnalyzer.java","38078","50422","88500"
"2015-09-07","SQLAnalyzer.java","131763","383929","515692"
"2015-09-11","SQLAnalyzer.java","131758","386654","518412"
"2014-04-08","SQLAnalyzer.java","51072","91303","142375"
"2014-12-10","SQLAnalyzer.java","127151","281960","409111"
"2015-04-16","SQLAnalyzer.java","129921","316629","446550"
"2014-04-16","SQLAnalyzer.java","51469","96428","147897"
"2014-02-16","SQLAnalyzer.java","39394","56000","95394"
"2015-09-23","SQLAnalyzer.java","132023","406379","538402"
"2015-02-05","SQLAnalyzer.java","127381","299044","426425"
"2015-02-05","SQLAnalyzer.java","127381","299044","426425"
"2014-07-09","SQLAnalyzer.java","126084","193418","319502"
"2015-11-18","SQLAnalyzer.java","132164","412993","545157"
"2014-01-17","SQLAnalyzer.java","14339","23948","38287"
"2014-03-31","SQLAnalyzer.java","50773","86310","137083"
"2014-01-23","SQLAnalyzer.java","15522","27948","43470"
"2014-04-08","SQLAnalyzer.java","51029","90804","141833"
"2015-08-14","SQLAnalyzer.java","131617","379874","511491"
"2015-05-11","SQLAnalyzer.java","130711","324147","454858"
"2015-03-10","SQLAnalyzer.java","127678","301883","429561"
"2015-07-30","SQLAnalyzer.java","131358","373571","504929"
"2015-09-07","SQLAnalyzer.java","131763","384023","515786"
"2014-03-20","SQLAnalyzer.java","50260","80935","131195"
"2014-05-27","SQLAnalyzer.java","125964","186807","312771"
"2015-09-10","SQLAnalyzer.java","131765","386398","518163"
"2015-09-23","SQLAnalyzer.java","132012","405736","537748"
"2014-12-12","SQLAnalyzer.java","127161","292448","419609"
"2014-06-07","SQLAnalyzer.java","125968","189146","315114"
"2015-02-21","SQLAnalyzer.java","127385","299991","427376"
"2015-08-04","SQLAnalyzer.java","131412","376224","507636"
"2015-10-23","SQLAnalyzer.java","132094","411149","543243"
"2013-12-26","SQLAnalyzer.java","679","1005","1684"
"2014-01-08","SQLAnalyzer.java","11118","16002","27120"
"2014-04-24","SQLAnalyzer.java","125375","171324","296699"
"2014-06-05","SQLAnalyzer.java","125968","188562","314530"
"2014-04-14","SQLAnalyzer.java","51130","93561","144691"
"2015-02-05","SQLAnalyzer.java","127381","299327","426708"
"2015-07-31","SQLAnalyzer.java","131356","374241","505597"
"2015-04-05","SQLAnalyzer.java","129921","310598","440519"
"2015-09-24","SQLAnalyzer.java","132034","406717","538751"
"2014-10-28","TajoCli.java","40233","117716","157949"
"2015-02-14","TajoCli.java","81188","192217","273405"
"2015-03-12","TajoCli.java","81951","194991","276942"
"2014-06-02","TajoCli.java","399","976","1375"
"2014-08-19","TajoCli.java","9233","27801","37034"
"2014-08-11","TajoCli.java","8924","24581","33505"
"2014-09-11","TajoCli.java","9923","79920","89843"
"2015-09-23","TajoCli.java","130242","343321","473563"
"2014-10-04","TajoCli.java","11330","84449","95779"
"2015-01-06","TajoCli.java","72726","182849","255575"
"2014-12-24","TajoCli.java","70977","175775","246752"
"2015-09-11","TajoCli.java","129668","323519","453187"
"2015-09-09","TajoCli.java","129667","320749","450416"
"2014-12-03","TajoCli.java","47440","139204","186644"
"2015-02-05","TajoCli.java","80866","191781","272647"
"2014-07-20","TajoCli.java","6578","17577","24155"
"2015-08-13","TajoCli.java","103381","288725","392106"
"2015-07-24","TajoCli.java","101803","280034","381837"
"2014-09-20","TajoCli.java","11093","82263","93356"
"2015-03-13","TajoCli.java","84885","201295","286180"
"2014-11-19","TajoCli.java","45617","135562","181179"
"2015-10-06","SQLAnalyzer.java","94228","418195","512423"
"2014-01-29","SQLAnalyzer.java","45051","103127","148178"
"2015-09-07","SQLAnalyzer.java","93965","391863","485828"
"2015-09-11","SQLAnalyzer.java","93967","394595","488562"
"2014-04-08","SQLAnalyzer.java","52409","138372","190781"
"2014-12-10","SQLAnalyzer.java","91955","292496","384451"
"2015-04-16","SQLAnalyzer.java","93162","325602","418764"
"2014-04-16","SQLAnalyzer.java","52680","143371","196051"
"2014-02-16","SQLAnalyzer.java","45920","108258","154178"
"2015-09-23","SQLAnalyzer.java","94203","414291","508494"
"2015-02-05","SQLAnalyzer.java","92143","309538","401681"
"2015-02-05","SQLAnalyzer.java","92143","309538","401681"
"2014-07-09","SQLAnalyzer.java","91238","204304","295542"
"2015-11-18","SQLAnalyzer.java","94291","420852","515143"
"2014-01-17","SQLAnalyzer.java","31820","87161","118981"
"2014-03-31","SQLAnalyzer.java","52264","133533","185797"
"2013-10-17","SQLAnalyzer.java","14764","39304","54068"
"2013-12-23","SQLAnalyzer.java","25258","70990","96248"
"2013-12-12","SQLAnalyzer.java","23732","64493","88225"
"2013-10-21","SQLAnalyzer.java","15825","40436","56261"
"2013-10-07","SQLAnalyzer.java","2660","13904","16564"
"2013-12-08","SQLAnalyzer.java","23614","61020","84634"
"2014-01-23","SQLAnalyzer.java","32187","90345","122532"
"2014-04-08","SQLAnalyzer.java","52385","137892","190277"
"2013-10-07","SQLAnalyzer.java","4019","16298","20317"
"2015-08-14","SQLAnalyzer.java","93854","387843","481697"
"2015-05-11","SQLAnalyzer.java","93156","332324","425480"
"2013-12-02","SQLAnalyzer.java","23165","55539","78704"
"2013-12-02","SQLAnalyzer.java","23373","56684","80057"
"2015-03-10","SQLAnalyzer.java","92233","312170","404403"
"2015-07-30","SQLAnalyzer.java","93721","381666","475387"
"2015-09-07","SQLAnalyzer.java","93965","391957","485922"
"2014-03-20","SQLAnalyzer.java","51843","128250","180093"
"2014-05-27","SQLAnalyzer.java","91238","197813","289051"
"2013-10-31","SQLAnalyzer.java","19463","45558","65021"
"2015-09-10","SQLAnalyzer.java","93967","394332","488299"
"2015-09-23","SQLAnalyzer.java","94198","413654","507852"
"2014-12-12","SQLAnalyzer.java","91955","302974","394929"
"2014-06-07","SQLAnalyzer.java","91244","200154","291398"
"2015-02-21","SQLAnalyzer.java","92143","310481","402624"
"2013-12-16","SQLAnalyzer.java","24132","68238","92370"
"2015-08-04","SQLAnalyzer.java","93726","384270","477996"
"2015-10-23","SQLAnalyzer.java","94259","419046","513305"
"2013-12-10","SQLAnalyzer.java","23626","63010","86636"
"2013-12-23","SQLAnalyzer.java","25394","71301","96695"
"2013-12-26","SQLAnalyzer.java","25687","71745","97432"
"2014-01-08","SQLAnalyzer.java","29363","79979","109342"
"2014-04-24","SQLAnalyzer.java","90901","182582","273483"
"2014-06-05","SQLAnalyzer.java","91244","199570","290814"
"2014-04-14","SQLAnalyzer.java","52443","140606","193049"
"2015-02-05","SQLAnalyzer.java","92143","309821","401964"
"2015-07-31","SQLAnalyzer.java","93720","382337","476057"
"2015-04-05","SQLAnalyzer.java","93162","319571","412733"
"2015-09-24","SQLAnalyzer.java","94203","414618","508821"
"2014-04-30","BasicEvalNodeVisitor.java","90232","185134","275366"
"2013-10-17","BasicEvalNodeVisitor.java","17019","42259","59278"
"2014-02-27","BasicEvalNodeVisitor.java","51593","117699","169292"
"2014-02-27","BasicEvalNodeVisitor.java","51593","117699","169292"
"2013-09-23","BasicEvalNodeVisitor.java","303","838","1141"
"2015-08-19","BasicEvalNodeVisitor.java","93017","389757","482774"
"2015-08-13","BasicEvalNodeVisitor.java","93007","387224","480231"
"2014-07-09","BasicEvalNodeVisitor.java","90452","204692","295144"
"2013-12-10","BasicEvalNodeVisitor.java","25774","66332","92106"
"2015-08-19","BasicEvalNodeVisitor.java","121172","323010","444182"
"2015-08-13","BasicEvalNodeVisitor.java","101224","300539","401763"
"2014-07-09","BasicEvalNodeVisitor.java","8079","27417","35496"
"2015-10-06","SQLAnalyzer.java","127759","410965","538724"
"2014-01-29","SQLAnalyzer.java","38941","56256","95197"
"2015-09-07","SQLAnalyzer.java","127459","384596","512055"
"2015-09-11","SQLAnalyzer.java","127454","387321","514775"
"2014-04-08","SQLAnalyzer.java","51363","96565","147928"
"2014-12-10","SQLAnalyzer.java","122932","282712","405644"
"2015-04-16","SQLAnalyzer.java","125718","317397","443115"
"2014-04-16","SQLAnalyzer.java","51758","101688","153446"
"2014-02-16","SQLAnalyzer.java","40136","61713","101849"
"2015-09-23","SQLAnalyzer.java","127714","407041","534755"
"2015-02-05","SQLAnalyzer.java","123161","299795","422956"
"2015-02-05","SQLAnalyzer.java","123161","299795","422956"
"2014-07-09","SQLAnalyzer.java","121859","194164","316023"
"2015-11-18","SQLAnalyzer.java","127859","413659","541518"
"2014-01-17","SQLAnalyzer.java","16762","31342","48104"
"2014-03-31","SQLAnalyzer.java","51076","91584","142660"
"2013-12-23","SQLAnalyzer.java","3073","8044","11117"
"2014-01-23","SQLAnalyzer.java","17902","35299","53201"
"2014-04-08","SQLAnalyzer.java","51327","96073","147400"
"2015-08-14","SQLAnalyzer.java","127313","380541","507854"
"2015-05-11","SQLAnalyzer.java","126417","324824","451241"
"2015-03-10","SQLAnalyzer.java","123457","302633","426090"
"2015-07-30","SQLAnalyzer.java","127053","374237","501290"
"2015-09-07","SQLAnalyzer.java","127459","384690","512149"
"2014-03-20","SQLAnalyzer.java","50574","86220","136794"
"2014-05-27","SQLAnalyzer.java","121742","187556","309298"
"2015-09-10","SQLAnalyzer.java","127461","387065","514526"
"2015-09-23","SQLAnalyzer.java","127706","406401","534107"
"2014-12-12","SQLAnalyzer.java","122942","293200","416142"
"2014-06-07","SQLAnalyzer.java","121748","189897","311645"
"2015-02-21","SQLAnalyzer.java","123164","300741","423905"
"2013-12-16","SQLAnalyzer.java","437","3782","4219"
"2015-08-04","SQLAnalyzer.java","127107","376890","503997"
"2015-10-23","SQLAnalyzer.java","127789","411815","539604"
"2013-12-23","SQLAnalyzer.java","3339","8485","11824"
"2013-12-26","SQLAnalyzer.java","3705","9002","12707"
"2014-01-08","SQLAnalyzer.java","13866","23721","37587"
"2014-04-24","SQLAnalyzer.java","121177","172097","293274"
"2014-06-05","SQLAnalyzer.java","121748","189313","311061"
"2014-04-14","SQLAnalyzer.java","51420","98822","150242"
"2015-02-05","SQLAnalyzer.java","123161","300078","423239"
"2015-07-31","SQLAnalyzer.java","127051","374907","501958"
"2015-04-05","SQLAnalyzer.java","125710","311358","437068"
"2015-09-24","SQLAnalyzer.java","127725","407379","535104"
"2015-10-06","SQLAnalyzer.java","115320","414676","529996"
"2014-01-29","SQLAnalyzer.java","39416","72881","112297"
"2015-09-07","SQLAnalyzer.java","115034","388321","503355"
"2015-09-11","SQLAnalyzer.java","115036","391053","506089"
"2014-04-08","SQLAnalyzer.java","49336","110688","160024"
"2014-12-10","SQLAnalyzer.java","111935","287865","399800"
"2015-04-16","SQLAnalyzer.java","114112","321941","436053"
"2014-04-16","SQLAnalyzer.java","49620","115700","165320"
"2014-02-16","SQLAnalyzer.java","40403","78130","118533"
"2015-09-23","SQLAnalyzer.java","115281","410758","526039"
"2015-02-05","SQLAnalyzer.java","112136","304920","417056"
"2015-02-05","SQLAnalyzer.java","112136","304920","417056"
"2014-07-09","SQLAnalyzer.java","111099","199554","310653"
"2015-11-18","SQLAnalyzer.java","115419","417369","532788"
"2014-01-17","SQLAnalyzer.java","21520","52250","73770"
"2014-03-31","SQLAnalyzer.java","49121","105779","154900"
"2013-12-23","SQLAnalyzer.java","13821","34942","48763"
"2013-12-12","SQLAnalyzer.java","12190","28340","40530"
"2013-12-08","SQLAnalyzer.java","12007","24802","36809"
"2014-01-23","SQLAnalyzer.java","22130","55677","77807"
"2014-04-08","SQLAnalyzer.java","49314","110210","159524"
"2015-08-14","SQLAnalyzer.java","114906","384284","499190"
"2015-05-11","SQLAnalyzer.java","114108","328665","442773"
"2013-12-02","SQLAnalyzer.java","10680","18443","29123"
"2013-12-02","SQLAnalyzer.java","10912","19612","30524"
"2015-03-10","SQLAnalyzer.java","112415","307741","420156"
"2015-07-30","SQLAnalyzer.java","114688","378022","492710"
"2015-09-07","SQLAnalyzer.java","115034","388415","503449"
"2014-03-20","SQLAnalyzer.java","48684","100480","149164"
"2014-05-27","SQLAnalyzer.java","111043","193007","304050"
"2013-10-31","SQLAnalyzer.java","4365","5849","10214"
"2015-09-10","SQLAnalyzer.java","115036","390790","505826"
"2015-09-23","SQLAnalyzer.java","115275","410120","525395"
"2014-12-12","SQLAnalyzer.java","111935","298343","410278"
"2014-06-07","SQLAnalyzer.java","111049","195348","306397"
"2015-02-21","SQLAnalyzer.java","112139","305866","418005"
"2013-12-16","SQLAnalyzer.java","12614","32109","44723"
"2015-08-04","SQLAnalyzer.java","114729","380662","495391"
"2015-10-23","SQLAnalyzer.java","115350","415526","530876"
"2013-12-10","SQLAnalyzer.java","12034","26807","38841"
"2013-12-23","SQLAnalyzer.java","13958","35254","49212"
"2013-12-26","SQLAnalyzer.java","14256","35703","49959"
"2014-01-08","SQLAnalyzer.java","18703","44708","63411"
"2014-04-24","SQLAnalyzer.java","110668","177738","288406"
"2014-06-05","SQLAnalyzer.java","111049","194764","305813"
"2014-04-14","SQLAnalyzer.java","49379","112931","162310"
"2015-02-05","SQLAnalyzer.java","112136","305203","417339"
"2015-07-31","SQLAnalyzer.java","114686","378692","493378"
"2015-04-05","SQLAnalyzer.java","114112","315910","430022"
"2015-09-24","SQLAnalyzer.java","115292","411096","526388"
"2015-10-06","SQLAnalyzer.java","102717","415440","518157"
"2014-01-29","SQLAnalyzer.java","48272","95104","143376"
"2015-09-07","SQLAnalyzer.java","102438","389092","491530"
"2015-09-11","SQLAnalyzer.java","102440","391824","494264"
"2014-04-08","SQLAnalyzer.java","55769","130488","186257"
"2014-12-10","SQLAnalyzer.java","100412","289709","390121"
"2015-04-16","SQLAnalyzer.java","101631","322827","424458"
"2014-04-16","SQLAnalyzer.java","56050","135497","191547"
"2014-02-16","SQLAnalyzer.java","49157","100251","149408"
"2015-09-23","SQLAnalyzer.java","102681","411525","514206"
"2015-02-05","SQLAnalyzer.java","100603","306754","407357"
"2015-02-05","SQLAnalyzer.java","100603","306754","407357"
"2014-07-09","SQLAnalyzer.java","99672","201494","301166"
"2015-11-18","SQLAnalyzer.java","102779","418096","520875"
"2014-01-17","SQLAnalyzer.java","31468","75565","107033"
"2014-03-31","SQLAnalyzer.java","55629","125654","181283"
"2013-10-17","SQLAnalyzer.java","13312","26608","39920"
"2013-12-23","SQLAnalyzer.java","24431","58919","83350"
"2013-12-12","SQLAnalyzer.java","22839","52356","75195"
"2013-10-21","SQLAnalyzer.java","14437","27804","42241"
"2013-12-08","SQLAnalyzer.java","22663","48825","71488"
"2014-01-23","SQLAnalyzer.java","32010","78924","110934"
"2014-04-08","SQLAnalyzer.java","55746","130009","185755"
"2015-08-14","SQLAnalyzer.java","102327","385072","487399"
"2015-05-11","SQLAnalyzer.java","101625","329549","431174"
"2013-12-02","SQLAnalyzer.java","22191","43321","65512"
"2013-12-02","SQLAnalyzer.java","22400","44467","66867"
"2015-03-10","SQLAnalyzer.java","100696","309389","410085"
"2015-07-30","SQLAnalyzer.java","102194","378895","481089"
"2015-09-07","SQLAnalyzer.java","102438","389186","491624"
"2014-03-20","SQLAnalyzer.java","55203","120366","175569"
"2014-05-27","SQLAnalyzer.java","99642","194973","294615"
"2013-10-31","SQLAnalyzer.java","18383","33234","51617"
"2015-09-10","SQLAnalyzer.java","102440","391561","494001"
"2015-09-23","SQLAnalyzer.java","102676","410888","513564"
"2014-12-12","SQLAnalyzer.java","100412","300187","400599"
"2014-06-07","SQLAnalyzer.java","99648","197314","296962"
"2015-02-21","SQLAnalyzer.java","100606","307700","408306"
"2013-12-16","SQLAnalyzer.java","23251","56113","79364"
"2015-08-04","SQLAnalyzer.java","102199","381499","483698"
"2015-10-23","SQLAnalyzer.java","102747","416290","519037"
"2013-12-10","SQLAnalyzer.java","22690","50830","73520"
"2013-12-23","SQLAnalyzer.java","24567","59230","83797"
"2013-12-26","SQLAnalyzer.java","24862","59676","84538"
"2014-01-08","SQLAnalyzer.java","28781","68153","96934"
"2014-04-24","SQLAnalyzer.java","99272","179709","278981"
"2014-06-05","SQLAnalyzer.java","99648","196730","296378"
"2014-04-14","SQLAnalyzer.java","55808","132727","188535"
"2015-02-05","SQLAnalyzer.java","100603","307037","407640"
"2015-07-31","SQLAnalyzer.java","102193","379566","481759"
"2015-04-05","SQLAnalyzer.java","101631","316796","418427"
"2015-09-24","SQLAnalyzer.java","102692","411863","514555"
"2014-10-28","TajoCli.java","34747","39111","73858"
"2015-02-14","TajoCli.java","84157","122067","206224"
"2015-03-12","TajoCli.java","85150","125071","210221"
"2015-09-23","TajoCli.java","147766","287726","435492"
"2015-01-06","TajoCli.java","73537","110541","184078"
"2014-12-24","TajoCli.java","71562","103241","174803"
"2015-09-11","TajoCli.java","147120","267852","414972"
"2015-09-09","TajoCli.java","147118","265081","412199"
"2014-12-03","TajoCli.java","43422","62067","105489"
"2015-02-05","TajoCli.java","83781","121577","205358"
"2015-08-13","TajoCli.java","113341","225566","338907"
"2015-07-24","TajoCli.java","111582","216694","328276"
"2015-03-13","TajoCli.java","88385","131676","220061"
"2014-11-19","TajoCli.java","41527","58353","99880"
"2015-02-14","TajoCli.java","20800","21706","42506"
"2015-03-12","TajoCli.java","22475","25392","47867"
"2015-09-23","TajoCli.java","110806","213762","324568"
"2015-09-11","TajoCli.java","109997","193725","303722"
"2015-09-09","TajoCli.java","111160","192119","303279"
"2015-02-05","TajoCli.java","20237","21029","41266"
"2015-08-13","TajoCli.java","68074","143295","211369"
"2015-07-24","TajoCli.java","63739","131847","195586"
"2015-03-13","TajoCli.java","25935","32222","58157"
"2015-10-06","SQLAnalyzer.java","125098","411659","536757"
"2014-01-29","SQLAnalyzer.java","38745","59415","98160"
"2015-09-07","SQLAnalyzer.java","124819","385311","510130"
"2015-09-11","SQLAnalyzer.java","124814","388036","512850"
"2014-04-08","SQLAnalyzer.java","50798","99355","150153"
"2014-12-10","SQLAnalyzer.java","120868","284003","404871"
"2015-04-16","SQLAnalyzer.java","123643","318677","442320"
"2014-04-16","SQLAnalyzer.java","51107","104392","155499"
"2014-02-16","SQLAnalyzer.java","39764","64696","104460"
"2015-09-23","SQLAnalyzer.java","125055","407737","532792"
"2015-02-05","SQLAnalyzer.java","121096","301085","422181"
"2015-02-05","SQLAnalyzer.java","121096","301085","422181"
"2014-07-09","SQLAnalyzer.java","119803","195463","315266"
"2015-11-18","SQLAnalyzer.java","125198","414353","539551"
"2014-01-17","SQLAnalyzer.java","16836","34771","51607"
"2014-03-31","SQLAnalyzer.java","50511","94374","144885"
"2013-12-23","SQLAnalyzer.java","3685","12011","15696"
"2013-12-12","SQLAnalyzer.java","887","4242","5129"
"2014-01-23","SQLAnalyzer.java","17756","38508","56264"
"2014-04-08","SQLAnalyzer.java","50762","98863","149625"
"2015-08-14","SQLAnalyzer.java","124673","381256","505929"
"2015-05-11","SQLAnalyzer.java","123801","325563","449364"
"2015-03-10","SQLAnalyzer.java","121395","303926","425321"
"2015-07-30","SQLAnalyzer.java","124437","374976","499413"
"2015-09-07","SQLAnalyzer.java","124819","385405","510224"
"2014-03-20","SQLAnalyzer.java","50030","89031","139061"
"2014-05-27","SQLAnalyzer.java","119688","188857","308545"
"2015-09-10","SQLAnalyzer.java","124821","387780","512601"
"2015-09-23","SQLAnalyzer.java","125047","407097","532144"
"2014-12-12","SQLAnalyzer.java","120878","294491","415369"
"2014-06-07","SQLAnalyzer.java","119694","191198","310892"
"2015-02-21","SQLAnalyzer.java","121099","302031","423130"
"2013-12-16","SQLAnalyzer.java","1317","8017","9334"
"2015-08-04","SQLAnalyzer.java","124491","377629","502120"
"2015-10-23","SQLAnalyzer.java","125128","412509","537637"
"2013-12-10","SQLAnalyzer.java","33","2011","2044"
"2013-12-23","SQLAnalyzer.java","3822","12323","16145"
"2013-12-26","SQLAnalyzer.java","4135","12787","16922"
"2014-01-08","SQLAnalyzer.java","13950","27160","41110"
"2014-04-24","SQLAnalyzer.java","119277","173552","292829"
"2014-06-05","SQLAnalyzer.java","119694","190614","310308"
"2014-04-14","SQLAnalyzer.java","50855","101612","152467"
"2015-02-05","SQLAnalyzer.java","121096","301368","422464"
"2015-07-31","SQLAnalyzer.java","124435","375646","500081"
"2015-04-05","SQLAnalyzer.java","123646","312649","436295"
"2015-09-24","SQLAnalyzer.java","125066","408075","533141"
"2015-10-06","SQLAnalyzer.java","93612","418407","512019"
"2014-01-29","SQLAnalyzer.java","45223","104127","149350"
"2015-09-07","SQLAnalyzer.java","93353","392079","485432"
"2015-09-11","SQLAnalyzer.java","93355","394811","488166"
"2014-04-08","SQLAnalyzer.java","52500","139291","191791"
"2014-12-10","SQLAnalyzer.java","91377","292746","384123"
"2015-04-16","SQLAnalyzer.java","92584","325852","418436"
"2014-04-16","SQLAnalyzer.java","52754","144273","197027"
"2014-02-16","SQLAnalyzer.java","46072","109238","155310"
"2015-09-23","SQLAnalyzer.java","93589","414505","508094"
"2015-02-05","SQLAnalyzer.java","91565","309788","401353"
"2015-02-05","SQLAnalyzer.java","91565","309788","401353"
"2014-07-09","SQLAnalyzer.java","90678","204572","295250"
"2015-11-18","SQLAnalyzer.java","93675","421064","514739"
"2014-01-17","SQLAnalyzer.java","32061","88230","120291"
"2014-03-31","SQLAnalyzer.java","52353","134450","186803"
"2013-10-17","SQLAnalyzer.java","15302","40670","55972"
"2013-12-23","SQLAnalyzer.java","25661","72221","97882"
"2013-09-30","SQLAnalyzer.java","1203","2031","3234"
"2013-12-12","SQLAnalyzer.java","24242","65831","90073"
"2013-10-21","SQLAnalyzer.java","16349","41788","58137"
"2013-10-07","SQLAnalyzer.java","3806","15878","19684"
"2013-12-08","SQLAnalyzer.java","24139","62373","86512"
"2014-01-23","SQLAnalyzer.java","32419","91405","123824"
"2014-04-08","SQLAnalyzer.java","52476","138811","191287"
"2013-10-07","SQLAnalyzer.java","5165","18272","23437"
"2015-08-14","SQLAnalyzer.java","93242","388059","481301"
"2015-05-11","SQLAnalyzer.java","92568","332564","425132"
"2013-12-02","SQLAnalyzer.java","23690","56892","80582"
"2013-12-02","SQLAnalyzer.java","23898","58037","81935"
"2015-03-10","SQLAnalyzer.java","91655","312420","404075"
"2015-07-30","SQLAnalyzer.java","93074","381847","474921"
"2015-09-07","SQLAnalyzer.java","93353","392173","485526"
"2014-03-20","SQLAnalyzer.java","51943","129178","181121"
"2014-05-27","SQLAnalyzer.java","90678","198081","288759"
"2013-10-31","SQLAnalyzer.java","19989","46912","66901"
"2015-09-10","SQLAnalyzer.java","93355","394548","487903"
"2015-09-23","SQLAnalyzer.java","93586","413870","507456"
"2014-12-12","SQLAnalyzer.java","91377","303224","394601"
"2014-06-07","SQLAnalyzer.java","90684","200422","291106"
"2015-02-21","SQLAnalyzer.java","91565","310731","402296"
"2013-12-16","SQLAnalyzer.java","24538","69472","94010"
"2015-08-04","SQLAnalyzer.java","93079","384451","477530"
"2015-10-23","SQLAnalyzer.java","93643","419258","512901"
"2013-12-10","SQLAnalyzer.java","24151","64363","88514"
"2013-12-23","SQLAnalyzer.java","25792","72527","98319"
"2013-12-26","SQLAnalyzer.java","26085","72971","99056"
"2014-01-08","SQLAnalyzer.java","29707","81151","110858"
"2014-04-24","SQLAnalyzer.java","90340","182849","273189"
"2014-06-05","SQLAnalyzer.java","90684","199838","290522"
"2014-04-14","SQLAnalyzer.java","52525","141516","194041"
"2015-02-05","SQLAnalyzer.java","91565","310071","401636"
"2015-07-31","SQLAnalyzer.java","93073","382518","475591"
"2015-04-05","SQLAnalyzer.java","92584","319821","412405"
"2015-09-24","SQLAnalyzer.java","93589","414832","508421"
"2014-04-30","BasicEvalNodeVisitor.java","110604","180266","290870"
"2014-02-27","BasicEvalNodeVisitor.java","47501","88367","135868"
"2014-02-27","BasicEvalNodeVisitor.java","47501","88367","135868"
"2015-08-19","BasicEvalNodeVisitor.java","114682","386182","500864"
"2015-08-13","BasicEvalNodeVisitor.java","114607","383584","498191"
"2014-07-09","BasicEvalNodeVisitor.java","110897","199897","310794"
"2013-12-10","BasicEvalNodeVisitor.java","12993","28311","41304"
"2014-04-30","BasicEvalNodeVisitor.java","111170","139966","251136"
"2015-08-19","BasicEvalNodeVisitor.java","142481","373115","515596"
"2015-08-13","BasicEvalNodeVisitor.java","142397","370508","512905"
"2014-07-09","BasicEvalNodeVisitor.java","112196","160330","272526"
"2014-04-30","BasicEvalNodeVisitor.java","111170","139966","251136"
"2015-08-19","BasicEvalNodeVisitor.java","142481","373115","515596"
"2015-08-13","BasicEvalNodeVisitor.java","142397","370508","512905"
"2014-07-09","BasicEvalNodeVisitor.java","112196","160330","272526"
"2015-10-06","SQLAnalyzer.java","138328","404137","542465"
"2014-01-29","SQLAnalyzer.java","23193","23111","46304"
"2015-09-07","SQLAnalyzer.java","138000","377740","515740"
"2015-09-11","SQLAnalyzer.java","137995","380465","518460"
"2014-04-08","SQLAnalyzer.java","38521","66326","104847"
"2014-12-10","SQLAnalyzer.java","132193","274576","406769"
"2015-04-16","SQLAnalyzer.java","135243","309525","444768"
"2014-04-16","SQLAnalyzer.java","39409","71942","111351"
"2014-02-16","SQLAnalyzer.java","24956","29136","54092"
"2015-09-23","SQLAnalyzer.java","138267","400197","538464"
"2015-02-05","SQLAnalyzer.java","132464","291701","424165"
"2015-02-05","SQLAnalyzer.java","132464","291701","424165"
"2014-07-09","SQLAnalyzer.java","129019","183927","312946"
"2015-11-18","SQLAnalyzer.java","138434","406837","545271"
"2014-03-31","SQLAnalyzer.java","37897","61008","98905"
"2014-04-08","SQLAnalyzer.java","38325","65674","103999"
"2015-08-14","SQLAnalyzer.java","137690","373521","511211"
"2015-05-11","SQLAnalyzer.java","136291","317301","453592"
"2015-03-10","SQLAnalyzer.java","132954","294733","427687"
"2015-07-30","SQLAnalyzer.java","137400","367187","504587"
"2015-09-07","SQLAnalyzer.java","138000","377834","515834"
"2014-03-20","SQLAnalyzer.java","37206","55455","92661"
"2014-05-27","SQLAnalyzer.java","128837","177254","306091"
"2015-09-10","SQLAnalyzer.java","138002","380209","518211"
"2015-09-23","SQLAnalyzer.java","138252","399550","537802"
"2014-12-12","SQLAnalyzer.java","132208","285069","417277"
"2014-06-07","SQLAnalyzer.java","128816","179568","308384"
"2015-02-21","SQLAnalyzer.java","132662","292842","425504"
"2015-08-04","SQLAnalyzer.java","137463","369849","507312"
"2015-10-23","SQLAnalyzer.java","138360","404989","543349"
"2014-04-24","SQLAnalyzer.java","128046","161569","289615"
"2014-06-05","SQLAnalyzer.java","128816","178984","307800"
"2014-04-14","SQLAnalyzer.java","38804","68809","107613"
"2015-02-05","SQLAnalyzer.java","132464","291984","424448"
"2015-07-31","SQLAnalyzer.java","137398","367857","505255"
"2015-04-05","SQLAnalyzer.java","135240","303491","438731"
"2015-09-24","SQLAnalyzer.java","138278","400535","538813"
"2014-04-30","BasicEvalNodeVisitor.java","90682","185049","275731"
"2013-10-17","BasicEvalNodeVisitor.java","16917","41622","58539"
"2014-02-27","BasicEvalNodeVisitor.java","51508","117079","168587"
"2014-02-27","BasicEvalNodeVisitor.java","51508","117079","168587"
"2015-08-19","BasicEvalNodeVisitor.java","93474","389679","483153"
"2015-08-13","BasicEvalNodeVisitor.java","93464","387146","480610"
"2014-07-09","BasicEvalNodeVisitor.java","90902","204607","295509"
"2013-12-10","BasicEvalNodeVisitor.java","25690","65713","91403"
"2015-02-14","TajoCli.java","23144","29375","52519"
"2015-03-12","TajoCli.java","24785","33027","57812"
"2015-09-23","TajoCli.java","111462","219743","331205"
"2015-01-06","TajoCli.java","3298","8623","11921"
"2015-09-11","TajoCli.java","110628","199681","310309"
"2015-09-09","TajoCli.java","111786","198070","309856"
"2015-02-05","TajoCli.java","22584","28701","51285"
"2015-08-13","TajoCli.java","69080","149626","218706"
"2015-07-24","TajoCli.java","65008","138441","203449"
"2015-03-13","TajoCli.java","28237","39849","68086"
"2015-08-19","BasicEvalNodeVisitor.java","95541","98064","193605"
"2015-09-23","TajoCli.java","2969","22197","25166"
"2015-09-23","TajoCli.java","3913","25910","29823"
"2015-09-11","TajoCli.java","994","3763","4757"
"2015-10-06","SQLAnalyzer.java","157921","396381","554302"
"2015-09-07","SQLAnalyzer.java","157353","369744","527097"
"2015-09-11","SQLAnalyzer.java","157359","372480","529839"
"2014-12-10","SQLAnalyzer.java","132994","248028","381022"
"2015-04-16","SQLAnalyzer.java","152173","299106","451279"
"2014-04-16","SQLAnalyzer.java","1835","7019","8854"
"2015-09-23","SQLAnalyzer.java","157813","392394","550207"
"2015-02-05","SQLAnalyzer.java","148715","280603","429318"
"2015-02-05","SQLAnalyzer.java","148715","280603","429318"
"2014-07-09","SQLAnalyzer.java","119416","146975","266391"
"2015-11-18","SQLAnalyzer.java","158227","399281","557508"
"2015-08-14","SQLAnalyzer.java","156733","365215","521948"
"2015-05-11","SQLAnalyzer.java","154201","307862","462063"
"2015-03-10","SQLAnalyzer.java","149366","283796","433162"
"2015-07-30","SQLAnalyzer.java","156050","358488","514538"
"2015-09-07","SQLAnalyzer.java","157357","369842","527199"
"2014-05-27","SQLAnalyzer.java","118992","140060","259052"
"2015-09-10","SQLAnalyzer.java","157359","372217","529576"
"2015-09-23","SQLAnalyzer.java","157794","391743","549537"
"2014-12-12","SQLAnalyzer.java","148185","273697","421882"
"2014-06-07","SQLAnalyzer.java","119008","142411","261419"
"2015-02-21","SQLAnalyzer.java","148960","281791","430751"
"2015-08-04","SQLAnalyzer.java","156100","361137","517237"
"2015-10-23","SQLAnalyzer.java","157955","397235","555190"
"2014-04-24","SQLAnalyzer.java","117966","124140","242106"
"2014-06-05","SQLAnalyzer.java","119008","141827","260835"
"2014-04-14","SQLAnalyzer.java","897","3553","4450"
"2015-02-05","SQLAnalyzer.java","148718","280889","429607"
"2015-07-31","SQLAnalyzer.java","156085","359195","515280"
"2015-04-05","SQLAnalyzer.java","152166","293068","445234"
"2015-09-24","SQLAnalyzer.java","157824","392732","550556"
"2014-10-28","TajoCli.java","40340","127896","168236"
"2015-02-14","TajoCli.java","80067","201169","281236"
"2015-03-12","TajoCli.java","80786","203899","284685"
"2014-06-02","TajoCli.java","1953","12603","14556"
"2014-08-19","TajoCli.java","10493","39134","49627"
"2014-08-11","TajoCli.java","10188","35918","46106"
"2014-09-11","TajoCli.java","11141","91211","102352"
"2014-05-28","TajoCli.java","1556","11629","13185"
"2015-09-23","TajoCli.java","127555","350707","478262"
"2014-10-04","TajoCli.java","12528","95720","108248"
"2015-01-06","TajoCli.java","72118","192314","264432"
"2014-12-24","TajoCli.java","70416","185287","255703"
"2015-09-11","TajoCli.java","127004","330928","457932"
"2015-09-09","TajoCli.java","127003","328158","455161"
"2014-12-03","TajoCli.java","47323","149160","196483"
"2015-02-05","TajoCli.java","79749","200737","280486"
"2014-07-20","TajoCli.java","7984","29056","37040"
"2015-08-13","TajoCli.java","101592","297009","398601"
"2015-07-24","TajoCli.java","100019","288323","388342"
"2014-09-20","TajoCli.java","12302","93545","105847"
"2015-03-13","TajoCli.java","83715","210198","293913"
"2014-11-19","TajoCli.java","45528","145546","191074"
"2015-10-06","SQLAnalyzer.java","103350","415038","518388"
"2014-01-29","SQLAnalyzer.java","46994","92791","139785"
"2015-09-07","SQLAnalyzer.java","103063","388682","491745"
"2015-09-11","SQLAnalyzer.java","103065","391414","494479"
"2014-04-08","SQLAnalyzer.java","54843","128527","183370"
"2014-12-10","SQLAnalyzer.java","100928","289190","390118"
"2015-04-16","SQLAnalyzer.java","102149","322310","424459"
"2014-04-16","SQLAnalyzer.java","55123","133535","188658"
"2014-02-16","SQLAnalyzer.java","47886","97945","145831"
"2015-09-23","SQLAnalyzer.java","103311","411120","514431"
"2015-02-05","SQLAnalyzer.java","101121","306237","407358"
"2015-02-05","SQLAnalyzer.java","101121","306237","407358"
"2014-07-09","SQLAnalyzer.java","100163","200950","301113"
"2015-11-18","SQLAnalyzer.java","103449","417731","521180"
"2014-01-17","SQLAnalyzer.java","29366","72428","101794"
"2014-03-31","SQLAnalyzer.java","54686","123676","178362"
"2013-10-17","SQLAnalyzer.java","10885","23146","34031"
"2013-12-23","SQLAnalyzer.java","22290","55743","78033"
"2013-12-12","SQLAnalyzer.java","20689","49171","69860"
"2013-10-21","SQLAnalyzer.java","12015","24347","36362"
"2013-12-08","SQLAnalyzer.java","20513","45640","66153"
"2014-01-23","SQLAnalyzer.java","29908","75787","105695"
"2014-04-08","SQLAnalyzer.java","54820","128048","182868"
"2015-08-14","SQLAnalyzer.java","102929","384639","487568"
"2015-05-11","SQLAnalyzer.java","102143","329032","431175"
"2013-12-02","SQLAnalyzer.java","19819","39914","59733"
"2013-12-02","SQLAnalyzer.java","20028","41060","61088"
"2015-03-10","SQLAnalyzer.java","101215","308873","410088"
"2015-07-30","SQLAnalyzer.java","102726","378392","481118"
"2015-09-07","SQLAnalyzer.java","103063","388776","491839"
"2014-03-20","SQLAnalyzer.java","54253","118381","172634"
"2014-05-27","SQLAnalyzer.java","100100","194396","294496"
"2013-10-31","SQLAnalyzer.java","15982","29798","45780"
"2015-09-10","SQLAnalyzer.java","103065","391151","494216"
"2015-09-23","SQLAnalyzer.java","103305","410482","513787"
"2014-12-12","SQLAnalyzer.java","100928","299668","400596"
"2014-06-07","SQLAnalyzer.java","100106","196737","296843"
"2015-02-21","SQLAnalyzer.java","101124","307183","408307"
"2013-12-16","SQLAnalyzer.java","21107","52934","74041"
"2015-08-04","SQLAnalyzer.java","102754","381019","483773"
"2015-10-23","SQLAnalyzer.java","103380","415888","519268"
"2013-12-10","SQLAnalyzer.java","20540","47645","68185"
"2013-12-23","SQLAnalyzer.java","22425","56053","78478"
"2013-12-26","SQLAnalyzer.java","22720","56499","79219"
"2014-01-08","SQLAnalyzer.java","26647","64984","91631"
"2014-04-24","SQLAnalyzer.java","99726","179128","278854"
"2014-06-05","SQLAnalyzer.java","100106","196153","296259"
"2014-04-14","SQLAnalyzer.java","54882","130766","185648"
"2015-02-05","SQLAnalyzer.java","101121","306520","407641"
"2015-07-31","SQLAnalyzer.java","102719","379057","481776"
"2015-04-05","SQLAnalyzer.java","102149","316279","418428"
"2015-09-24","SQLAnalyzer.java","103322","411458","514780"
"2015-10-06","SQLAnalyzer.java","93834","418440","512274"
"2014-01-29","SQLAnalyzer.java","46485","105200","151685"
"2015-09-07","SQLAnalyzer.java","93577","392114","485691"
"2015-09-11","SQLAnalyzer.java","93579","394846","488425"
"2014-04-08","SQLAnalyzer.java","53678","140280","193958"
"2014-12-10","SQLAnalyzer.java","91600","292780","384380"
"2015-04-16","SQLAnalyzer.java","92807","325886","418693"
"2014-04-16","SQLAnalyzer.java","53931","145261","199192"
"2014-02-16","SQLAnalyzer.java","47322","110299","157621"
"2015-09-23","SQLAnalyzer.java","93813","414540","508353"
"2015-02-05","SQLAnalyzer.java","91788","309822","401610"
"2015-02-05","SQLAnalyzer.java","91788","309822","401610"
"2014-07-09","SQLAnalyzer.java","90902","204607","295509"
"2015-11-18","SQLAnalyzer.java","93895","421095","514990"
"2014-01-17","SQLAnalyzer.java","33390","89370","122760"
"2014-03-31","SQLAnalyzer.java","53535","135443","188978"
"2013-10-17","SQLAnalyzer.java","16925","42104","59029"
"2013-12-23","SQLAnalyzer.java","27172","73543","100715"
"2013-09-30","SQLAnalyzer.java","3106","3745","6851"
"2013-12-12","SQLAnalyzer.java","25781","67181","92962"
"2013-10-21","SQLAnalyzer.java","17955","43205","61160"
"2013-10-07","SQLAnalyzer.java","5640","17523","23163"
"2013-12-08","SQLAnalyzer.java","25681","63726","89407"
"2013-09-27","SQLAnalyzer.java","1991","1802","3793"
"2014-01-23","SQLAnalyzer.java","33740","92537","126277"
"2014-04-08","SQLAnalyzer.java","53654","139800","193454"
"2013-10-07","SQLAnalyzer.java","6992","19910","26902"
"2015-08-14","SQLAnalyzer.java","93466","388094","481560"
"2015-05-11","SQLAnalyzer.java","92791","332598","425389"
"2013-12-02","SQLAnalyzer.java","25233","58246","83479"
"2013-12-02","SQLAnalyzer.java","25441","59391","84832"
"2015-03-10","SQLAnalyzer.java","91878","312454","404332"
"2015-07-30","SQLAnalyzer.java","93298","381882","475180"
"2015-09-07","SQLAnalyzer.java","93577","392208","485785"
"2014-03-20","SQLAnalyzer.java","53131","130177","183308"
"2014-05-27","SQLAnalyzer.java","90902","198116","289018"
"2013-10-31","SQLAnalyzer.java","21574","48308","69882"
"2015-09-10","SQLAnalyzer.java","93579","394583","488162"
"2015-09-23","SQLAnalyzer.java","93810","413905","507715"
"2014-12-12","SQLAnalyzer.java","91600","303258","394858"
"2013-09-27","SQLAnalyzer.java","1917","1536","3453"
"2014-06-07","SQLAnalyzer.java","90908","200457","291365"
"2015-02-21","SQLAnalyzer.java","91788","310765","402553"
"2013-12-16","SQLAnalyzer.java","26075","70820","96895"
"2015-08-04","SQLAnalyzer.java","93303","384486","477789"
"2015-10-23","SQLAnalyzer.java","93865","419291","513156"
"2013-09-27","SQLAnalyzer.java","1962","1672","3634"
"2013-12-10","SQLAnalyzer.java","25690","65713","91403"
"2013-12-23","SQLAnalyzer.java","27303","73849","101152"
"2013-12-26","SQLAnalyzer.java","27596","74293","101889"
"2014-01-08","SQLAnalyzer.java","31127","82382","113509"
"2014-04-24","SQLAnalyzer.java","90567","182887","273454"
"2014-06-05","SQLAnalyzer.java","90908","199873","290781"
"2014-04-14","SQLAnalyzer.java","53702","142504","196206"
"2015-02-05","SQLAnalyzer.java","91788","310105","401893"
"2015-07-31","SQLAnalyzer.java","93297","382553","475850"
"2015-04-05","SQLAnalyzer.java","92807","319855","412662"
"2015-09-24","SQLAnalyzer.java","93813","414867","508680"
"2015-02-14","TajoCli.java","56346","75611","131957"
"2015-03-12","TajoCli.java","57411","78687","136098"
"2015-09-23","TajoCli.java","129169","250484","379653"
"2015-01-06","TajoCli.java","40586","58945","99531"
"2014-12-24","TajoCli.java","37455","50489","87944"
"2015-09-11","TajoCli.java","128369","230456","358825"
"2015-09-09","TajoCli.java","127893","227211","355104"
"2015-02-05","TajoCli.java","55885","75036","130921"
"2015-08-13","TajoCli.java","91592","185172","276764"
"2015-07-24","TajoCli.java","89464","175931","265395"
"2015-03-13","TajoCli.java","60817","85463","146280"
"2015-02-14","TajoCli.java","622","736","1358"
"2015-03-12","TajoCli.java","2428","4553","6981"
"2015-09-23","TajoCli.java","95965","198129","294094"
"2015-09-11","TajoCli.java","95065","178001","273066"
"2015-09-09","TajoCli.java","96208","176375","272583"
"2015-08-13","TajoCli.java","51146","125575","176721"
"2015-07-24","TajoCli.java","46677","113993","160670"
"2015-03-13","TajoCli.java","5993","11488","17481"
"2014-10-28","TajoCli.java","36857","103341","140198"
"2015-02-14","TajoCli.java","80752","180782","261534"
"2015-03-12","TajoCli.java","81561","183602","265163"
"2014-08-19","TajoCli.java","2972","10541","13513"
"2014-08-11","TajoCli.java","2625","7283","9908"
"2014-09-11","TajoCli.java","3833","62831","66664"
"2015-09-23","TajoCli.java","137875","339955","477830"
"2014-10-04","TajoCli.java","5347","67467","72814"
"2015-01-06","TajoCli.java","71831","170955","242786"
"2014-12-24","TajoCli.java","70047","163846","233893"
"2015-09-11","TajoCli.java","137298","320150","457448"
"2015-09-09","TajoCli.java","137297","317380","454677"
"2014-12-03","TajoCli.java","44194","124959","169153"
"2015-02-05","TajoCli.java","80417","180333","260750"
"2015-08-13","TajoCli.java","107102","281447","388549"
"2015-07-24","TajoCli.java","105494","272726","378220"
"2014-09-20","TajoCli.java","5056","65227","70283"
"2015-03-13","TajoCli.java","84534","189945","274479"
"2014-11-19","TajoCli.java","42344","121290","163634"
"2015-10-06","SQLAnalyzer.java","110851","140829","251680"
"2015-09-07","SQLAnalyzer.java","106137","110046","216183"
"2015-09-11","SQLAnalyzer.java","106804","113443","220247"
"2015-09-23","SQLAnalyzer.java","109719","135818","245537"
"2015-11-18","SQLAnalyzer.java","113306","145878","259184"
"2015-09-07","SQLAnalyzer.java","106143","110146","216289"
"2015-09-10","SQLAnalyzer.java","106802","113178","219980"
"2015-09-23","SQLAnalyzer.java","108801","134268","243069"
"2015-10-23","SQLAnalyzer.java","111280","142078","253358"
"2015-09-24","SQLAnalyzer.java","109779","136205","245984"
"2015-09-23","TajoCli.java","108767","136502","245269"
"2015-09-11","TajoCli.java","106702","115209","221911"
"2015-09-09","TajoCli.java","105859","111597","217456"
"2015-10-06","SQLAnalyzer.java","92150","176949","269099"
"2015-09-07","SQLAnalyzer.java","90744","149474","240218"
"2015-09-11","SQLAnalyzer.java","89616","151076","240692"
"2015-09-23","SQLAnalyzer.java","91608","172528","264136"
"2015-11-18","SQLAnalyzer.java","94257","181650","275907"
"2015-08-14","SQLAnalyzer.java","40743","95564","136307"
"2015-07-30","SQLAnalyzer.java","38236","87013","125249"
"2015-09-07","SQLAnalyzer.java","90749","149573","240322"
"2015-09-10","SQLAnalyzer.java","89615","150812","240427"
"2015-09-23","SQLAnalyzer.java","90849","171137","261986"
"2015-08-04","SQLAnalyzer.java","39148","90524","129672"
"2015-10-23","SQLAnalyzer.java","92440","178059","270499"
"2015-07-31","SQLAnalyzer.java","38460","87909","126369"
"2015-09-24","SQLAnalyzer.java","91630","172877","264507"
"2014-03-20","TajoCli.java","46725","136412","183137"
"2014-10-28","TajoCli.java","79756","277527","357283"
"2015-02-14","TajoCli.java","79971","311288","391259"
"2014-04-23","TajoCli.java","78941","182718","261659"
"2015-03-12","TajoCli.java","80061","313389","393450"
"2014-06-02","TajoCli.java","79282","200147","279429"
"2014-01-22","TajoCli.java","34418","104866","139284"
"2014-08-19","TajoCli.java","79512","218368","297880"
"2014-04-27","TajoCli.java","78941","184023","262964"
"2014-08-11","TajoCli.java","79504","215449","294953"
"2014-04-11","TajoCli.java","47156","147931","195087"
"2014-09-11","TajoCli.java","79566","269851","349417"
"2014-05-28","TajoCli.java","79276","199564","278840"
"2015-09-23","TajoCli.java","81954","415321","497275"
"2014-10-04","TajoCli.java","79567","272974","352541"
"2015-01-06","TajoCli.java","79969","310380","390349"
"2014-12-24","TajoCli.java","79968","305054","385022"
"2015-09-11","TajoCli.java","81729","395868","477597"
"2015-09-09","TajoCli.java","81729","393099","474828"
"2014-05-12","TajoCli.java","79275","189490","268765"
"2014-12-03","TajoCli.java","79780","291832","371612"
"2015-02-05","TajoCli.java","79971","311174","391145"
"2014-07-20","TajoCli.java","79274","210561","289835"
"2015-08-13","TajoCli.java","81614","387246","468860"
"2014-05-08","TajoCli.java","79260","187466","266726"
"2015-07-24","TajoCli.java","81370","379889","461259"
"2014-09-20","TajoCli.java","79566","271024","350590"
"2014-05-12","TajoCli.java","79275","189738","269013"
"2014-02-17","TajoCli.java","44693","120620","165313"
"2014-04-08","TajoCli.java","47160","146403","193563"
"2015-03-13","TajoCli.java","80959","317657","398616"
"2014-11-19","TajoCli.java","79777","290010","369787"
"2015-10-06","SQLAnalyzer.java","120343","411936","532279"
"2014-01-29","SQLAnalyzer.java","38528","64230","102758"
"2015-09-07","SQLAnalyzer.java","120047","385571","505618"
"2015-09-11","SQLAnalyzer.java","120049","388303","508352"
"2014-04-08","SQLAnalyzer.java","49506","103095","152601"
"2014-12-10","SQLAnalyzer.java","116126","284293","400419"
"2015-04-16","SQLAnalyzer.java","118897","318963","437860"
"2014-04-16","SQLAnalyzer.java","49812","108129","157941"
"2014-02-16","SQLAnalyzer.java","39541","69505","109046"
"2015-09-23","SQLAnalyzer.java","120300","408014","528314"
"2015-02-05","SQLAnalyzer.java","116354","301375","417729"
"2015-02-05","SQLAnalyzer.java","116354","301375","417729"
"2014-07-09","SQLAnalyzer.java","115142","195834","310976"
"2015-11-18","SQLAnalyzer.java","120443","414630","535073"
"2014-01-17","SQLAnalyzer.java","17570","40537","58107"
"2014-03-31","SQLAnalyzer.java","49227","98122","147349"
"2013-12-23","SQLAnalyzer.java","4697","18055","22752"
"2013-12-12","SQLAnalyzer.java","2463","10850","13313"
"2013-12-08","SQLAnalyzer.java","1583","6615","8198"
"2014-01-23","SQLAnalyzer.java","18276","44060","62336"
"2014-04-08","SQLAnalyzer.java","49470","102603","152073"
"2015-08-14","SQLAnalyzer.java","119908","381523","501431"
"2015-05-11","SQLAnalyzer.java","119053","325847","444900"
"2015-03-10","SQLAnalyzer.java","116653","304216","420869"
"2015-07-30","SQLAnalyzer.java","119680","375251","494931"
"2015-09-07","SQLAnalyzer.java","120047","385665","505712"
"2014-03-20","SQLAnalyzer.java","48750","92783","141533"
"2014-05-27","SQLAnalyzer.java","115071","189272","304343"
"2015-09-10","SQLAnalyzer.java","120049","388040","508089"
"2015-09-23","SQLAnalyzer.java","120292","407374","527666"
"2014-12-12","SQLAnalyzer.java","116136","294781","410917"
"2014-06-07","SQLAnalyzer.java","115077","191613","306690"
"2015-02-21","SQLAnalyzer.java","116357","302321","418678"
"2013-12-16","SQLAnalyzer.java","2887","14619","17506"
"2015-08-04","SQLAnalyzer.java","119721","377891","497612"
"2015-10-23","SQLAnalyzer.java","120373","412786","533159"
"2013-12-10","SQLAnalyzer.java","1613","8623","10236"
"2013-12-23","SQLAnalyzer.java","4834","18367","23201"
"2013-12-26","SQLAnalyzer.java","5138","18822","23960"
"2014-01-08","SQLAnalyzer.java","14735","32977","47712"
"2014-04-24","SQLAnalyzer.java","114665","173972","288637"
"2014-06-05","SQLAnalyzer.java","115077","191029","306106"
"2014-04-14","SQLAnalyzer.java","49562","105351","154913"
"2015-02-05","SQLAnalyzer.java","116354","301658","418012"
"2015-07-31","SQLAnalyzer.java","119678","375921","495599"
"2015-04-05","SQLAnalyzer.java","118900","312935","431835"
"2015-09-24","SQLAnalyzer.java","120311","408352","528663"
"2014-10-28","TajoCli.java","40379","129944","170323"
"2015-02-14","TajoCli.java","79775","202886","282661"
"2015-03-12","TajoCli.java","80494","205616","286110"
"2014-06-02","TajoCli.java","2132","14791","16923"
"2014-08-19","TajoCli.java","10604","41254","51858"
"2014-08-11","TajoCli.java","10302","38041","48343"
"2014-09-11","TajoCli.java","11250","93329","104579"
"2014-05-28","TajoCli.java","1735","13817","15552"
"2015-09-23","TajoCli.java","126080","351241","477321"
"2014-10-04","TajoCli.java","12631","97832","110463"
"2015-01-06","TajoCli.java","71847","194052","265899"
"2014-12-24","TajoCli.java","70145","187025","257170"
"2015-09-11","TajoCli.java","125529","331462","456991"
"2015-09-09","TajoCli.java","125528","328692","454220"
"2014-05-12","TajoCli.java","184","2193","2377"
"2014-12-03","TajoCli.java","47064","150910","197974"
"2015-02-05","TajoCli.java","79457","202454","281911"
"2014-07-20","TajoCli.java","8143","31224","39367"
"2015-08-13","TajoCli.java","101167","298593","399760"
"2015-07-24","TajoCli.java","99598","289911","389509"
"2014-09-20","TajoCli.java","12411","95663","108074"
"2014-05-12","TajoCli.java","281","2538","2819"
"2015-03-13","TajoCli.java","83422","211914","295336"
"2014-11-19","TajoCli.java","45269","147296","192565"
"2015-10-06","SQLAnalyzer.java","121276","411932","533208"
"2014-01-29","SQLAnalyzer.java","38262","63027","101289"
"2015-09-07","SQLAnalyzer.java","120980","385567","506547"
"2015-09-11","SQLAnalyzer.java","120982","388299","509281"
"2014-04-08","SQLAnalyzer.java","49826","102478","152304"
"2014-12-10","SQLAnalyzer.java","117057","284287","401344"
"2015-04-16","SQLAnalyzer.java","119828","318957","438785"
"2014-04-16","SQLAnalyzer.java","50133","107513","157646"
"2014-02-16","SQLAnalyzer.java","39275","68302","107577"
"2015-09-23","SQLAnalyzer.java","121233","408010","529243"
"2015-02-05","SQLAnalyzer.java","117285","301369","418654"
"2015-02-05","SQLAnalyzer.java","117285","301369","418654"
"2014-07-09","SQLAnalyzer.java","116072","195827","311899"
"2015-11-18","SQLAnalyzer.java","121376","414626","536002"
"2014-01-17","SQLAnalyzer.java","17292","39322","56614"
"2014-03-31","SQLAnalyzer.java","49547","97505","147052"
"2013-12-23","SQLAnalyzer.java","4409","16830","21239"
"2013-12-12","SQLAnalyzer.java","2174","9624","11798"
"2013-12-08","SQLAnalyzer.java","1294","5389","6683"
"2014-01-23","SQLAnalyzer.java","18008","42855","60863"
"2014-04-08","SQLAnalyzer.java","49790","101986","151776"
"2015-08-14","SQLAnalyzer.java","120841","381519","502360"
"2015-05-11","SQLAnalyzer.java","119985","325842","445827"
"2015-03-10","SQLAnalyzer.java","117584","304210","421794"
"2015-07-30","SQLAnalyzer.java","120613","375247","495860"
"2015-09-07","SQLAnalyzer.java","120980","385661","506641"
"2014-03-20","SQLAnalyzer.java","49070","92166","141236"
"2014-05-27","SQLAnalyzer.java","115998","189262","305260"
"2015-09-10","SQLAnalyzer.java","120982","388036","509018"
"2015-09-23","SQLAnalyzer.java","121225","407370","528595"
"2014-12-12","SQLAnalyzer.java","117067","294775","411842"
"2014-06-07","SQLAnalyzer.java","116004","191603","307607"
"2015-02-21","SQLAnalyzer.java","117288","302315","419603"
"2013-12-16","SQLAnalyzer.java","2599","13394","15993"
"2015-08-04","SQLAnalyzer.java","120654","377887","498541"
"2015-10-23","SQLAnalyzer.java","121306","412782","534088"
"2013-12-10","SQLAnalyzer.java","1324","7397","8721"
"2013-12-23","SQLAnalyzer.java","4546","17142","21688"
"2013-12-26","SQLAnalyzer.java","4859","17606","22465"
"2014-01-08","SQLAnalyzer.java","14457","31762","46219"
"2014-04-24","SQLAnalyzer.java","115592","173962","289554"
"2014-06-05","SQLAnalyzer.java","116004","191019","307023"
"2014-04-14","SQLAnalyzer.java","49883","104735","154618"
"2015-02-05","SQLAnalyzer.java","117285","301652","418937"
"2015-07-31","SQLAnalyzer.java","120611","375917","496528"
"2015-04-05","SQLAnalyzer.java","119831","312929","432760"
"2015-09-24","SQLAnalyzer.java","121244","408348","529592"
"2015-09-23","TajoCli.java","111061","145909","256970"
"2015-09-11","TajoCli.java","109186","124806","233992"
"2015-09-09","TajoCli.java","110054","122905","232959"
"2015-08-13","TajoCli.java","6972","14085","21057"
"2014-10-28","TajoCli.java","34717","41030","75747"
"2015-02-14","TajoCli.java","83538","123397","206935"
"2015-03-12","TajoCli.java","84514","126384","210898"
"2015-09-23","TajoCli.java","146641","288550","435191"
"2014-10-04","TajoCli.java","333","2282","2615"
"2015-01-06","TajoCli.java","73141","112094","185235"
"2014-12-24","TajoCli.java","71303","104931","176234"
"2015-09-11","TajoCli.java","146035","268716","414751"
"2015-09-09","TajoCli.java","146034","265946","411980"
"2014-12-03","TajoCli.java","43262","63856","107118"
"2015-02-05","TajoCli.java","83183","122928","206111"
"2015-08-13","TajoCli.java","112421","226595","339016"
"2015-07-24","TajoCli.java","110664","217725","328389"
"2015-03-13","TajoCli.java","87745","132985","220730"
"2014-11-19","TajoCli.java","41370","60145","101515"
"2015-10-06","SQLAnalyzer.java","96771","200801","297572"
"2015-09-07","SQLAnalyzer.java","95969","173930","269899"
"2015-09-11","SQLAnalyzer.java","94840","175531","270371"
"2015-04-16","SQLAnalyzer.java","8483","20986","29469"
"2015-09-23","SQLAnalyzer.java","96274","196425","292699"
"2015-11-18","SQLAnalyzer.java","98647","205271","303918"
"2015-08-14","SQLAnalyzer.java","50661","124713","175374"
"2015-05-11","SQLAnalyzer.java","13673","32904","46577"
"2015-07-30","SQLAnalyzer.java","48572","116580","165152"
"2015-09-07","SQLAnalyzer.java","95973","174028","270001"
"2015-09-10","SQLAnalyzer.java","94839","175267","270106"
"2015-09-23","SQLAnalyzer.java","95781","195300","291081"
"2015-08-04","SQLAnalyzer.java","49226","119833","169059"
"2015-10-23","SQLAnalyzer.java","96974","201824","298798"
"2015-07-31","SQLAnalyzer.java","48619","117299","165918"
"2015-04-05","SQLAnalyzer.java","7928","14400","22328"
"2015-09-24","SQLAnalyzer.java","96292","196770","293062"
"2014-10-28","TajoCli.java","40279","127587","167866"
"2015-02-14","TajoCli.java","80193","201047","281240"
"2015-03-12","TajoCli.java","80912","203777","284689"
"2014-06-02","TajoCli.java","1857","12259","14116"
"2014-08-19","TajoCli.java","10404","38797","49201"
"2014-08-11","TajoCli.java","10099","35581","45680"
"2014-09-11","TajoCli.java","11052","90874","101926"
"2014-05-28","TajoCli.java","1460","11285","12745"
"2015-09-23","TajoCli.java","127773","350677","478450"
"2014-10-04","TajoCli.java","12441","95385","107826"
"2015-01-06","TajoCli.java","72193","192141","264334"
"2014-12-24","TajoCli.java","70491","185114","255605"
"2015-09-11","TajoCli.java","127222","330898","458120"
"2015-09-09","TajoCli.java","127221","328128","455349"
"2014-12-03","TajoCli.java","47277","148866","196143"
"2015-02-05","TajoCli.java","79875","200615","280490"
"2014-07-20","TajoCli.java","7893","28717","36610"
"2015-08-13","TajoCli.java","101722","296891","398613"
"2015-07-24","TajoCli.java","100149","288205","388354"
"2014-09-20","TajoCli.java","12213","93208","105421"
"2015-03-13","TajoCli.java","83841","210076","293917"
"2014-11-19","TajoCli.java","45474","145244","190718"
"2015-08-19","BasicEvalNodeVisitor.java","127998","310498","438496"
"2015-08-13","BasicEvalNodeVisitor.java","103376","283353","386729"
"2015-10-06","SQLAnalyzer.java","112762","148784","261546"
"2015-09-07","SQLAnalyzer.java","108339","118292","226631"
"2015-09-11","SQLAnalyzer.java","108963","121646","230609"
"2015-09-23","SQLAnalyzer.java","111715","143858","255573"
"2015-11-18","SQLAnalyzer.java","115158","153774","268932"
"2015-08-14","SQLAnalyzer.java","4536","10580","15116"
"2015-09-07","SQLAnalyzer.java","108344","118391","226735"
"2015-09-10","SQLAnalyzer.java","108961","121381","230342"
"2015-09-23","SQLAnalyzer.java","110826","142337","253163"
"2015-08-04","SQLAnalyzer.java","1552","4151","5703"
"2015-10-23","SQLAnalyzer.java","113150","149992","263142"
"2015-07-31","SQLAnalyzer.java","340","1012","1352"
"2015-09-24","SQLAnalyzer.java","111755","144225","255980"
"2014-04-30","BasicEvalNodeVisitor.java","121162","175506","296668"
"2014-02-27","BasicEvalNodeVisitor.java","47381","72929","120310"
"2014-02-27","BasicEvalNodeVisitor.java","47381","72929","120310"
"2015-08-19","BasicEvalNodeVisitor.java","126487","382669","509156"
"2015-08-13","BasicEvalNodeVisitor.java","126412","380071","506483"
"2014-07-09","BasicEvalNodeVisitor.java","121578","195260","316838"
"2015-04-18","BetweenPredicateEval.java","114281","325579","439860"
"2014-01-25","BetweenPredicateEval.java","23895","57248","81143"
"2015-04-02","BetweenPredicateEval.java","114271","315390","429661"
"2014-08-20","BetweenPredicateEval.java","111733","213810","325543"
"2015-04-06","BetweenPredicateEval.java","114270","321090","435360"
"2015-03-20","BetweenPredicateEval.java","114248","313414","427662"
"2015-10-06","SQLAnalyzer.java","8047","34022","42069"
"2015-09-11","SQLAnalyzer.java","2960","5596","8556"
"2015-09-23","SQLAnalyzer.java","6791","28887","35678"
"2015-11-18","SQLAnalyzer.java","11662","40231","51893"
"2015-09-10","SQLAnalyzer.java","2850","5223","8073"
"2015-09-23","SQLAnalyzer.java","5770","27234","33004"
"2015-10-23","SQLAnalyzer.java","8545","35340","43885"
"2015-09-24","SQLAnalyzer.java","6856","29279","36135"
"2015-10-06","SQLAnalyzer.java","150322","397882","548204"
"2015-09-07","SQLAnalyzer.java","149915","371406","521321"
"2015-09-11","SQLAnalyzer.java","149921","374142","524063"
"2014-04-08","SQLAnalyzer.java","1940","11496","13436"
"2014-12-10","SQLAnalyzer.java","128534","252668","381202"
"2015-04-16","SQLAnalyzer.java","145048","301081","446129"
"2014-04-16","SQLAnalyzer.java","3251","17535","20786"
"2015-09-23","SQLAnalyzer.java","150362","394043","544405"
"2015-02-05","SQLAnalyzer.java","141656","282644","424300"
"2015-02-05","SQLAnalyzer.java","141656","282644","424300"
"2014-07-09","SQLAnalyzer.java","115215","151874","267089"
"2015-11-18","SQLAnalyzer.java","150599","400753","551352"
"2014-03-31","SQLAnalyzer.java","1166","6028","7194"
"2014-04-08","SQLAnalyzer.java","1734","10834","12568"
"2015-08-14","SQLAnalyzer.java","149368","366950","516318"
"2015-05-11","SQLAnalyzer.java","146859","309620","456479"
"2015-03-10","SQLAnalyzer.java","142302","285832","428134"
"2015-07-30","SQLAnalyzer.java","148637","360175","508812"
"2015-09-07","SQLAnalyzer.java","149919","371504","521423"
"2014-05-27","SQLAnalyzer.java","114808","144976","259784"
"2015-09-10","SQLAnalyzer.java","149921","373879","523800"
"2015-09-23","SQLAnalyzer.java","150344","393393","543737"
"2014-12-12","SQLAnalyzer.java","141143","275755","416898"
"2014-06-07","SQLAnalyzer.java","114823","147326","262149"
"2015-02-21","SQLAnalyzer.java","141894","283825","425719"
"2015-08-04","SQLAnalyzer.java","148695","362832","511527"
"2015-10-23","SQLAnalyzer.java","150354","398734","549088"
"2014-04-24","SQLAnalyzer.java","113888","129162","243050"
"2014-06-05","SQLAnalyzer.java","114823","146742","261565"
"2014-04-14","SQLAnalyzer.java","2519","14275","16794"
"2015-02-05","SQLAnalyzer.java","141656","282927","424583"
"2015-07-31","SQLAnalyzer.java","148680","360890","509570"
"2015-04-05","SQLAnalyzer.java","145044","295046","440090"
"2015-09-24","SQLAnalyzer.java","150373","394381","544754"
"2015-04-18","BetweenPredicateEval.java","135710","313655","449365"
"2015-04-02","BetweenPredicateEval.java","134828","302594","437422"
"2014-08-20","BetweenPredicateEval.java","129232","197956","327188"
"2015-04-06","BetweenPredicateEval.java","134831","308298","443129"
"2015-03-20","BetweenPredicateEval.java","134779","300592","435371"
"2014-03-20","TajoCli.java","13372","27132","40504"
"2014-10-28","TajoCli.java","119340","241184","360524"
"2015-02-14","TajoCli.java","135143","290533","425676"
"2014-04-23","TajoCli.java","109904","137754","247658"
"2015-03-12","TajoCli.java","135543","292944","428487"
"2014-06-02","TajoCli.java","110746","155684","266430"
"2014-08-19","TajoCli.java","112033","174962","286995"
"2014-04-27","TajoCli.java","109933","139088","249021"
"2014-08-11","TajoCli.java","112012","172030","284042"
"2014-04-11","TajoCli.java","15308","40156","55464"
"2014-09-11","TajoCli.java","112131","226489","338620"
"2014-05-28","TajoCli.java","110770","155131","265901"
"2015-09-23","TajoCli.java","141408","398848","540256"
"2014-10-04","TajoCli.java","112248","229728","341976"
"2015-01-06","TajoCli.java","134903","289387","424290"
"2014-12-24","TajoCli.java","134841","284000","418841"
"2015-09-11","TajoCli.java","141046","379258","520304"
"2015-09-09","TajoCli.java","141046","376489","517535"
"2014-05-12","TajoCli.java","110439","144727","255166"
"2014-12-03","TajoCli.java","122348","258473","380821"
"2015-02-05","TajoCli.java","134937","290213","425150"
"2014-07-20","TajoCli.java","111046","166406","277452"
"2015-08-13","TajoCli.java","140678","370383","511061"
"2014-05-08","TajoCli.java","110406","142685","253091"
"2015-07-24","TajoCli.java","140304","362896","503200"
"2014-09-20","TajoCli.java","112214","227745","339959"
"2014-05-12","TajoCli.java","110439","144975","255414"
"2014-04-08","TajoCli.java","14924","38240","53164"
"2015-03-13","TajoCli.java","137906","298677","436583"
"2014-11-19","TajoCli.java","121349","255655","377004"
"2015-10-06","SQLAnalyzer.java","130079","347471","477550"
"2015-09-07","SQLAnalyzer.java","129245","320568","449813"
"2015-09-11","SQLAnalyzer.java","129250","323303","452553"
"2014-12-10","SQLAnalyzer.java","49756","143722","193478"
"2015-04-16","SQLAnalyzer.java","86465","212330","298795"
"2015-09-23","SQLAnalyzer.java","129911","343424","473335"
"2015-02-05","SQLAnalyzer.java","80727","191547","272274"
"2015-02-05","SQLAnalyzer.java","80727","191547","272274"
"2014-07-09","SQLAnalyzer.java","6180","12671","18851"
"2015-11-18","SQLAnalyzer.java","130602","350588","481190"
"2015-08-14","SQLAnalyzer.java","103256","290670","393926"
"2015-05-11","SQLAnalyzer.java","89107","221700","310807"
"2015-03-10","SQLAnalyzer.java","81859","195221","277080"
"2015-07-30","SQLAnalyzer.java","102193","283563","385756"
"2015-09-07","SQLAnalyzer.java","129249","320666","449915"
"2015-09-10","SQLAnalyzer.java","129250","323040","452290"
"2015-09-23","SQLAnalyzer.java","129827","342708","472535"
"2014-12-12","SQLAnalyzer.java","66347","170791","237138"
"2014-06-07","SQLAnalyzer.java","695","3030","3725"
"2015-02-21","SQLAnalyzer.java","81200","192963","274163"
"2015-08-04","SQLAnalyzer.java","102486","286455","388941"
"2015-10-23","SQLAnalyzer.java","130138","348350","478488"
"2014-06-05","SQLAnalyzer.java","690","2441","3131"
"2015-02-05","SQLAnalyzer.java","80800","191903","272703"
"2015-07-31","SQLAnalyzer.java","102230","284272","386502"
"2015-04-05","SQLAnalyzer.java","86086","205920","292006"
"2015-09-24","SQLAnalyzer.java","129925","343765","473690"
"2015-04-18","BetweenPredicateEval.java","4981","15160","20141"
"2015-04-06","BetweenPredicateEval.java","234","5935","6169"
"2015-10-06","SQLAnalyzer.java","116063","413935","529998"
"2014-01-29","SQLAnalyzer.java","36712","68693","105405"
"2015-09-07","SQLAnalyzer.java","115767","387570","503337"
"2015-09-11","SQLAnalyzer.java","115769","390302","506071"
"2014-04-08","SQLAnalyzer.java","47421","107289","154710"
"2014-12-10","SQLAnalyzer.java","111895","286341","398236"
"2015-04-16","SQLAnalyzer.java","114634","320979","435613"
"2014-04-16","SQLAnalyzer.java","47712","112308","160020"
"2014-02-16","SQLAnalyzer.java","37717","73960","111677"
"2015-09-23","SQLAnalyzer.java","116020","410013","526033"
"2015-02-05","SQLAnalyzer.java","112113","303413","415526"
"2015-02-05","SQLAnalyzer.java","112113","303413","415526"
"2014-07-09","SQLAnalyzer.java","110993","197964","308957"
"2015-11-18","SQLAnalyzer.java","116162","416628","532790"
"2014-01-17","SQLAnalyzer.java","17921","47167","65088"
"2014-03-31","SQLAnalyzer.java","47174","102348","149522"
"2013-12-23","SQLAnalyzer.java","9879","29516","39395"
"2013-12-12","SQLAnalyzer.java","8171","22837","31008"
"2013-12-08","SQLAnalyzer.java","7984","19295","27279"
"2014-01-23","SQLAnalyzer.java","18544","50607","69151"
"2014-04-08","SQLAnalyzer.java","47385","106797","154182"
"2015-08-14","SQLAnalyzer.java","115639","383533","499172"
"2015-05-11","SQLAnalyzer.java","114785","327858","442643"
"2013-12-02","SQLAnalyzer.java","6539","12818","19357"
"2013-12-02","SQLAnalyzer.java","6842","14058","20900"
"2015-03-10","SQLAnalyzer.java","112412","306254","418666"
"2015-07-30","SQLAnalyzer.java","115421","377271","492692"
"2015-09-07","SQLAnalyzer.java","115767","387664","503431"
"2014-03-20","SQLAnalyzer.java","46719","97031","143750"
"2014-05-27","SQLAnalyzer.java","110936","191416","302352"
"2015-09-10","SQLAnalyzer.java","115769","390039","505808"
"2015-09-23","SQLAnalyzer.java","116012","409373","525385"
"2014-12-12","SQLAnalyzer.java","111901","296825","408726"
"2014-06-07","SQLAnalyzer.java","110942","193757","304699"
"2015-02-21","SQLAnalyzer.java","112116","304359","416475"
"2013-12-16","SQLAnalyzer.java","8595","26606","35201"
"2015-08-04","SQLAnalyzer.java","115462","379911","495373"
"2015-10-23","SQLAnalyzer.java","116093","414785","530878"
"2013-12-10","SQLAnalyzer.java","8013","21302","29315"
"2013-12-23","SQLAnalyzer.java","10016","29828","39844"
"2013-12-26","SQLAnalyzer.java","10317","30280","40597"
"2014-01-08","SQLAnalyzer.java","15093","39614","54707"
"2014-04-24","SQLAnalyzer.java","110542","176128","286670"
"2014-06-05","SQLAnalyzer.java","110942","193173","304115"
"2014-04-14","SQLAnalyzer.java","47464","109532","156996"
"2015-02-05","SQLAnalyzer.java","112113","303696","415809"
"2015-07-31","SQLAnalyzer.java","115419","377941","493360"
"2015-04-05","SQLAnalyzer.java","114637","314951","429588"
"2015-09-24","SQLAnalyzer.java","116031","410351","526382"
"2014-03-20","TajoCli.java","48752","142607","191359"
"2014-10-28","TajoCli.java","76162","278101","354263"
"2015-02-14","TajoCli.java","76290","311775","388065"
"2014-04-23","TajoCli.java","75366","183311","258677"
"2015-03-12","TajoCli.java","76381","313877","390258"
"2014-06-02","TajoCli.java","75696","200729","276425"
"2014-01-22","TajoCli.java","37024","111640","148664"
"2014-08-19","TajoCli.java","75926","218950","294876"
"2014-04-27","TajoCli.java","75366","184616","259982"
"2014-08-11","TajoCli.java","75918","216031","291949"
"2014-04-11","TajoCli.java","49173","154116","203289"
"2014-09-11","TajoCli.java","75972","270425","346397"
"2014-05-28","TajoCli.java","75701","200157","275858"
"2015-09-23","TajoCli.java","78199","415734","493933"
"2014-10-04","TajoCli.java","75973","273548","349521"
"2015-01-06","TajoCli.java","76289","310868","387157"
"2014-12-24","TajoCli.java","76288","305542","381830"
"2015-09-11","TajoCli.java","77975","396282","474257"
"2015-09-09","TajoCli.java","77975","393513","471488"
"2014-05-12","TajoCli.java","75700","190083","265783"
"2014-12-03","TajoCli.java","76182","292402","368584"
"2015-02-05","TajoCli.java","76290","311661","387951"
"2014-07-20","TajoCli.java","75688","211143","286831"
"2015-08-13","TajoCli.java","77860","387660","465520"
"2013-08-26","TajoCli.java","5944","10112","16056"
"2014-05-08","TajoCli.java","75685","188059","263744"
"2015-07-24","TajoCli.java","77627","380314","457941"
"2014-09-20","TajoCli.java","75972","271598","347570"
"2014-05-12","TajoCli.java","75700","190331","266031"
"2014-02-17","TajoCli.java","47156","127251","174407"
"2014-04-08","TajoCli.java","49175","152586","201761"
"2015-03-13","TajoCli.java","77221","318087","395308"
"2014-11-19","TajoCli.java","76179","290580","366759"
"2015-10-06","SQLAnalyzer.java","5273","28875","34148"
"2015-09-11","SQLAnalyzer.java","112","375","487"
"2015-09-23","SQLAnalyzer.java","4007","23730","27737"
"2015-11-18","SQLAnalyzer.java","8918","35114","44032"
"2015-09-23","SQLAnalyzer.java","2958","22049","25007"
"2015-10-23","SQLAnalyzer.java","5782","30204","35986"
"2015-09-24","SQLAnalyzer.java","4072","24122","28194"
"2015-10-06","SQLAnalyzer.java","2566","7077","9643"
"2015-11-18","SQLAnalyzer.java","6324","13429","19753"
"2015-10-23","SQLAnalyzer.java","3129","8460","11589"
"2015-09-24","SQLAnalyzer.java","1182","2141","3323"
"2015-10-06","SQLAnalyzer.java","114345","227293","341638"
"2015-09-07","SQLAnalyzer.java","113881","200760","314641"
"2015-09-11","SQLAnalyzer.java","112746","202355","315101"
"2015-04-16","SQLAnalyzer.java","35028","56449","91477"
"2015-09-23","SQLAnalyzer.java","113925","222994","336919"
"2015-02-05","SQLAnalyzer.java","21878","28254","50132"
"2015-02-05","SQLAnalyzer.java","21878","28254","50132"
"2015-11-18","SQLAnalyzer.java","116102","231644","347746"
"2015-08-14","SQLAnalyzer.java","71660","154630","226290"
"2015-05-11","SQLAnalyzer.java","39567","67716","107283"
"2015-03-10","SQLAnalyzer.java","28028","36946","64974"
"2015-07-30","SQLAnalyzer.java","69968","146894","216862"
"2015-09-07","SQLAnalyzer.java","113885","200858","314743"
"2015-09-10","SQLAnalyzer.java","112746","202092","314838"
"2015-09-23","SQLAnalyzer.java","113572","222009","335581"
"2015-02-21","SQLAnalyzer.java","26539","33858","60397"
"2015-08-04","SQLAnalyzer.java","70518","150043","220561"
"2015-10-23","SQLAnalyzer.java","114533","228301","342834"
"2015-02-05","SQLAnalyzer.java","21951","28610","50561"
"2015-07-31","SQLAnalyzer.java","70006","147604","217610"
"2015-04-05","SQLAnalyzer.java","34492","49882","84374"
"2015-09-24","SQLAnalyzer.java","113945","223341","337286"
"2015-10-06","SQLAnalyzer.java","93425","418412","511837"
"2014-01-29","SQLAnalyzer.java","45171","104267","149438"
"2015-09-07","SQLAnalyzer.java","93166","392084","485250"
"2015-09-11","SQLAnalyzer.java","93168","394816","487984"
"2014-04-08","SQLAnalyzer.java","52444","139427","191871"
"2014-12-10","SQLAnalyzer.java","91190","292751","383941"
"2015-04-16","SQLAnalyzer.java","92397","325857","418254"
"2014-04-16","SQLAnalyzer.java","52697","144408","197105"
"2014-02-16","SQLAnalyzer.java","46020","109378","155398"
"2015-09-23","SQLAnalyzer.java","93402","414510","507912"
"2015-02-05","SQLAnalyzer.java","91378","309793","401171"
"2015-02-05","SQLAnalyzer.java","91378","309793","401171"
"2014-07-09","SQLAnalyzer.java","90491","204577","295068"
"2015-11-18","SQLAnalyzer.java","93488","421069","514557"
"2014-01-17","SQLAnalyzer.java","32039","88400","120439"
"2014-03-31","SQLAnalyzer.java","52297","134586","186883"
"2013-10-17","SQLAnalyzer.java","15339","40899","56238"
"2013-12-23","SQLAnalyzer.java","25646","72398","98044"
"2013-09-30","SQLAnalyzer.java","1301","2321","3622"
"2013-12-12","SQLAnalyzer.java","24242","66023","90265"
"2013-10-21","SQLAnalyzer.java","16384","42015","58399"
"2013-10-07","SQLAnalyzer.java","3853","16117","19970"
"2013-12-08","SQLAnalyzer.java","24142","62568","86710"
"2014-01-23","SQLAnalyzer.java","32397","91575","123972"
"2014-04-08","SQLAnalyzer.java","52420","138947","191367"
"2013-10-07","SQLAnalyzer.java","5212","18511","23723"
"2015-08-14","SQLAnalyzer.java","93055","388064","481119"
"2015-05-11","SQLAnalyzer.java","92381","332569","424950"
"2013-12-02","SQLAnalyzer.java","23687","57081","80768"
"2013-12-02","SQLAnalyzer.java","23895","58226","82121"
"2015-03-10","SQLAnalyzer.java","91468","312425","403893"
"2015-07-30","SQLAnalyzer.java","92887","381852","474739"
"2015-09-07","SQLAnalyzer.java","93166","392178","485344"
"2014-03-20","SQLAnalyzer.java","51886","129313","181199"
"2014-05-27","SQLAnalyzer.java","90491","198086","288577"
"2013-10-31","SQLAnalyzer.java","20021","47136","67157"
"2015-09-10","SQLAnalyzer.java","93168","394553","487721"
"2015-09-23","SQLAnalyzer.java","93399","413875","507274"
"2014-12-12","SQLAnalyzer.java","91190","303229","394419"
"2014-06-07","SQLAnalyzer.java","90497","200427","290924"
"2015-02-21","SQLAnalyzer.java","91378","310736","402114"
"2013-12-16","SQLAnalyzer.java","24537","69663","94200"
"2015-08-04","SQLAnalyzer.java","92892","384456","477348"
"2015-10-23","SQLAnalyzer.java","93456","419263","512719"
"2013-12-10","SQLAnalyzer.java","24151","64555","88706"
"2013-12-23","SQLAnalyzer.java","25777","72704","98481"
"2013-12-26","SQLAnalyzer.java","26070","73148","99218"
"2014-01-08","SQLAnalyzer.java","29687","81323","111010"
"2014-04-24","SQLAnalyzer.java","90153","182854","273007"
"2014-06-05","SQLAnalyzer.java","90497","199843","290340"
"2014-04-14","SQLAnalyzer.java","52468","141651","194119"
"2015-02-05","SQLAnalyzer.java","91378","310076","401454"
"2015-07-31","SQLAnalyzer.java","92886","382523","475409"
"2015-04-05","SQLAnalyzer.java","92397","319826","412223"
"2015-09-24","SQLAnalyzer.java","93402","414837","508239"
"2015-04-18","BetweenPredicateEval.java","91604","200825","292429"
"2015-04-02","BetweenPredicateEval.java","88766","187808","276574"
"2015-04-06","BetweenPredicateEval.java","88908","193651","282559"
"2015-03-20","BetweenPredicateEval.java","87172","184261","271433"
"2015-10-06","SQLAnalyzer.java","131649","346706","478355"
"2015-09-07","SQLAnalyzer.java","130814","319802","450616"
"2015-09-11","SQLAnalyzer.java","130819","322537","453356"
"2014-12-10","SQLAnalyzer.java","49666","141297","190963"
"2015-04-16","SQLAnalyzer.java","86576","210106","296682"
"2015-09-23","SQLAnalyzer.java","131481","342659","474140"
"2015-02-05","SQLAnalyzer.java","80834","189319","270153"
"2015-02-05","SQLAnalyzer.java","80834","189319","270153"
"2014-07-09","SQLAnalyzer.java","5493","9649","15142"
"2015-11-18","SQLAnalyzer.java","132183","349834","482017"
"2015-08-14","SQLAnalyzer.java","104007","289086","393093"
"2015-05-11","SQLAnalyzer.java","89267","219525","308792"
"2015-03-10","SQLAnalyzer.java","81970","192997","274967"
"2015-07-30","SQLAnalyzer.java","102932","281967","384899"
"2015-09-07","SQLAnalyzer.java","130818","319900","450718"
"2015-09-10","SQLAnalyzer.java","130819","322274","453093"
"2015-09-23","SQLAnalyzer.java","131396","341942","473338"
"2014-12-12","SQLAnalyzer.java","66266","168375","234641"
"2015-02-21","SQLAnalyzer.java","81308","190736","272044"
"2015-08-04","SQLAnalyzer.java","103227","284861","388088"
"2015-10-23","SQLAnalyzer.java","131708","347585","479293"
"2015-02-05","SQLAnalyzer.java","80907","189675","270582"
"2015-07-31","SQLAnalyzer.java","102969","282676","385645"
"2015-04-05","SQLAnalyzer.java","86197","203696","289893"
"2015-09-24","SQLAnalyzer.java","131495","343000","474495"
"2014-10-28","TajoCli.java","128965","227493","356458"
"2015-02-14","TajoCli.java","149253","281327","430580"
"2014-04-23","TajoCli.java","118106","122640","240746"
"2015-03-12","TajoCli.java","149680","283765","433445"
"2014-06-02","TajoCli.java","119181","140803","259984"
"2014-08-19","TajoCli.java","120822","160435","281257"
"2014-04-27","TajoCli.java","118139","123978","242117"
"2014-08-11","TajoCli.java","120731","157433","278164"
"2014-04-11","TajoCli.java","640","2172","2812"
"2014-09-11","TajoCli.java","120943","211985","332928"
"2014-05-28","TajoCli.java","119169","140214","259383"
"2015-09-23","TajoCli.java","158115","392239","550354"
"2014-10-04","TajoCli.java","121130","215294","336424"
"2015-01-06","TajoCli.java","148907","280075","428982"
"2014-12-24","TajoCli.java","148648","274491","423139"
"2015-09-11","TajoCli.java","157668","372564","530232"
"2015-09-09","TajoCli.java","157668","369795","527463"
"2014-05-12","TajoCli.java","118757","129729","248486"
"2014-12-03","TajoCli.java","133190","245999","379189"
"2015-02-05","TajoCli.java","148986","280946","429932"
"2014-07-20","TajoCli.java","119677","151721","271398"
"2015-08-13","TajoCli.java","156985","363374","520359"
"2014-05-08","TajoCli.java","118679","127642","246321"
"2015-07-24","TajoCli.java","156150","355426","511576"
"2014-09-20","TajoCli.java","121046","213261","334307"
"2014-05-12","TajoCli.java","118757","129977","248734"
"2015-03-13","TajoCli.java","152121","289576","441697"
"2014-11-19","TajoCli.java","132141","243131","375272"
"2015-04-18","BetweenPredicateEval.java","4802","9280","14082"
"2015-10-06","SQLAnalyzer.java","97009","202638","299647"
"2015-09-07","SQLAnalyzer.java","96168","175728","271896"
"2015-09-11","SQLAnalyzer.java","95038","177328","272366"
"2015-04-16","SQLAnalyzer.java","9089","23191","32280"
"2015-09-23","SQLAnalyzer.java","96517","198267","294784"
"2015-11-18","SQLAnalyzer.java","98895","207118","306013"
"2015-08-14","SQLAnalyzer.java","50909","126560","177469"
"2015-05-11","SQLAnalyzer.java","14229","35059","49288"
"2015-03-10","SQLAnalyzer.java","1647","3246","4893"
"2015-07-30","SQLAnalyzer.java","48902","118509","167411"
"2015-09-07","SQLAnalyzer.java","96172","175826","271998"
"2015-09-10","SQLAnalyzer.java","95037","177064","272101"
"2015-09-23","SQLAnalyzer.java","95960","197078","293038"
"2015-08-04","SQLAnalyzer.java","49555","121761","171316"
"2015-10-23","SQLAnalyzer.java","97212","203661","300873"
"2015-07-31","SQLAnalyzer.java","48949","119228","168177"
"2015-04-05","SQLAnalyzer.java","8539","16610","25149"
"2015-09-24","SQLAnalyzer.java","96535","198612","295147"
"2015-04-18","BetweenPredicateEval.java","7843","19975","27818"
"2015-04-02","BetweenPredicateEval.java","3268","5221","8489"
"2015-04-06","BetweenPredicateEval.java","3447","11101","14548"
"2014-04-30","BinaryEval.java","81946","188259","270205"
"2013-12-23","BinaryEval.java","48415","106732","155147"
"2013-09-27","BinaryEval.java","32330","44087","76417"
"2014-08-20","BinaryEval.java","82349","221551","303900"
"2014-08-13","BinaryEval.java","82338","218465","300803"
"2015-04-02","BinaryEval.java","83604","321848","405452"
"2015-08-19","BinaryEval.java","84217","392534","476751"
"2014-08-20","BinaryEval.java","11011","43900","54911"
"2014-08-13","BinaryEval.java","10814","40628","51442"
"2015-04-02","BinaryEval.java","84749","216680","301429"
"2015-08-19","BinaryEval.java","121172","323176","444348"
"2015-09-23","TajoCli.java","93733","190402","284135"
"2015-09-11","TajoCli.java","92776","170217","262993"
"2015-09-09","TajoCli.java","93734","168406","262140"
"2015-08-13","TajoCli.java","47775","116709","164484"
"2015-07-24","TajoCli.java","43138","104959","148097"
"2015-02-14","TajoCli.java","55813","76897","132710"
"2015-03-12","TajoCli.java","56878","79973","136851"
"2015-09-23","TajoCli.java","127552","250686","378238"
"2015-01-06","TajoCli.java","40719","60897","101616"
"2014-12-24","TajoCli.java","37609","52462","90071"
"2015-09-11","TajoCli.java","126757","230663","357420"
"2015-09-09","TajoCli.java","126281","227418","353699"
"2014-12-03","TajoCli.java","2069","3888","5957"
"2015-02-05","TajoCli.java","55358","76328","131686"
"2015-08-13","TajoCli.java","90192","185591","275783"
"2015-07-24","TajoCli.java","88105","176391","264496"
"2015-03-13","TajoCli.java","60279","86744","147023"
"2014-04-30","BinaryEval.java","125529","173525","299054"
"2014-08-20","BinaryEval.java","126654","207539","334193"
"2014-08-13","BinaryEval.java","126641","204451","331092"
"2015-04-02","BinaryEval.java","129920","309847","439767"
"2015-08-19","BinaryEval.java","131649","381649","513298"
"2015-10-06","SQLAnalyzer.java","131023","410884","541907"
"2014-01-29","SQLAnalyzer.java","39060","53030","92090"
"2015-09-07","SQLAnalyzer.java","130723","384515","515238"
"2015-09-11","SQLAnalyzer.java","130718","387240","517958"
"2014-04-08","SQLAnalyzer.java","51799","93656","145455"
"2014-12-10","SQLAnalyzer.java","126124","282559","408683"
"2015-04-16","SQLAnalyzer.java","128912","317246","446158"
"2014-04-16","SQLAnalyzer.java","52198","98783","150981"
"2014-02-16","SQLAnalyzer.java","40259","58491","98750"
"2015-09-23","SQLAnalyzer.java","130978","406960","537938"
"2015-02-05","SQLAnalyzer.java","126353","299642","425995"
"2015-02-05","SQLAnalyzer.java","126353","299642","425995"
"2014-07-09","SQLAnalyzer.java","125050","194010","319060"
"2015-11-18","SQLAnalyzer.java","131123","413578","544701"
"2014-01-17","SQLAnalyzer.java","16856","28091","44947"
"2014-03-31","SQLAnalyzer.java","51505","88668","140173"
"2013-12-23","SQLAnalyzer.java","2651","4277","6928"
"2014-01-23","SQLAnalyzer.java","18006","32058","50064"
"2014-04-08","SQLAnalyzer.java","51756","93157","144913"
"2015-08-14","SQLAnalyzer.java","130577","380460","511037"
"2015-05-11","SQLAnalyzer.java","129682","324744","454426"
"2015-03-10","SQLAnalyzer.java","126650","302481","429131"
"2015-07-30","SQLAnalyzer.java","130318","374157","504475"
"2015-09-07","SQLAnalyzer.java","130723","384609","515332"
"2014-03-20","SQLAnalyzer.java","51001","83302","134303"
"2014-05-27","SQLAnalyzer.java","124933","187402","312335"
"2015-09-10","SQLAnalyzer.java","130725","386984","517709"
"2015-09-23","SQLAnalyzer.java","130970","406320","537290"
"2014-12-12","SQLAnalyzer.java","126134","293047","419181"
"2014-06-07","SQLAnalyzer.java","124939","189743","314682"
"2015-02-21","SQLAnalyzer.java","126357","300589","426946"
"2015-08-04","SQLAnalyzer.java","130372","376810","507182"
"2015-10-23","SQLAnalyzer.java","131053","411734","542787"
"2013-12-23","SQLAnalyzer.java","2950","4751","7701"
"2013-12-26","SQLAnalyzer.java","3319","5271","8590"
"2014-01-08","SQLAnalyzer.java","13671","20181","33852"
"2014-04-24","SQLAnalyzer.java","124367","171942","296309"
"2014-06-05","SQLAnalyzer.java","124939","189159","314098"
"2014-04-14","SQLAnalyzer.java","51857","95914","147771"
"2015-02-05","SQLAnalyzer.java","126353","299925","426278"
"2015-07-31","SQLAnalyzer.java","130316","374827","505143"
"2015-04-05","SQLAnalyzer.java","128904","311207","440111"
"2015-09-24","SQLAnalyzer.java","130989","407298","538287"
"2014-04-30","BinaryEval.java","90455","185011","275466"
"2013-12-23","BinaryEval.java","25661","72221","97882"
"2014-08-20","BinaryEval.java","91089","218534","309623"
"2014-08-13","BinaryEval.java","91079","215449","306528"
"2015-04-02","BinaryEval.java","92584","319071","411655"
"2015-08-19","BinaryEval.java","93250","389810","483060"
"2014-03-20","TajoFileHistory.java","61564","150556","212120"
"2015-01-05","TajoFileHistory.java","82703","312530","395233"
"2015-01-05","TajoFileHistory.java","141418","282253","423671"
"2015-08-04","CatalogAdminClient.java","86334","192056","278390"
"2015-08-13","CatalogAdminClient.java","87176","195037","282213"
"2015-09-11","CatalogAdminClient.java","122322","238403","360725"
"2015-07-30","CatalogAdminClient.java","85925","189379","275304"
"2015-04-02","BinaryEval.java","88766","187808","276574"
"2015-08-19","BinaryEval.java","137238","306353","443591"
"2014-08-20","BinaryEval.java","231","3306","3537"
"2015-04-02","BinaryEval.java","86258","188375","274633"
"2015-08-19","BinaryEval.java","134563","306753","441316"
"2015-08-19","BinaryEval.java","84042","154115","238157"
"2015-08-13","CatalogAdminClient.java","3446","5585","9031"
"2015-09-11","CatalogAdminClient.java","108970","119329","228299"
"2015-09-11","CatalogAdminClient.java","106442","114662","221104"
"2013-08-19","CaseWhenEval.java","24236","19338","43574"
"2013-09-21","CaseWhenEval.java","31103","42514","73617"
"2014-08-20","CaseWhenEval.java","82349","221551","303900"
"2014-06-20","CaseWhenEval.java","82129","204873","287002"
"2015-04-02","CaseWhenEval.java","83604","321848","405452"
"2014-01-25","CaseWhenEval.java","51141","121619","172760"
"2014-04-30","CaseWhenEval.java","81946","188259","270205"
"2015-03-20","CaseWhenEval.java","83594","319885","403479"
"2014-04-21","CaseWhenEval.java","81281","183887","265168"
"2013-08-08","CaseWhenEval.java","16854","10029","26883"
"2014-06-24","CaseWhenEval.java","82129","205939","288068"
"2015-08-04","CatalogAdminClient.java","1403","3671","5074"
"2015-08-13","CatalogAdminClient.java","4268","8675","12943"
"2015-09-11","CatalogAdminClient.java","108963","121590","230553"
"2013-09-21","CaseWhenEval.java","11337","27646","38983"
"2014-08-20","CaseWhenEval.java","75723","219823","295546"
"2014-06-20","CaseWhenEval.java","75492","203134","278626"
"2015-04-02","CaseWhenEval.java","77095","320237","397332"
"2014-01-25","CaseWhenEval.java","36963","112339","149302"
"2014-04-30","CaseWhenEval.java","75277","186488","261765"
"2015-03-20","CaseWhenEval.java","77085","318274","395359"
"2014-04-21","CaseWhenEval.java","74569","182073","256642"
"2014-06-24","CaseWhenEval.java","75492","204200","279692"
"2014-08-20","CaseWhenEval.java","90862","218653","309515"
"2014-06-20","CaseWhenEval.java","90458","201791","292249"
"2015-04-02","CaseWhenEval.java","92351","319184","411535"
"2014-01-25","CaseWhenEval.java","34486","93553","128039"
"2014-04-30","CaseWhenEval.java","90232","185134","275366"
"2015-03-20","CaseWhenEval.java","92338","317218","409556"
"2014-04-21","CaseWhenEval.java","89439","180634","270073"
"2014-06-24","CaseWhenEval.java","90458","202857","293315"
"2015-04-02","CaseWhenEval.java","88766","187808","276574"
"2015-03-20","CaseWhenEval.java","87172","184261","271433"
"2015-08-04","CatalogAdminClientImpl.java","86334","192056","278390"
"2015-07-20","CatalogAdminClientImpl.java","83515","183161","266676"
"2015-08-13","CatalogAdminClientImpl.java","87176","195037","282213"
"2015-09-25","CatalogAdminClientImpl.java","123438","262596","386034"
"2015-09-17","CatalogAdminClientImpl.java","122999","256403","379402"
"2015-09-23","CatalogAdminClientImpl.java","123115","258080","381195"
"2015-04-30","CatalogAdminClientImpl.java","64266","117883","182149"
"2015-09-11","CatalogAdminClientImpl.java","122322","238403","360725"
"2015-07-30","CatalogAdminClientImpl.java","85925","189379","275304"
"2014-08-20","CaseWhenEval.java","8925","25383","34308"
"2015-04-02","CaseWhenEval.java","86485","201985","288470"
"2015-03-20","CaseWhenEval.java","85250","198797","284047"
"2014-06-24","CaseWhenEval.java","202","1268","1470"
"2015-08-13","CatalogAdminClientImpl.java","3446","5585","9031"
"2015-09-25","CatalogAdminClientImpl.java","111996","145432","257428"
"2015-09-17","CatalogAdminClientImpl.java","110501","138183","248684"
"2015-09-23","CatalogAdminClientImpl.java","110856","140099","250955"
"2015-09-11","CatalogAdminClientImpl.java","108970","119329","228299"
"2015-08-04","CatalogAdminClientImpl.java","8785","14861","23646"
"2015-08-13","CatalogAdminClientImpl.java","11470","19685","31155"
"2015-09-25","CatalogAdminClientImpl.java","114784","154296","269080"
"2015-09-17","CatalogAdminClientImpl.java","113367","147125","260492"
"2015-09-23","CatalogAdminClientImpl.java","113703","149022","262725"
"2015-09-11","CatalogAdminClientImpl.java","112017","128452","240469"
"2015-07-30","CatalogAdminClientImpl.java","7595","11403","18998"
"2015-10-06","SQLAnalyzer.java","83011","418959","501970"
"2014-01-29","SQLAnalyzer.java","43201","113258","156459"
"2015-09-07","SQLAnalyzer.java","82755","392634","475389"
"2015-09-11","SQLAnalyzer.java","82757","395366","478123"
"2013-09-09","SQLAnalyzer.java","1146","1202","2348"
"2014-04-08","SQLAnalyzer.java","46987","144931","191918"
"2014-12-10","SQLAnalyzer.java","80804","293326","374130"
"2015-04-16","SQLAnalyzer.java","81995","326416","408411"
"2013-09-21","SQLAnalyzer.java","5974","16781","22755"
"2014-04-16","SQLAnalyzer.java","47203","149875","197078"
"2014-02-16","SQLAnalyzer.java","43993","118312","162305"
"2015-09-23","SQLAnalyzer.java","82989","415058","498047"
"2015-02-05","SQLAnalyzer.java","80992","310368","391360"
"2015-02-05","SQLAnalyzer.java","80992","310368","391360"
"2014-07-09","SQLAnalyzer.java","80294","205341","285635"
"2015-11-18","SQLAnalyzer.java","83056","421598","504654"
"2014-01-17","SQLAnalyzer.java","33046","100368","133414"
"2014-03-31","SQLAnalyzer.java","46890","140140","187030"
"2013-10-17","SQLAnalyzer.java","18699","55220","73919"
"2013-12-23","SQLAnalyzer.java","27887","85600","113487"
"2013-09-30","SQLAnalyzer.java","8503","20484","28987"
"2013-12-12","SQLAnalyzer.java","26635","79377","106012"
"2013-10-21","SQLAnalyzer.java","19556","56148","75704"
"2013-10-07","SQLAnalyzer.java","10486","33711","44197"
"2013-12-08","SQLAnalyzer.java","26535","75922","102457"
"2013-09-27","SQLAnalyzer.java","7879","19032","26911"
"2014-01-23","SQLAnalyzer.java","33370","103509","136879"
"2014-04-08","SQLAnalyzer.java","46970","144458","191428"
"2013-10-07","SQLAnalyzer.java","11822","36082","47904"
"2013-09-23","SQLAnalyzer.java","6222","17564","23786"
"2015-08-14","SQLAnalyzer.java","82644","388614","471258"
"2015-05-11","SQLAnalyzer.java","81972","333121","415093"
"2013-12-02","SQLAnalyzer.java","26165","70520","96685"
"2013-12-02","SQLAnalyzer.java","26337","71629","97966"
"2015-03-10","SQLAnalyzer.java","81082","313000","394082"
"2015-07-30","SQLAnalyzer.java","82475","382401","464876"
"2015-09-07","SQLAnalyzer.java","82755","392728","475483"
"2014-03-20","SQLAnalyzer.java","46502","134890","181392"
"2014-05-27","SQLAnalyzer.java","80296","198852","279148"
"2013-10-31","SQLAnalyzer.java","22761","60837","83598"
"2015-09-10","SQLAnalyzer.java","82757","395103","477860"
"2015-09-23","SQLAnalyzer.java","82986","414423","497409"
"2014-12-12","SQLAnalyzer.java","80804","303804","384608"
"2013-09-27","SQLAnalyzer.java","7841","18802","26643"
"2014-06-07","SQLAnalyzer.java","80302","201193","281495"
"2015-02-21","SQLAnalyzer.java","80992","311311","392303"
"2013-12-16","SQLAnalyzer.java","26859","82946","109805"
"2015-08-04","SQLAnalyzer.java","82480","385005","467485"
"2015-10-23","SQLAnalyzer.java","83026","419794","502820"
"2013-09-27","SQLAnalyzer.java","7855","18907","26762"
"2013-12-10","SQLAnalyzer.java","26543","77908","104451"
"2013-12-23","SQLAnalyzer.java","28014","85902","113916"
"2013-12-26","SQLAnalyzer.java","28307","86346","114653"
"2014-01-08","SQLAnalyzer.java","31319","93916","125235"
"2014-04-24","SQLAnalyzer.java","79961","183623","263584"
"2014-06-05","SQLAnalyzer.java","80302","200609","280911"
"2014-04-14","SQLAnalyzer.java","46981","147125","194106"
"2015-02-05","SQLAnalyzer.java","80992","310651","391643"
"2015-07-31","SQLAnalyzer.java","82474","383072","465546"
"2015-04-05","SQLAnalyzer.java","81995","320385","402380"
"2015-09-24","SQLAnalyzer.java","82989","415385","498374"
"2015-10-06","SQLAnalyzer.java","112966","146389","259355"
"2015-09-07","SQLAnalyzer.java","108456","115810","224266"
"2015-09-11","SQLAnalyzer.java","109080","119164","228244"
"2015-09-23","SQLAnalyzer.java","111880","141424","253304"
"2015-11-18","SQLAnalyzer.java","115344","151361","266705"
"2015-08-14","SQLAnalyzer.java","3854","7299","11153"
"2015-09-07","SQLAnalyzer.java","108461","115909","224370"
"2015-09-10","SQLAnalyzer.java","109078","118899","227977"
"2015-09-23","SQLAnalyzer.java","110966","139878","250844"
"2015-10-23","SQLAnalyzer.java","113356","147599","260955"
"2015-09-24","SQLAnalyzer.java","111932","141803","253735"
"2015-09-25","CatalogAdminClientImpl.java","109611","140908","250519"
"2015-09-17","CatalogAdminClientImpl.java","108071","133614","241685"
"2015-09-23","CatalogAdminClientImpl.java","108432","135536","243968"
"2015-09-11","CatalogAdminClientImpl.java","106442","114662","221104"
"2014-08-20","CaseWhenEval.java","129232","197956","327188"
"2014-06-20","CaseWhenEval.java","128472","180738","309210"
"2015-04-02","CaseWhenEval.java","134828","302594","437422"
"2014-04-30","CaseWhenEval.java","127789","163624","291413"
"2015-03-20","CaseWhenEval.java","134779","300592","435371"
"2014-04-21","CaseWhenEval.java","126255","158383","284638"
"2014-06-24","CaseWhenEval.java","128472","181804","310276"
"2015-11-18","SQLAnalyzer.java","3255","5029","8284"
"2014-08-20","CaseWhenEval.java","11011","43900","54911"
"2014-06-20","CaseWhenEval.java","2859","19290","22149"
"2015-04-02","CaseWhenEval.java","84749","216680","301429"
"2015-03-20","CaseWhenEval.java","83609","213587","297196"
"2014-06-24","CaseWhenEval.java","3032","20529","23561"
"2015-10-06","SQLAnalyzer.java","93512","418408","511920"
"2014-01-29","SQLAnalyzer.java","45209","104214","149423"
"2015-09-07","SQLAnalyzer.java","93253","392080","485333"
"2015-09-11","SQLAnalyzer.java","93255","394812","488067"
"2014-04-08","SQLAnalyzer.java","52485","139377","191862"
"2014-12-10","SQLAnalyzer.java","91277","292747","384024"
"2015-04-16","SQLAnalyzer.java","92484","325853","418337"
"2014-04-16","SQLAnalyzer.java","52739","144359","197098"
"2014-02-16","SQLAnalyzer.java","46058","109325","155383"
"2015-09-23","SQLAnalyzer.java","93489","414506","507995"
"2015-02-05","SQLAnalyzer.java","91465","309789","401254"
"2015-02-05","SQLAnalyzer.java","91465","309789","401254"
"2014-07-09","SQLAnalyzer.java","90578","204573","295151"
"2015-11-18","SQLAnalyzer.java","93575","421065","514640"
"2014-01-17","SQLAnalyzer.java","32049","88319","120368"
"2014-03-31","SQLAnalyzer.java","52338","134536","186874"
"2013-10-17","SQLAnalyzer.java","15298","40767","56065"
"2013-12-23","SQLAnalyzer.java","25651","72312","97963"
"2013-09-30","SQLAnalyzer.java","1235","2164","3399"
"2013-12-12","SQLAnalyzer.java","24239","65929","90168"
"2013-10-21","SQLAnalyzer.java","16343","41883","58226"
"2013-10-07","SQLAnalyzer.java","3802","15975","19777"
"2013-12-08","SQLAnalyzer.java","24139","62474","86613"
"2014-01-23","SQLAnalyzer.java","32407","91494","123901"
"2014-04-08","SQLAnalyzer.java","52461","138897","191358"
"2013-10-07","SQLAnalyzer.java","5161","18369","23530"
"2015-08-14","SQLAnalyzer.java","93142","388060","481202"
"2015-05-11","SQLAnalyzer.java","92468","332565","425033"
"2013-12-02","SQLAnalyzer.java","23684","56987","80671"
"2013-12-02","SQLAnalyzer.java","23892","58132","82024"
"2015-03-10","SQLAnalyzer.java","91555","312421","403976"
"2015-07-30","SQLAnalyzer.java","92974","381848","474822"
"2015-09-07","SQLAnalyzer.java","93253","392174","485427"
"2014-03-20","SQLAnalyzer.java","51928","129264","181192"
"2014-05-27","SQLAnalyzer.java","90578","198082","288660"
"2013-10-31","SQLAnalyzer.java","19983","47007","66990"
"2015-09-10","SQLAnalyzer.java","93255","394549","487804"
"2015-09-23","SQLAnalyzer.java","93486","413871","507357"
"2014-12-12","SQLAnalyzer.java","91277","303225","394502"
"2014-06-07","SQLAnalyzer.java","90584","200423","291007"
"2015-02-21","SQLAnalyzer.java","91465","310732","402197"
"2013-12-16","SQLAnalyzer.java","24534","69569","94103"
"2015-08-04","SQLAnalyzer.java","92979","384452","477431"
"2015-10-23","SQLAnalyzer.java","93543","419259","512802"
"2013-12-10","SQLAnalyzer.java","24148","64461","88609"
"2013-12-23","SQLAnalyzer.java","25782","72618","98400"
"2013-12-26","SQLAnalyzer.java","26075","73062","99137"
"2014-01-08","SQLAnalyzer.java","29697","81242","110939"
"2014-04-24","SQLAnalyzer.java","90240","182850","273090"
"2014-06-05","SQLAnalyzer.java","90584","199839","290423"
"2014-04-14","SQLAnalyzer.java","52510","141602","194112"
"2015-02-05","SQLAnalyzer.java","91465","310072","401537"
"2015-07-31","SQLAnalyzer.java","92973","382519","475492"
"2015-04-05","SQLAnalyzer.java","92484","319822","412306"
"2015-09-24","SQLAnalyzer.java","93489","414833","508322"
"2015-09-25","CatalogAdminClientImpl.java","2054","7808","9862"
"2015-09-23","CatalogAdminClientImpl.java","620","2181","2801"
"2015-04-02","CaseWhenEval.java","3268","5221","8489"
"2015-10-06","SQLAnalyzer.java","126883","411466","538349"
"2014-01-29","SQLAnalyzer.java","39332","58024","97356"
"2015-09-07","SQLAnalyzer.java","126601","385115","511716"
"2015-09-11","SQLAnalyzer.java","126596","387840","514436"
"2014-04-08","SQLAnalyzer.java","51537","98116","149653"
"2014-12-10","SQLAnalyzer.java","122652","283809","406461"
"2015-04-16","SQLAnalyzer.java","125425","318481","443906"
"2014-04-16","SQLAnalyzer.java","51849","103156","155005"
"2014-02-16","SQLAnalyzer.java","40502","63456","103958"
"2015-09-23","SQLAnalyzer.java","126840","407544","534384"
"2015-02-05","SQLAnalyzer.java","122880","300891","423771"
"2015-02-05","SQLAnalyzer.java","122880","300891","423771"
"2014-07-09","SQLAnalyzer.java","121578","195260","316838"
"2015-11-18","SQLAnalyzer.java","126983","414160","541143"
"2014-01-17","SQLAnalyzer.java","17275","33232","50507"
"2014-03-31","SQLAnalyzer.java","51250","93135","144385"
"2013-12-23","SQLAnalyzer.java","3917","10265","14182"
"2013-12-12","SQLAnalyzer.java","891","2268","3159"
"2014-01-23","SQLAnalyzer.java","18334","37108","55442"
"2014-04-08","SQLAnalyzer.java","51501","97624","149125"
"2015-08-14","SQLAnalyzer.java","126455","381060","507515"
"2015-05-11","SQLAnalyzer.java","125583","325367","450950"
"2015-03-10","SQLAnalyzer.java","123177","303730","426907"
"2015-07-30","SQLAnalyzer.java","126219","374780","500999"
"2015-09-07","SQLAnalyzer.java","126601","385209","511810"
"2014-03-20","SQLAnalyzer.java","50768","87791","138559"
"2014-05-27","SQLAnalyzer.java","121463","188654","310117"
"2015-09-10","SQLAnalyzer.java","126603","387584","514187"
"2015-09-23","SQLAnalyzer.java","126832","406904","533736"
"2014-12-12","SQLAnalyzer.java","122662","294297","416959"
"2014-06-07","SQLAnalyzer.java","121469","190995","312464"
"2015-02-21","SQLAnalyzer.java","122883","301837","424720"
"2013-12-16","SQLAnalyzer.java","1321","6043","7364"
"2015-08-04","SQLAnalyzer.java","126273","377433","503706"
"2015-10-23","SQLAnalyzer.java","126913","412316","539229"
"2013-12-23","SQLAnalyzer.java","4095","10618","14713"
"2013-12-26","SQLAnalyzer.java","4454","11128","15582"
"2014-01-08","SQLAnalyzer.java","14388","25620","40008"
"2014-04-24","SQLAnalyzer.java","121022","173319","294341"
"2014-06-05","SQLAnalyzer.java","121469","190411","311880"
"2014-04-14","SQLAnalyzer.java","51594","100373","151967"
"2015-02-05","SQLAnalyzer.java","122880","301174","424054"
"2015-07-31","SQLAnalyzer.java","126217","375450","501667"
"2015-04-05","SQLAnalyzer.java","125428","312453","437881"
"2015-09-24","SQLAnalyzer.java","126851","407882","534733"
"2015-10-06","SQLAnalyzer.java","131974","410034","542008"
"2014-01-29","SQLAnalyzer.java","37852","50021","87873"
"2015-09-07","SQLAnalyzer.java","131673","383664","515337"
"2015-09-11","SQLAnalyzer.java","131668","386389","518057"
"2014-04-08","SQLAnalyzer.java","50846","90902","141748"
"2014-12-10","SQLAnalyzer.java","127060","281694","408754"
"2015-04-16","SQLAnalyzer.java","129830","316363","446193"
"2014-04-16","SQLAnalyzer.java","51244","96028","147272"
"2014-02-16","SQLAnalyzer.java","39167","55598","94765"
"2015-09-23","SQLAnalyzer.java","131933","406114","538047"
"2015-02-05","SQLAnalyzer.java","127290","298778","426068"
"2015-02-05","SQLAnalyzer.java","127290","298778","426068"
"2014-07-09","SQLAnalyzer.java","125988","193147","319135"
"2015-11-18","SQLAnalyzer.java","132074","412728","544802"
"2014-01-17","SQLAnalyzer.java","14113","23547","37660"
"2014-03-31","SQLAnalyzer.java","50548","85910","136458"
"2014-01-23","SQLAnalyzer.java","15296","27547","42843"
"2014-04-08","SQLAnalyzer.java","50804","90404","141208"
"2015-08-14","SQLAnalyzer.java","131527","379609","511136"
"2015-05-11","SQLAnalyzer.java","130620","323881","454501"
"2015-03-10","SQLAnalyzer.java","127587","301617","429204"
"2015-07-30","SQLAnalyzer.java","131267","373305","504572"
"2015-09-07","SQLAnalyzer.java","131673","383758","515431"
"2014-03-20","SQLAnalyzer.java","50031","80531","130562"
"2014-05-27","SQLAnalyzer.java","125865","186533","312398"
"2015-09-10","SQLAnalyzer.java","131675","386133","517808"
"2015-09-23","SQLAnalyzer.java","131922","405471","537393"
"2014-12-12","SQLAnalyzer.java","127070","292182","419252"
"2014-06-07","SQLAnalyzer.java","125869","188872","314741"
"2015-02-21","SQLAnalyzer.java","127294","299725","427019"
"2015-08-04","SQLAnalyzer.java","131321","375958","507279"
"2015-10-23","SQLAnalyzer.java","132004","410884","542888"
"2013-12-26","SQLAnalyzer.java","420","571","991"
"2014-01-08","SQLAnalyzer.java","10862","15571","26433"
"2014-04-24","SQLAnalyzer.java","125276","171050","296326"
"2014-06-05","SQLAnalyzer.java","125869","188288","314157"
"2014-04-14","SQLAnalyzer.java","50905","93161","144066"
"2015-02-05","SQLAnalyzer.java","127290","299061","426351"
"2015-07-31","SQLAnalyzer.java","131265","373975","505240"
"2015-04-05","SQLAnalyzer.java","129830","310332","440162"
"2015-09-24","SQLAnalyzer.java","131944","406452","538396"
"2015-10-06","SQLAnalyzer.java","131961","409870","541831"
"2014-01-29","SQLAnalyzer.java","37538","49556","87094"
"2015-09-07","SQLAnalyzer.java","131660","383500","515160"
"2015-09-11","SQLAnalyzer.java","131655","386225","517880"
"2014-04-08","SQLAnalyzer.java","50553","90458","141011"
"2014-12-10","SQLAnalyzer.java","127047","281530","408577"
"2015-04-16","SQLAnalyzer.java","129817","316199","446016"
"2014-04-16","SQLAnalyzer.java","50953","95586","146539"
"2014-02-16","SQLAnalyzer.java","38860","55140","94000"
"2015-09-23","SQLAnalyzer.java","131920","405950","537870"
"2015-02-05","SQLAnalyzer.java","127277","298614","425891"
"2015-02-05","SQLAnalyzer.java","127277","298614","425891"
"2014-07-09","SQLAnalyzer.java","125976","192984","318960"
"2015-11-18","SQLAnalyzer.java","132061","412564","544625"
"2014-01-17","SQLAnalyzer.java","13788","23071","36859"
"2014-03-31","SQLAnalyzer.java","50255","85466","135721"
"2014-01-23","SQLAnalyzer.java","14971","27071","42042"
"2014-04-08","SQLAnalyzer.java","50511","89960","140471"
"2015-08-14","SQLAnalyzer.java","131514","379445","510959"
"2015-05-11","SQLAnalyzer.java","130607","323717","454324"
"2015-03-10","SQLAnalyzer.java","127574","301453","429027"
"2015-07-30","SQLAnalyzer.java","131254","373141","504395"
"2015-09-07","SQLAnalyzer.java","131660","383594","515254"
"2014-03-20","SQLAnalyzer.java","49730","80079","129809"
"2014-05-27","SQLAnalyzer.java","125853","186370","312223"
"2015-09-10","SQLAnalyzer.java","131662","385969","517631"
"2015-09-23","SQLAnalyzer.java","131909","405307","537216"
"2014-12-12","SQLAnalyzer.java","127057","292018","419075"
"2014-06-07","SQLAnalyzer.java","125857","188709","314566"
"2015-02-21","SQLAnalyzer.java","127281","299561","426842"
"2015-08-04","SQLAnalyzer.java","131308","375794","507102"
"2015-10-23","SQLAnalyzer.java","131991","410720","542711"
"2014-01-08","SQLAnalyzer.java","10451","15009","25460"
"2014-04-24","SQLAnalyzer.java","125207","170830","296037"
"2014-06-05","SQLAnalyzer.java","125857","188125","313982"
"2014-04-14","SQLAnalyzer.java","50614","92719","143333"
"2015-02-05","SQLAnalyzer.java","127277","298897","426174"
"2015-07-31","SQLAnalyzer.java","131252","373811","505063"
"2015-04-05","SQLAnalyzer.java","129817","310168","439985"
"2015-09-24","SQLAnalyzer.java","131931","406288","538219"
"2014-08-20","CaseWhenEval.java","15105","51701","66806"
"2014-06-20","CaseWhenEval.java","7339","27477","34816"
"2015-04-02","CaseWhenEval.java","86623","222261","308884"
"2014-04-30","CaseWhenEval.java","4772","8479","13251"
"2015-03-20","CaseWhenEval.java","85483","219168","304651"
"2014-06-24","CaseWhenEval.java","7509","28713","36222"
"2015-10-06","SQLAnalyzer.java","132709","406060","538769"
"2014-01-29","SQLAnalyzer.java","28048","35508","63556"
"2015-09-07","SQLAnalyzer.java","132382","379664","512046"
"2015-09-11","SQLAnalyzer.java","132377","382389","514766"
"2014-04-08","SQLAnalyzer.java","42133","77480","119613"
"2014-12-10","SQLAnalyzer.java","126657","276582","403239"
"2015-04-16","SQLAnalyzer.java","129640","311464","441104"
"2014-04-16","SQLAnalyzer.java","42990","83065","126055"
"2014-02-16","SQLAnalyzer.java","29533","41255","70788"
"2015-09-23","SQLAnalyzer.java","132648","402120","534768"
"2015-02-05","SQLAnalyzer.java","126905","293684","420589"
"2015-02-05","SQLAnalyzer.java","126905","293684","420589"
"2014-07-09","SQLAnalyzer.java","124116","186566","310682"
"2015-11-18","SQLAnalyzer.java","132811","408756","541567"
"2014-01-17","SQLAnalyzer.java","3740","8465","12205"
"2014-03-31","SQLAnalyzer.java","41675","72328","114003"
"2014-01-23","SQLAnalyzer.java","5295","12837","18132"
"2014-04-08","SQLAnalyzer.java","41969","76860","118829"
"2015-08-14","SQLAnalyzer.java","132048","375421","507469"
"2015-05-11","SQLAnalyzer.java","130668","319220","449888"
"2015-03-10","SQLAnalyzer.java","127377","296698","424075"
"2015-07-30","SQLAnalyzer.java","131772","369101","500873"
"2015-09-07","SQLAnalyzer.java","132382","379758","512140"
"2014-03-20","SQLAnalyzer.java","41079","66870","107949"
"2014-05-27","SQLAnalyzer.java","123947","179906","303853"
"2015-09-10","SQLAnalyzer.java","132384","382133","514517"
"2015-09-23","SQLAnalyzer.java","132633","401473","534106"
"2014-12-12","SQLAnalyzer.java","126672","287075","413747"
"2014-06-07","SQLAnalyzer.java","123925","182219","306144"
"2015-02-21","SQLAnalyzer.java","127090","294812","421902"
"2015-08-04","SQLAnalyzer.java","131834","371762","503596"
"2015-10-23","SQLAnalyzer.java","132740","406911","539651"
"2014-04-24","SQLAnalyzer.java","123198","164263","287461"
"2014-06-05","SQLAnalyzer.java","123925","181635","305560"
"2014-04-14","SQLAnalyzer.java","42419","79966","122385"
"2015-02-05","SQLAnalyzer.java","126905","293967","420872"
"2015-07-31","SQLAnalyzer.java","131770","369771","501541"
"2015-04-05","SQLAnalyzer.java","129638","305431","435069"
"2015-09-24","SQLAnalyzer.java","132659","402458","535117"
"2015-09-25","CatalogAdminClientImpl.java","1447","5640","7087"
"2015-10-06","SQLAnalyzer.java","124733","357019","481752"
"2015-09-07","SQLAnalyzer.java","124013","330230","454243"
"2015-09-11","SQLAnalyzer.java","124018","332965","456983"
"2014-12-10","SQLAnalyzer.java","49108","157968","207076"
"2015-04-16","SQLAnalyzer.java","84639","225398","310037"
"2015-09-23","SQLAnalyzer.java","124573","352980","477553"
"2015-02-05","SQLAnalyzer.java","79094","204808","283902"
"2015-02-05","SQLAnalyzer.java","79094","204808","283902"
"2014-07-09","SQLAnalyzer.java","9059","30444","39503"
"2015-11-18","SQLAnalyzer.java","125204","360084","485288"
"2015-08-14","SQLAnalyzer.java","100726","303034","403760"
"2015-05-11","SQLAnalyzer.java","87235","234722","321957"
"2015-03-10","SQLAnalyzer.java","80169","208425","288594"
"2015-07-30","SQLAnalyzer.java","99684","295948","395632"
"2015-09-07","SQLAnalyzer.java","124017","330328","454345"
"2014-05-27","SQLAnalyzer.java","3054","17948","21002"
"2015-09-10","SQLAnalyzer.java","124018","332702","456720"
"2015-09-23","SQLAnalyzer.java","124511","352286","476797"
"2014-12-12","SQLAnalyzer.java","65624","184962","250586"
"2014-06-07","SQLAnalyzer.java","3722","20951","24673"
"2015-02-21","SQLAnalyzer.java","79563","206220","285783"
"2015-08-04","SQLAnalyzer.java","99966","298829","398795"
"2015-10-23","SQLAnalyzer.java","124784","357890","482674"
"2014-06-05","SQLAnalyzer.java","3717","20362","24079"
"2015-02-05","SQLAnalyzer.java","79166","205163","284329"
"2015-07-31","SQLAnalyzer.java","99721","296657","396378"
"2015-04-05","SQLAnalyzer.java","84362","219090","303452"
"2015-09-24","SQLAnalyzer.java","124587","353321","477908"
"2013-08-19","CaseWhenEval.java","8076","10003","18079"
"2013-09-21","CaseWhenEval.java","16089","34325","50414"
"2014-08-20","CaseWhenEval.java","73949","219976","293925"
"2014-06-20","CaseWhenEval.java","73729","203298","277027"
"2015-04-02","CaseWhenEval.java","75252","320321","395573"
"2014-01-25","CaseWhenEval.java","38982","116285","155267"
"2014-04-30","CaseWhenEval.java","73512","186650","260162"
"2015-03-20","CaseWhenEval.java","75242","318358","393600"
"2014-04-21","CaseWhenEval.java","72821","182252","255073"
"2014-06-24","CaseWhenEval.java","73729","204364","278093"
"2015-10-06","SQLAnalyzer.java","131293","346934","478227"
"2015-09-07","SQLAnalyzer.java","130458","320030","450488"
"2015-09-11","SQLAnalyzer.java","130463","322765","453228"
"2014-12-10","SQLAnalyzer.java","49539","141754","191293"
"2015-04-16","SQLAnalyzer.java","86393","210507","296900"
"2015-09-23","SQLAnalyzer.java","131125","342887","474012"
"2015-02-05","SQLAnalyzer.java","80651","189720","270371"
"2015-02-05","SQLAnalyzer.java","80651","189720","270371"
"2014-07-09","SQLAnalyzer.java","5498","10238","15736"
"2015-11-18","SQLAnalyzer.java","131826","350061","481887"
"2015-08-14","SQLAnalyzer.java","103797","289460","393257"
"2015-05-11","SQLAnalyzer.java","89084","219926","309010"
"2015-03-10","SQLAnalyzer.java","81787","193398","275185"
"2015-07-30","SQLAnalyzer.java","102732","282351","385083"
"2015-09-07","SQLAnalyzer.java","130462","320128","450590"
"2015-09-10","SQLAnalyzer.java","130463","322502","452965"
"2015-09-23","SQLAnalyzer.java","131040","342170","473210"
"2014-12-12","SQLAnalyzer.java","66139","168832","234971"
"2014-06-07","SQLAnalyzer.java","5","589","594"
"2015-02-21","SQLAnalyzer.java","81125","191137","272262"
"2015-08-04","SQLAnalyzer.java","103027","285245","388272"
"2015-10-23","SQLAnalyzer.java","131352","347813","479165"
"2015-02-05","SQLAnalyzer.java","80724","190076","270800"
"2015-07-31","SQLAnalyzer.java","102769","283060","385829"
"2015-04-05","SQLAnalyzer.java","86014","204097","290111"
"2015-09-24","SQLAnalyzer.java","131139","343228","474367"
"2015-08-04","CatalogAdminClientImpl.java","39303","91408","130711"
"2015-07-20","CatalogAdminClientImpl.java","32060","78089","110149"
"2015-08-13","CatalogAdminClientImpl.java","40801","95045","135846"
"2015-09-25","CatalogAdminClientImpl.java","91578","177119","268697"
"2015-09-17","CatalogAdminClientImpl.java","90573","170360","260933"
"2015-09-23","CatalogAdminClientImpl.java","90758","172106","262864"
"2015-09-11","CatalogAdminClientImpl.java","89541","152005","241546"
"2015-07-30","CatalogAdminClientImpl.java","38538","88375","126913"
"2014-08-20","CaseWhenEval.java","8803","24195","32998"
"2015-04-02","CaseWhenEval.java","86750","201184","287934"
"2015-03-20","CaseWhenEval.java","85513","197994","283507"
"2015-04-18","CastEval.java","93173","329011","422184"
"2014-12-08","CastEval.java","91952","291849","383801"
"2015-04-02","CastEval.java","93162","318821","411983"
"2013-12-23","CastEval.java","25258","70990","96248"
"2015-03-20","CastEval.java","93149","316855","410004"
"2015-04-18","CastEval.java","66637","102578","169215"
"2015-04-02","CastEval.java","63130","88892","152022"
"2015-03-20","CastEval.java","60934","84743","145677"
"2015-04-18","CastEval.java","4981","15160","20141"
"2015-04-18","CastEval.java","130561","320667","451228"
"2014-12-08","CastEval.java","127148","281313","408461"
"2015-04-02","CastEval.java","129920","309847","439767"
"2015-03-20","CastEval.java","129885","307859","437744"
"2015-04-18","CastEval.java","7843","19975","27818"
"2015-04-02","CastEval.java","3268","5221","8489"
"2015-10-06","SQLAnalyzer.java","159623","395427","555050"
"2015-09-07","SQLAnalyzer.java","159036","368771","527807"
"2015-09-11","SQLAnalyzer.java","159042","371507","530549"
"2014-12-10","SQLAnalyzer.java","134229","246607","380836"
"2015-04-16","SQLAnalyzer.java","153702","297979","451681"
"2014-04-16","SQLAnalyzer.java","1041","3569","4610"
"2015-09-23","SQLAnalyzer.java","159528","391453","550981"
"2015-02-05","SQLAnalyzer.java","150115","279347","429462"
"2015-02-05","SQLAnalyzer.java","150115","279347","429462"
"2014-07-09","SQLAnalyzer.java","119986","144889","264875"
"2015-11-18","SQLAnalyzer.java","159935","398333","558268"
"2015-08-14","SQLAnalyzer.java","158390","364216","522606"
"2015-05-11","SQLAnalyzer.java","155781","306786","462567"
"2015-03-10","SQLAnalyzer.java","150795","282569","433364"
"2015-07-30","SQLAnalyzer.java","157670","357452","515122"
"2015-09-07","SQLAnalyzer.java","159040","368869","527909"
"2014-05-27","SQLAnalyzer.java","119552","137964","257516"
"2015-09-10","SQLAnalyzer.java","159042","371244","530286"
"2015-09-23","SQLAnalyzer.java","159509","390802","550311"
"2014-12-12","SQLAnalyzer.java","149581","272437","422018"
"2014-06-07","SQLAnalyzer.java","119570","140317","259887"
"2015-02-21","SQLAnalyzer.java","150389","280564","430953"
"2015-08-04","SQLAnalyzer.java","157721","360102","517823"
"2015-10-23","SQLAnalyzer.java","159657","396281","555938"
"2014-04-24","SQLAnalyzer.java","118488","122006","240494"
"2014-06-05","SQLAnalyzer.java","119570","139733","259303"
"2015-02-05","SQLAnalyzer.java","150118","279633","429751"
"2015-07-31","SQLAnalyzer.java","157705","358159","515864"
"2015-04-05","SQLAnalyzer.java","153695","291941","445636"
"2015-09-24","SQLAnalyzer.java","159539","391791","551330"
"2015-04-02","ConstEval.java","83604","321848","405452"
"2014-01-25","ConstEval.java","51141","121619","172760"
"2014-08-20","ConstEval.java","82349","221551","303900"
"2015-10-06","SQLAnalyzer.java","100760","207049","307809"
"2015-09-07","SQLAnalyzer.java","99972","180192","280164"
"2015-09-11","SQLAnalyzer.java","98836","181786","280622"
"2015-04-16","SQLAnalyzer.java","13708","28470","42178"
"2015-09-23","SQLAnalyzer.java","100280","202690","302970"
"2015-11-18","SQLAnalyzer.java","102640","211523","314163"
"2015-08-14","SQLAnalyzer.java","55119","131430","186549"
"2015-05-11","SQLAnalyzer.java","18816","40306","59122"
"2015-03-10","SQLAnalyzer.java","6341","8600","14941"
"2015-07-30","SQLAnalyzer.java","53179","123446","176625"
"2015-09-07","SQLAnalyzer.java","99976","180290","280266"
"2015-09-10","SQLAnalyzer.java","98835","181522","280357"
"2015-09-23","SQLAnalyzer.java","99744","201522","301266"
"2015-02-21","SQLAnalyzer.java","4701","5361","10062"
"2015-08-04","SQLAnalyzer.java","53833","126699","180532"
"2015-10-23","SQLAnalyzer.java","100962","208071","309033"
"2015-07-31","SQLAnalyzer.java","53226","124165","177391"
"2015-04-05","SQLAnalyzer.java","13159","21890","35049"
"2015-09-24","SQLAnalyzer.java","100298","203035","303333"
"2015-10-06","SQLAnalyzer.java","112870","148220","261090"
"2015-09-07","SQLAnalyzer.java","108420","117701","226121"
"2015-09-11","SQLAnalyzer.java","109044","121055","230099"
"2015-09-23","SQLAnalyzer.java","111800","143271","255071"
"2015-11-18","SQLAnalyzer.java","115269","153213","268482"
"2015-08-14","SQLAnalyzer.java","4353","9725","14078"
"2015-09-07","SQLAnalyzer.java","108425","117800","226225"
"2015-09-10","SQLAnalyzer.java","109042","120790","229832"
"2015-09-23","SQLAnalyzer.java","110911","141750","252661"
"2015-08-04","SQLAnalyzer.java","1215","3142","4357"
"2015-10-23","SQLAnalyzer.java","113260","149430","262690"
"2015-09-24","SQLAnalyzer.java","111851","143649","255500"
"2015-10-06","SQLAnalyzer.java","93866","191424","285290"
"2015-09-07","SQLAnalyzer.java","92823","164312","257135"
"2015-09-11","SQLAnalyzer.java","91694","165913","257607"
"2015-04-16","SQLAnalyzer.java","662","6693","7355"
"2015-09-23","SQLAnalyzer.java","93361","187040","280401"
"2015-11-18","SQLAnalyzer.java","95906","196058","291964"
"2015-08-14","SQLAnalyzer.java","45938","113518","159456"
"2015-05-11","SQLAnalyzer.java","7725","20484","28209"
"2015-07-30","SQLAnalyzer.java","43607","105143","148750"
"2015-09-07","SQLAnalyzer.java","92827","164410","257237"
"2015-09-10","SQLAnalyzer.java","91693","165649","257342"
"2015-09-23","SQLAnalyzer.java","92872","185919","278791"
"2015-08-04","SQLAnalyzer.java","44447","108582","153029"
"2015-10-23","SQLAnalyzer.java","94082","192460","286542"
"2015-07-31","SQLAnalyzer.java","43826","106034","149860"
"2015-09-24","SQLAnalyzer.java","93382","187388","280770"
"2015-04-02","ConstEval.java","134828","302594","437422"
"2014-08-20","ConstEval.java","129232","197956","327188"
"2015-04-02","ConstEval.java","88766","187808","276574"
"2015-09-25","CatalogAdminClientImpl.java","4308","27385","31693"
"2015-09-17","CatalogAdminClientImpl.java","2387","19710","22097"
"2015-09-23","CatalogAdminClientImpl.java","2954","21838","24792"
"2015-04-29","EvalContext.java","1668","4550","6218"
"2015-10-06","SQLAnalyzer.java","1416","4968","6384"
"2015-11-18","SQLAnalyzer.java","5226","11372","16598"
"2015-10-23","SQLAnalyzer.java","1995","6367","8362"
"2014-12-30","EvalNode.java","82701","309764","392465"
"2015-04-02","EvalNode.java","83604","321848","405452"
"2015-04-06","EvalNode.java","83604","327549","411153"
"2015-05-15","EvalNode.java","83580","334734","418314"
"2013-09-30","EvalNode.java","32757","45342","78099"
"2014-04-30","EvalNode.java","81946","188259","270205"
"2015-08-04","CatalogAdminClientImpl.java","1403","3671","5074"
"2015-08-13","CatalogAdminClientImpl.java","4268","8675","12943"
"2015-09-25","CatalogAdminClientImpl.java","111916","147620","259536"
"2015-09-17","CatalogAdminClientImpl.java","110487","140437","250924"
"2015-09-23","CatalogAdminClientImpl.java","110826","142337","253163"
"2015-09-11","CatalogAdminClientImpl.java","108963","121590","230553"
"2015-04-02","EvalNode.java","28691","39872","68563"
"2015-04-06","EvalNode.java","28857","45739","74596"
"2015-05-15","EvalNode.java","35999","60090","96089"
"2015-04-06","EvalNode.java","234","5935","6169"
"2015-05-15","EvalNode.java","10213","23123","33336"
"2015-05-15","EvalNode.java","10078","17287","27365"
"2014-12-30","EvalNode.java","92138","306616","398754"
"2015-04-02","EvalNode.java","93162","318821","411983"
"2015-04-06","EvalNode.java","93162","324522","417684"
"2015-05-15","EvalNode.java","93158","331727","424885"
"2014-04-30","EvalNode.java","91016","184744","275760"
"2014-12-30","EvalNode.java","71674","192424","264098"
"2015-04-02","EvalNode.java","84749","216680","301429"
"2015-04-06","EvalNode.java","84891","222523","307414"
"2015-05-15","EvalNode.java","88972","233813","322785"
"2015-09-11","SQLErrorListener.java","76524","396039","472563"
"2013-10-17","EvalNodeVisitor2.java","17019","42259","59278"
"2014-02-27","EvalNodeVisitor2.java","51593","117699","169292"
"2014-02-27","EvalNodeVisitor2.java","51593","117699","169292"
"2015-05-14","DummyServiceTracker.java","19961","43005","62966"
"2015-09-11","SQLParseError.java","76524","396039","472563"
"2013-09-10","SQLParseError.java","11903","23816","35719"
"2014-02-27","EvalNodeVisitor2.java","47501","88367","135868"
"2014-02-27","EvalNodeVisitor2.java","47501","88367","135868"
"2015-09-11","SQLParseError.java","87655","395257","482912"
"2013-12-23","AbstractTaskScheduler.java","48572","107052","155624"
"2015-07-20","AbstractTaskScheduler.java","83572","378498","462070"
"2014-03-01","AbstractTaskScheduler.java","60888","140564","201452"
"2014-01-02","AbstractTaskScheduler.java","49312","111334","160646"
"2015-07-20","AbstractTaskScheduler.java","130586","367032","497618"
"2014-03-01","AbstractTaskScheduler.java","47342","68538","115880"
"2014-01-02","AbstractTaskScheduler.java","7648","11190","18838"
"2015-08-04","InvalidClientSessionException.java","84062","386860","470922"
"2015-07-20","AbstractTaskScheduler.java","143410","358660","502070"
"2015-07-20","AbstractTaskScheduler.java","130082","362986","493068"
"2014-03-01","AbstractTaskScheduler.java","40598","58252","98850"
"2015-07-20","DefaultTaskScheduler.java","83572","378498","462070"
"2014-12-18","DefaultTaskScheduler.java","82703","306590","389293"
"2014-09-20","DefaultTaskScheduler.java","82390","272971","355361"
"2014-12-30","DefaultTaskScheduler.java","82701","309764","392465"
"2013-08-26","DefaultTaskScheduler.java","24356","19797","44153"
"2013-10-28","DefaultTaskScheduler.java","44260","82382","126642"
"2014-01-02","DefaultTaskScheduler.java","49312","111334","160646"
"2015-08-11","DefaultTaskScheduler.java","84113","388465","472578"
"2014-12-22","DefaultTaskScheduler.java","82703","307090","389793"
"2014-09-20","DefaultTaskScheduler.java","82389","273171","355560"
"2014-02-06","DefaultTaskScheduler.java","59840","133480","193320"
"2014-12-12","DefaultTaskScheduler.java","82600","306204","388804"
"2014-04-05","DefaultTaskScheduler.java","61926","159903","221829"
"2014-07-09","DefaultTaskScheduler.java","82121","209209","291330"
"2014-01-25","DefaultTaskScheduler.java","50607","121478","172085"
"2015-09-23","DefaultTaskScheduler.java","84547","417220","501767"
"2015-11-06","DefaultTaskScheduler.java","84573","422598","507171"
"2014-03-13","DefaultTaskScheduler.java","61013","144939","205952"
"2015-10-09","DefaultTaskScheduler.java","84572","421626","506198"
"2014-02-17","DefaultTaskScheduler.java","60621","136457","197078"
"2013-11-18","DefaultTaskScheduler.java","44270","83626","127896"
"2014-03-19","DefaultTaskScheduler.java","61023","144953","205976"
"2014-04-10","DefaultTaskScheduler.java","61921","161024","222945"
"2015-09-02","DefaultTaskScheduler.java","84320","393376","477696"
"2015-09-16","DefaultTaskScheduler.java","84372","399680","484052"
"2015-09-23","DefaultTaskScheduler.java","84545","417217","501762"
"2013-12-18","DefaultTaskScheduler.java","47541","105513","153054"
"2014-03-17","DefaultTaskScheduler.java","61023","144950","205973"
"2013-11-01","DefaultTaskScheduler.java","44266","82949","127215"
"2015-12-24","DefaultTaskScheduler.java","84591","429333","513924"
"2015-08-13","QueryClient.java","87176","195037","282213"
"2015-04-05","QueryClient.java","60175","102165","162340"
"2014-11-11","QueryClient.java","5813","15959","21772"
"2015-08-11","DefaultTaskScheduler.java","11766","21192","32958"
"2015-09-23","DefaultTaskScheduler.java","115773","153520","269293"
"2015-11-06","DefaultTaskScheduler.java","117561","160660","278221"
"2015-10-09","DefaultTaskScheduler.java","116788","158916","275704"
"2015-09-02","DefaultTaskScheduler.java","106892","121022","227914"
"2015-09-16","DefaultTaskScheduler.java","113871","134253","248124"
"2015-09-23","DefaultTaskScheduler.java","115192","152938","268130"
"2015-12-24","DefaultTaskScheduler.java","120536","170352","290888"
"2014-08-20","EvalTreeUtil.java","82349","220892","303241"
"2014-10-25","EvalTreeUtil.java","82572","278819","361391"
"2013-12-18","EvalTreeUtil.java","47541","105513","153054"
"2014-08-23","EvalTreeUtil.java","82390","271489","353879"
"2013-09-21","EvalTreeUtil.java","31103","42514","73617"
"2015-08-13","EvalTreeUtil.java","84208","389836","474044"
"2014-04-30","EvalTreeUtil.java","81946","188259","270205"
"2014-02-20","EvalTreeUtil.java","60682","138495","199177"
"2015-08-13","EvalTreeUtil.java","84208","389145","473353"
"2014-01-17","EvalTreeUtil.java","50436","118362","168798"
"2015-03-20","EvalTreeUtil.java","83594","319885","403479"
"2014-04-18","EvalTreeUtil.java","62067","164631","226698"
"2014-10-27","EvalTreeUtil.java","82572","278862","361434"
"2014-06-26","EvalTreeUtil.java","82124","202184","284308"
"2014-08-18","EvalTreeUtil.java","82347","218647","300994"
"2013-08-19","EvalTreeUtil.java","24236","19338","43574"
"2013-09-30","EvalTreeUtil.java","33282","45994","79276"
"2015-02-04","EvalTreeUtil.java","82704","311494","394198"
"2015-02-04","EvalTreeUtil.java","82704","311494","394198"
"2014-06-24","EvalTreeUtil.java","82129","205098","287227"
"2014-04-08","EvalTreeUtil.java","61925","160017","221942"
"2015-04-18","EvalTreeUtil.java","83614","332037","415651"
"2015-07-20","DefaultTaskScheduler.java","61116","132155","193271"
"2014-12-30","DefaultTaskScheduler.java","5671","8847","14518"
"2015-08-11","DefaultTaskScheduler.java","69445","149910","219355"
"2014-12-22","DefaultTaskScheduler.java","3167","3667","6834"
"2015-09-23","DefaultTaskScheduler.java","112836","221622","334458"
"2015-11-06","DefaultTaskScheduler.java","113849","227987","341836"
"2015-10-09","DefaultTaskScheduler.java","113360","226527","339887"
"2015-09-02","DefaultTaskScheduler.java","106052","191221","297273"
"2015-09-16","DefaultTaskScheduler.java","111897","203318","315215"
"2015-09-23","DefaultTaskScheduler.java","112476","221261","333737"
"2015-12-24","DefaultTaskScheduler.java","115986","236841","352827"
"2015-08-13","QueryClient.java","45758","111629","157387"
"2015-07-20","DefaultTaskScheduler.java","108303","212648","320951"
"2014-12-18","DefaultTaskScheduler.java","68965","102271","171236"
"2014-12-30","DefaultTaskScheduler.java","72748","109230","181978"
"2015-08-11","DefaultTaskScheduler.java","111660","225431","337091"
"2014-12-22","DefaultTaskScheduler.java","71350","105156","176506"
"2014-12-12","DefaultTaskScheduler.java","65847","98870","164717"
"2015-09-23","DefaultTaskScheduler.java","146660","288752","435412"
"2015-11-06","DefaultTaskScheduler.java","147268","294712","441980"
"2015-10-09","DefaultTaskScheduler.java","146880","293353","440233"
"2015-09-02","DefaultTaskScheduler.java","141926","260401","402327"
"2015-09-16","DefaultTaskScheduler.java","146018","270745","416763"
"2015-09-23","DefaultTaskScheduler.java","146462","288553","435015"
"2015-12-24","DefaultTaskScheduler.java","147779","301940","449719"
"2014-10-25","EvalTreeUtil.java","34233","91937","126170"
"2014-08-23","EvalTreeUtil.java","847","51403","52250"
"2015-08-13","EvalTreeUtil.java","109479","276564","386043"
"2015-08-13","EvalTreeUtil.java","109479","275873","385352"
"2015-03-20","EvalTreeUtil.java","86289","184037","270326"
"2014-10-27","EvalTreeUtil.java","34238","91985","126223"
"2015-02-04","EvalTreeUtil.java","81928","172175","254103"
"2015-02-04","EvalTreeUtil.java","81928","172175","254103"
"2015-04-18","EvalTreeUtil.java","90721","200601","291322"
"2015-07-20","DefaultTaskScheduler.java","57648","125511","183159"
"2015-08-11","DefaultTaskScheduler.java","66218","143507","209725"
"2015-09-23","DefaultTaskScheduler.java","109952","215562","325514"
"2015-11-06","DefaultTaskScheduler.java","111006","221968","332974"
"2015-10-09","DefaultTaskScheduler.java","110513","220504","331017"
"2015-09-02","DefaultTaskScheduler.java","103138","185131","288269"
"2015-09-16","DefaultTaskScheduler.java","109001","197246","306247"
"2015-09-23","DefaultTaskScheduler.java","109582","215191","324773"
"2015-12-24","DefaultTaskScheduler.java","113193","230872","344065"
"2015-08-13","EvalTreeUtil.java","87850","197231","285081"
"2015-08-13","EvalTreeUtil.java","87821","196511","284332"
"2015-03-20","EvalTreeUtil.java","59258","99302","158560"
"2014-10-27","EvalTreeUtil.java","45","88","133"
"2015-02-04","EvalTreeUtil.java","54266","86809","141075"
"2015-02-04","EvalTreeUtil.java","54266","86809","141075"
"2015-04-18","EvalTreeUtil.java","64683","116859","181542"
"2015-07-20","DefaultTaskScheduler.java","77409","376894","454303"
"2014-12-18","DefaultTaskScheduler.java","76433","304879","381312"
"2014-09-20","DefaultTaskScheduler.java","76114","271254","347368"
"2014-12-30","DefaultTaskScheduler.java","76431","308053","384484"
"2013-10-28","DefaultTaskScheduler.java","26990","69671","96661"
"2014-01-02","DefaultTaskScheduler.java","33672","100253","133925"
"2015-08-11","DefaultTaskScheduler.java","77975","386886","464861"
"2014-12-22","DefaultTaskScheduler.java","76433","305379","381812"
"2014-09-20","DefaultTaskScheduler.java","76113","271454","347567"
"2014-02-06","DefaultTaskScheduler.java","46096","124295","170391"
"2014-12-12","DefaultTaskScheduler.java","76330","304493","380823"
"2014-04-05","DefaultTaskScheduler.java","48847","151383","200230"
"2014-07-09","DefaultTaskScheduler.java","75823","207470","283293"
"2014-01-25","DefaultTaskScheduler.java","36705","112135","148840"
"2015-09-23","DefaultTaskScheduler.java","78417","415649","494066"
"2015-11-06","DefaultTaskScheduler.java","78450","421034","499484"
"2014-03-13","DefaultTaskScheduler.java","47535","136020","183555"
"2015-10-09","DefaultTaskScheduler.java","78439","420052","498491"
"2014-02-17","DefaultTaskScheduler.java","46990","127385","174375"
"2013-11-18","DefaultTaskScheduler.java","27065","70980","98045"
"2014-03-19","DefaultTaskScheduler.java","47546","136035","183581"
"2014-04-10","DefaultTaskScheduler.java","48846","152508","201354"
"2015-09-02","DefaultTaskScheduler.java","78188","391803","469991"
"2015-09-16","DefaultTaskScheduler.java","78241","398108","476349"
"2015-09-23","DefaultTaskScheduler.java","78415","415646","494061"
"2013-12-18","DefaultTaskScheduler.java","30899","93430","124329"
"2014-03-17","DefaultTaskScheduler.java","47546","136032","183578"
"2013-11-01","DefaultTaskScheduler.java","27012","70254","97266"
"2015-12-24","DefaultTaskScheduler.java","78484","427785","506269"
"2014-08-20","EvalTreeUtil.java","126740","207311","334051"
"2014-10-25","EvalTreeUtil.java","127038","265313","392351"
"2014-08-23","EvalTreeUtil.java","126804","257931","384735"
"2015-08-13","EvalTreeUtil.java","131666","379322","510988"
"2014-04-30","EvalTreeUtil.java","125628","173969","299597"
"2014-02-20","EvalTreeUtil.java","41597","61438","103035"
"2015-08-13","EvalTreeUtil.java","131666","378631","510297"
"2014-01-17","EvalTreeUtil.java","15418","25372","40790"
"2015-03-20","EvalTreeUtil.java","129970","308289","438259"
"2014-04-18","EvalTreeUtil.java","52257","96849","149106"
"2014-10-27","EvalTreeUtil.java","127038","265356","392394"
"2014-06-26","EvalTreeUtil.java","126082","188170","314252"
"2014-08-18","EvalTreeUtil.java","126737","205065","331802"
"2015-02-04","EvalTreeUtil.java","127466","298284","425750"
"2015-02-04","EvalTreeUtil.java","127466","298284","425750"
"2014-06-24","EvalTreeUtil.java","126050","191047","317097"
"2014-04-08","EvalTreeUtil.java","51710","91830","143540"
"2015-04-18","EvalTreeUtil.java","130652","321103","451755"
"2014-10-25","EvalTreeUtil.java","34831","41979","76810"
"2015-08-13","EvalTreeUtil.java","111648","228177","339825"
"2015-08-13","EvalTreeUtil.java","111648","227486","339134"
"2015-03-20","EvalTreeUtil.java","88071","135263","223334"
"2014-10-27","EvalTreeUtil.java","34836","42027","76863"
"2015-02-04","EvalTreeUtil.java","83676","123367","207043"
"2015-02-04","EvalTreeUtil.java","83676","123367","207043"
"2015-04-18","EvalTreeUtil.java","92601","151925","244526"
"2015-07-20","DefaultTaskScheduler.java","114472","371276","485748"
"2014-12-18","DefaultTaskScheduler.java","111672","297437","409109"
"2014-09-20","DefaultTaskScheduler.java","111111","263570","374681"
"2014-12-30","DefaultTaskScheduler.java","111672","300613","412285"
"2014-01-02","DefaultTaskScheduler.java","12884","36784","49668"
"2015-08-11","DefaultTaskScheduler.java","115100","381330","496430"
"2014-12-22","DefaultTaskScheduler.java","111674","297939","409613"
"2014-09-20","DefaultTaskScheduler.java","111117","263777","374894"
"2014-02-06","DefaultTaskScheduler.java","36954","72472","109426"
"2014-12-12","DefaultTaskScheduler.java","111487","296969","408456"
"2014-04-05","DefaultTaskScheduler.java","47181","107036","154217"
"2014-07-09","DefaultTaskScheduler.java","110579","199545","310124"
"2014-01-25","DefaultTaskScheduler.java","18529","51278","69807"
"2015-09-23","DefaultTaskScheduler.java","115603","410154","525757"
"2015-11-06","DefaultTaskScheduler.java","115713","415616","531329"
"2014-03-13","DefaultTaskScheduler.java","45168","90972","136140"
"2015-10-09","DefaultTaskScheduler.java","115652","414584","530236"
"2014-02-17","DefaultTaskScheduler.java","38267","75981","114248"
"2013-11-18","DefaultTaskScheduler.java","195","1429","1624"
"2014-03-19","DefaultTaskScheduler.java","45187","90995","136182"
"2014-04-10","DefaultTaskScheduler.java","47269","108250","155519"
"2015-09-02","DefaultTaskScheduler.java","115347","386281","501628"
"2015-09-16","DefaultTaskScheduler.java","115410","392596","508006"
"2015-09-23","DefaultTaskScheduler.java","115596","410146","525742"
"2013-12-18","DefaultTaskScheduler.java","8822","28672","37494"
"2014-03-17","DefaultTaskScheduler.java","45187","90992","136179"
"2013-11-01","DefaultTaskScheduler.java","62","623","685"
"2015-12-24","DefaultTaskScheduler.java","115758","422378","538136"
"2015-07-20","DefaultTaskScheduler.java","130082","362986","493068"
"2014-12-18","DefaultTaskScheduler.java","126012","287877","413889"
"2014-09-20","DefaultTaskScheduler.java","124300","252859","377159"
"2014-12-30","DefaultTaskScheduler.java","126014","291055","417069"
"2015-08-11","DefaultTaskScheduler.java","130838","373168","504006"
"2014-12-22","DefaultTaskScheduler.java","126015","288380","414395"
"2014-09-20","DefaultTaskScheduler.java","124313","253073","377386"
"2014-02-06","DefaultTaskScheduler.java","31251","42869","74120"
"2014-12-12","DefaultTaskScheduler.java","125821","287403","413224"
"2014-04-05","DefaultTaskScheduler.java","44152","80107","124259"
"2014-07-09","DefaultTaskScheduler.java","123652","188718","312370"
"2014-01-25","DefaultTaskScheduler.java","7949","16798","24747"
"2015-09-23","DefaultTaskScheduler.java","131554","402205","533759"
"2015-11-06","DefaultTaskScheduler.java","131694","407697","539391"
"2014-03-13","DefaultTaskScheduler.java","41136","63040","104176"
"2015-10-09","DefaultTaskScheduler.java","131631","406663","538294"
"2014-02-17","DefaultTaskScheduler.java","32771","46585","79356"
"2014-03-19","DefaultTaskScheduler.java","41231","63139","104370"
"2014-04-10","DefaultTaskScheduler.java","44381","81462","125843"
"2015-09-02","DefaultTaskScheduler.java","131288","378322","509610"
"2015-09-16","DefaultTaskScheduler.java","131342","384628","515970"
"2015-09-23","DefaultTaskScheduler.java","131540","402190","533730"
"2014-03-17","DefaultTaskScheduler.java","41231","63136","104367"
"2015-12-24","DefaultTaskScheduler.java","131740","414460","546200"
"2014-08-20","EvalTreeUtil.java","90862","217994","308856"
"2014-10-25","EvalTreeUtil.java","91106","275942","367048"
"2013-12-18","EvalTreeUtil.java","26318","72879","99197"
"2014-08-23","EvalTreeUtil.java","90916","268604","359520"
"2015-08-13","EvalTreeUtil.java","93007","387224","480231"
"2014-04-30","EvalTreeUtil.java","90232","185134","275366"
"2014-02-20","EvalTreeUtil.java","48022","114424","162446"
"2015-08-13","EvalTreeUtil.java","93007","386533","479540"
"2014-01-17","EvalTreeUtil.java","33497","90012","123509"
"2015-03-20","EvalTreeUtil.java","92338","317218","409556"
"2014-04-18","EvalTreeUtil.java","54018","145171","199189"
"2014-10-27","EvalTreeUtil.java","91106","275985","367091"
"2014-06-26","EvalTreeUtil.java","90455","199104","289559"
"2014-08-18","EvalTreeUtil.java","90860","215749","306609"
"2013-09-30","EvalTreeUtil.java","3829","5130","8959"
"2015-02-04","EvalTreeUtil.java","91338","308717","400055"
"2015-02-04","EvalTreeUtil.java","91338","308717","400055"
"2014-06-24","EvalTreeUtil.java","90458","202016","292474"
"2014-04-08","EvalTreeUtil.java","53728","140409","194137"
"2015-04-18","EvalTreeUtil.java","92362","329374","421736"
"2015-09-23","DefaultTaskScheduler.java","111671","139992","251663"
"2015-11-06","DefaultTaskScheduler.java","113725","147398","261123"
"2015-10-09","DefaultTaskScheduler.java","112933","145635","258568"
"2015-09-02","DefaultTaskScheduler.java","100413","105117","205530"
"2015-09-16","DefaultTaskScheduler.java","109548","120504","230052"
"2015-09-23","DefaultTaskScheduler.java","111088","139408","250496"
"2015-12-24","DefaultTaskScheduler.java","116917","157307","274224"
"2014-08-20","EvalTreeUtil.java","11017","43247","54264"
"2014-10-25","EvalTreeUtil.java","39430","129364","168794"
"2014-08-23","EvalTreeUtil.java","11525","94311","105836"
"2015-08-13","EvalTreeUtil.java","101224","300539","401763"
"2015-08-13","EvalTreeUtil.java","101224","299848","401072"
"2015-03-20","EvalTreeUtil.java","83609","213587","297196"
"2014-10-27","EvalTreeUtil.java","39433","129410","168843"
"2014-06-26","EvalTreeUtil.java","7422","21169","28591"
"2014-08-18","EvalTreeUtil.java","10884","40871","51755"
"2015-02-04","EvalTreeUtil.java","79587","202064","281651"
"2015-02-04","EvalTreeUtil.java","79587","202064","281651"
"2014-06-24","EvalTreeUtil.java","2937","19593","22530"
"2015-04-18","EvalTreeUtil.java","87272","229382","316654"
"2015-07-20","DefaultTaskScheduler.java","59850","130389","190239"
"2014-12-30","DefaultTaskScheduler.java","2528","5204","7732"
"2015-08-11","DefaultTaskScheduler.java","68303","148268","216571"
"2015-09-23","DefaultTaskScheduler.java","111828","220114","331942"
"2015-11-06","DefaultTaskScheduler.java","112854","226492","339346"
"2015-10-09","DefaultTaskScheduler.java","112363","225030","337393"
"2015-09-02","DefaultTaskScheduler.java","105023","189692","294715"
"2015-09-16","DefaultTaskScheduler.java","110884","201805","312689"
"2015-09-23","DefaultTaskScheduler.java","111460","219745","331205"
"2015-12-24","DefaultTaskScheduler.java","115002","235357","350359"
"2014-08-20","EvalTreeUtil.java","114007","174737","288744"
"2014-10-25","EvalTreeUtil.java","120581","239015","359596"
"2014-08-23","EvalTreeUtil.java","114083","225369","339452"
"2015-08-13","EvalTreeUtil.java","143130","370945","514075"
"2014-04-30","EvalTreeUtil.java","111989","140489","252478"
"2015-08-13","EvalTreeUtil.java","143130","370254","513384"
"2015-03-20","EvalTreeUtil.java","139926","298404","438330"
"2014-04-18","EvalTreeUtil.java","14927","39678","54605"
"2014-10-27","EvalTreeUtil.java","120581","239058","359639"
"2014-06-26","EvalTreeUtil.java","112800","155047","267847"
"2014-08-18","EvalTreeUtil.java","114006","172493","286499"
"2015-02-04","EvalTreeUtil.java","136954","287931","424885"
"2015-02-04","EvalTreeUtil.java","136954","287931","424885"
"2014-06-24","EvalTreeUtil.java","112756","157912","270668"
"2014-04-08","EvalTreeUtil.java","13603","33882","47485"
"2015-04-18","EvalTreeUtil.java","141173","311783","452956"
"2015-07-20","DefaultTaskScheduler.java","108494","212638","321132"
"2014-12-18","DefaultTaskScheduler.java","68903","102008","170911"
"2014-12-30","DefaultTaskScheduler.java","72686","108967","181653"
"2015-08-11","DefaultTaskScheduler.java","111853","225423","337276"
"2014-12-22","DefaultTaskScheduler.java","71288","104893","176181"
"2014-12-12","DefaultTaskScheduler.java","65782","98604","164386"
"2015-09-23","DefaultTaskScheduler.java","146853","288744","435597"
"2015-11-06","DefaultTaskScheduler.java","147461","294704","442165"
"2015-10-09","DefaultTaskScheduler.java","147073","293345","440418"
"2015-09-02","DefaultTaskScheduler.java","142119","260393","402512"
"2015-09-16","DefaultTaskScheduler.java","146211","270737","416948"
"2015-09-23","DefaultTaskScheduler.java","146655","288545","435200"
"2015-12-24","DefaultTaskScheduler.java","147972","301932","449904"
"2014-08-20","EvalTreeUtil.java","127786","198403","326189"
"2014-10-25","EvalTreeUtil.java","128255","256576","384831"
"2014-08-23","EvalTreeUtil.java","127846","249019","376865"
"2015-08-13","EvalTreeUtil.java","135131","372833","507964"
"2014-04-30","EvalTreeUtil.java","126403","164790","291193"
"2014-02-20","EvalTreeUtil.java","28556","38443","66999"
"2015-08-13","EvalTreeUtil.java","135131","372142","507273"
"2015-03-20","EvalTreeUtil.java","132708","301073","433781"
"2014-04-18","EvalTreeUtil.java","40792","75430","116222"
"2014-10-27","EvalTreeUtil.java","128255","256619","384874"
"2014-06-26","EvalTreeUtil.java","127084","179218","306302"
"2014-08-18","EvalTreeUtil.java","127785","196159","323944"
"2015-02-04","EvalTreeUtil.java","130005","290869","420874"
"2015-02-04","EvalTreeUtil.java","130005","290869","420874"
"2014-06-24","EvalTreeUtil.java","127051","182094","309145"
"2014-04-08","EvalTreeUtil.java","39595","69761","109356"
"2015-04-18","EvalTreeUtil.java","133637","314134","447771"
"2015-08-13","EvalTreeUtil.java","47744","117081","164825"
"2015-08-13","EvalTreeUtil.java","47709","116355","164064"
"2015-04-18","EvalTreeUtil.java","7843","19975","27818"
"2014-08-20","EvalTreeUtil.java","121319","157298","278617"
"2014-10-25","EvalTreeUtil.java","128748","222431","351179"
"2014-08-23","EvalTreeUtil.java","121416","207951","329367"
"2015-08-13","EvalTreeUtil.java","159625","362689","522314"
"2014-04-30","EvalTreeUtil.java","118717","122466","241183"
"2015-08-13","EvalTreeUtil.java","159625","361998","521623"
"2015-03-20","EvalTreeUtil.java","154446","288173","442619"
"2014-10-27","EvalTreeUtil.java","128748","222474","351222"
"2014-06-26","EvalTreeUtil.java","119736","137232","256968"
"2014-08-18","EvalTreeUtil.java","121258","154994","276252"
"2015-02-04","EvalTreeUtil.java","151286","277512","428798"
"2015-02-04","EvalTreeUtil.java","151286","277512","428798"
"2014-06-24","EvalTreeUtil.java","119692","140097","259789"
"2015-04-18","EvalTreeUtil.java","156703","302562","459265"
"2015-08-13","EvalTreeUtil.java","87822","197160","284982"
"2015-08-13","EvalTreeUtil.java","87792","196439","284231"
"2015-03-20","EvalTreeUtil.java","59218","99219","158437"
"2015-02-04","EvalTreeUtil.java","54225","86725","140950"
"2015-02-04","EvalTreeUtil.java","54225","86725","140950"
"2015-04-18","EvalTreeUtil.java","64648","116781","181429"
"2015-08-13","QueryClient.java","91721","189436","281157"
"2015-04-05","QueryClient.java","64334","96178","160512"
"2014-12-24","QueryClientImpl.java","39576","67051","106627"
"2015-08-13","QueryClientImpl.java","87176","195037","282213"
"2015-02-14","QueryClientImpl.java","53490","87036","140526"
"2015-09-14","QueryClientImpl.java","122423","239555","361978"
"2015-07-20","QueryClientImpl.java","83515","183161","266676"
"2015-04-05","QueryClientImpl.java","60175","102165","162340"
"2014-12-08","QueryClientImpl.java","10010","25416","35426"
"2015-07-30","QueryClientImpl.java","85925","189379","275304"
"2015-07-24","QueryClientImpl.java","85246","185994","271240"
"2015-09-14","QueryClientImpl.java","122345","238840","361185"
"2015-08-04","QueryClientImpl.java","86334","192056","278390"
"2015-04-30","QueryClientImpl.java","64266","117883","182149"
"2014-11-11","QueryClientImpl.java","5813","15959","21772"
"2015-07-20","DefaultTaskScheduler.java","138237","359523","497760"
"2014-12-18","DefaultTaskScheduler.java","133627","283874","417501"
"2014-09-20","DefaultTaskScheduler.java","111038","227979","339017"
"2014-12-30","DefaultTaskScheduler.java","133653","287076","420729"
"2015-08-11","DefaultTaskScheduler.java","139035","369747","508782"
"2014-12-22","DefaultTaskScheduler.java","133630","284377","418007"
"2014-09-20","DefaultTaskScheduler.java","111055","228197","339252"
"2014-12-12","DefaultTaskScheduler.java","133436","283400","416836"
"2014-04-05","DefaultTaskScheduler.java","15713","40050","55763"
"2014-07-09","DefaultTaskScheduler.java","110220","163668","273888"
"2015-09-23","DefaultTaskScheduler.java","139939","398972","538911"
"2015-11-06","DefaultTaskScheduler.java","140070","404455","544525"
"2014-03-13","DefaultTaskScheduler.java","11524","21810","33334"
"2015-10-09","DefaultTaskScheduler.java","140012","403426","543438"
"2014-02-17","DefaultTaskScheduler.java","1879","4075","5954"
"2014-03-19","DefaultTaskScheduler.java","11677","21967","33644"
"2014-04-10","DefaultTaskScheduler.java","16067","41530","57597"
"2015-09-02","DefaultTaskScheduler.java","139564","374980","514544"
"2015-09-16","DefaultTaskScheduler.java","139649","381317","520966"
"2015-09-23","DefaultTaskScheduler.java","139925","398957","538882"
"2014-03-17","DefaultTaskScheduler.java","11677","21964","33641"
"2015-12-24","DefaultTaskScheduler.java","140121","411223","551344"
"2015-08-13","QueryClientImpl.java","69064","149450","218514"
"2015-02-14","QueryClientImpl.java","23120","29191","52311"
"2015-09-14","QueryClientImpl.java","110729","200386","311115"
"2015-07-20","QueryClientImpl.java","61705","133876","195581"
"2015-04-05","QueryClientImpl.java","31200","45715","76915"
"2015-07-30","QueryClientImpl.java","67469","143448","210917"
"2015-07-24","QueryClientImpl.java","64991","138264","203255"
"2015-09-14","QueryClientImpl.java","110640","199660","310300"
"2015-08-04","QueryClientImpl.java","67983","146230","214213"
"2015-04-30","QueryClientImpl.java","35718","61860","97578"
"2015-09-14","QueryClientImpl.java","106912","116183","223095"
"2015-09-14","QueryClientImpl.java","106730","115364","222094"
"2014-08-20","EvalTreeUtil.java","4419","22902","27321"
"2014-10-25","EvalTreeUtil.java","34806","110993","145799"
"2014-08-23","EvalTreeUtil.java","4985","74024","79009"
"2015-08-13","EvalTreeUtil.java","101442","287010","388452"
"2015-08-13","EvalTreeUtil.java","101442","286319","387761"
"2015-03-20","EvalTreeUtil.java","81344","197575","278919"
"2014-10-27","EvalTreeUtil.java","34809","111039","145848"
"2014-08-18","EvalTreeUtil.java","4270","20510","24780"
"2015-02-04","EvalTreeUtil.java","77217","185947","263164"
"2015-02-04","EvalTreeUtil.java","77217","185947","263164"
"2015-04-18","EvalTreeUtil.java","85282","213645","298927"
"2015-08-13","QueryClientImpl.java","50729","125044","175773"
"2015-09-14","QueryClientImpl.java","94956","178542","273498"
"2015-07-20","QueryClientImpl.java","42699","108799","151498"
"2015-04-05","QueryClientImpl.java","8629","17073","25702"
"2015-07-30","QueryClientImpl.java","48894","118802","167696"
"2015-07-24","QueryClientImpl.java","46226","113428","159654"
"2015-09-14","QueryClientImpl.java","94826","177775","272601"
"2015-08-04","QueryClientImpl.java","49466","121642","171108"
"2015-04-30","QueryClientImpl.java","13537","33608","47145"
"2015-07-20","DefaultTaskScheduler.java","62429","133751","196180"
"2014-12-18","DefaultTaskScheduler.java","3812","4095","7907"
"2014-12-30","DefaultTaskScheduler.java","9352","12811","22163"
"2015-08-11","DefaultTaskScheduler.java","70748","151496","222244"
"2014-12-22","DefaultTaskScheduler.java","6883","7666","14549"
"2015-09-23","DefaultTaskScheduler.java","113925","222994","336919"
"2015-11-06","DefaultTaskScheduler.java","114937","229358","344295"
"2015-10-09","DefaultTaskScheduler.java","114448","227898","342346"
"2015-09-02","DefaultTaskScheduler.java","107150","192602","299752"
"2015-09-16","DefaultTaskScheduler.java","112995","204699","317694"
"2015-09-23","DefaultTaskScheduler.java","113574","222642","336216"
"2015-12-24","DefaultTaskScheduler.java","117042","238180","355222"
"2014-08-20","EvalTreeUtil.java","206","2449","2655"
"2014-10-25","EvalTreeUtil.java","34279","94226","128505"
"2014-08-23","EvalTreeUtil.java","1015","53814","54829"
"2015-08-13","EvalTreeUtil.java","107832","277160","384992"
"2015-08-13","EvalTreeUtil.java","107832","276469","384301"
"2015-03-20","EvalTreeUtil.java","84738","184729","269467"
"2014-10-27","EvalTreeUtil.java","34284","94274","128558"
"2015-02-04","EvalTreeUtil.java","80459","172949","253408"
"2015-02-04","EvalTreeUtil.java","80459","172949","253408"
"2015-04-18","EvalTreeUtil.java","89144","201267","290411"
"2015-08-13","QueryClientImpl.java","11470","19685","31155"
"2015-09-14","QueryClientImpl.java","112461","129947","242408"
"2015-07-30","QueryClientImpl.java","7595","11403","18998"
"2015-07-24","QueryClientImpl.java","4645","5747","10392"
"2015-09-14","QueryClientImpl.java","112301","129150","241451"
"2015-08-04","QueryClientImpl.java","8785","14861","23646"
"2015-08-13","QueryClientImpl.java","45758","111629","157387"
"2015-09-14","QueryClientImpl.java","92093","167235","259328"
"2015-07-20","QueryClientImpl.java","37240","94896","132136"
"2015-07-30","QueryClientImpl.java","43607","105071","148678"
"2015-07-24","QueryClientImpl.java","40892","99650","140542"
"2015-09-14","QueryClientImpl.java","91967","166472","258439"
"2015-08-04","QueryClientImpl.java","44357","108089","152446"
"2015-04-30","QueryClientImpl.java","6907","18534","25441"
"2014-12-24","QueryClientImpl.java","37483","49552","87035"
"2015-08-13","QueryClientImpl.java","91811","184266","276077"
"2015-02-14","QueryClientImpl.java","56397","74537","130934"
"2015-09-14","QueryClientImpl.java","129059","230785","359844"
"2015-07-20","QueryClientImpl.java","87891","172131","260022"
"2015-04-05","QueryClientImpl.java","63254","89838","153092"
"2015-07-30","QueryClientImpl.java","90431","178479","268910"
"2015-07-24","QueryClientImpl.java","89652","174994","264646"
"2015-09-14","QueryClientImpl.java","128980","230069","359049"
"2015-08-04","QueryClientImpl.java","90901","181217","272118"
"2015-04-30","QueryClientImpl.java","67546","105757","173303"
"2015-07-20","DefaultTaskScheduler.java","154714","351663","506377"
"2014-12-18","DefaultTaskScheduler.java","148262","274172","422434"
"2014-09-20","DefaultTaskScheduler.java","120695","213299","333994"
"2014-12-30","DefaultTaskScheduler.java","148288","277374","425662"
"2015-08-11","DefaultTaskScheduler.java","156124","362499","518623"
"2014-12-22","DefaultTaskScheduler.java","148265","274675","422940"
"2014-09-20","DefaultTaskScheduler.java","120748","213553","334301"
"2014-12-12","DefaultTaskScheduler.java","148070","273697","421767"
"2014-07-09","DefaultTaskScheduler.java","119301","148412","267713"
"2015-09-23","DefaultTaskScheduler.java","157698","392394","550092"
"2015-11-06","DefaultTaskScheduler.java","158073","398121","556194"
"2015-10-09","DefaultTaskScheduler.java","157814","396891","554705"
"2014-04-10","DefaultTaskScheduler.java","445","1571","2016"
"2015-09-02","DefaultTaskScheduler.java","157241","368320","525561"
"2015-09-16","DefaultTaskScheduler.java","157375","374706","532081"
"2015-09-23","DefaultTaskScheduler.java","157677","392372","550049"
"2015-12-24","DefaultTaskScheduler.java","158166","404931","563097"
"2015-07-20","DefaultTaskScheduler.java","101073","268911","369984"
"2014-12-18","DefaultTaskScheduler.java","66042","162841","228883"
"2014-09-20","DefaultTaskScheduler.java","5239","68732","73971"
"2014-12-30","DefaultTaskScheduler.java","69587","169562","239149"
"2015-08-11","DefaultTaskScheduler.java","104206","281470","385676"
"2014-12-22","DefaultTaskScheduler.java","68201","165500","233701"
"2014-09-20","DefaultTaskScheduler.java","5327","69021","74348"
"2014-12-12","DefaultTaskScheduler.java","63454","159970","223424"
"2015-09-23","DefaultTaskScheduler.java","134886","340471","475357"
"2015-11-06","DefaultTaskScheduler.java","135471","346408","481879"
"2015-10-09","DefaultTaskScheduler.java","135083","345049","480132"
"2015-09-02","DefaultTaskScheduler.java","130311","312279","442590"
"2015-09-16","DefaultTaskScheduler.java","134382","322602","456984"
"2015-09-23","DefaultTaskScheduler.java","134798","340382","475180"
"2015-12-24","DefaultTaskScheduler.java","135880","353534","489414"
"2015-07-20","DefaultTaskScheduler.java","136829","360884","497713"
"2014-12-18","DefaultTaskScheduler.java","132431","285447","417878"
"2014-09-20","DefaultTaskScheduler.java","129797","249507","379304"
"2014-12-30","DefaultTaskScheduler.java","132450","288642","421092"
"2015-08-11","DefaultTaskScheduler.java","137592","371073","508665"
"2014-12-22","DefaultTaskScheduler.java","132434","285950","418384"
"2014-09-20","DefaultTaskScheduler.java","129813","249724","379537"
"2014-02-06","DefaultTaskScheduler.java","24060","26829","50889"
"2014-12-12","DefaultTaskScheduler.java","132240","284973","417213"
"2014-04-05","DefaultTaskScheduler.java","38257","65363","103620"
"2014-07-09","DefaultTaskScheduler.java","129050","185267","314317"
"2015-09-23","DefaultTaskScheduler.java","138299","400101","538400"
"2015-11-06","DefaultTaskScheduler.java","138431","405585","544016"
"2014-03-13","DefaultTaskScheduler.java","34790","47845","82635"
"2015-10-09","DefaultTaskScheduler.java","138367","404550","542917"
"2014-02-17","DefaultTaskScheduler.java","25721","30686","56407"
"2014-03-19","DefaultTaskScheduler.java","34910","47969","82879"
"2014-04-10","DefaultTaskScheduler.java","38524","66756","105280"
"2015-09-02","DefaultTaskScheduler.java","138035","376220","514255"
"2015-09-16","DefaultTaskScheduler.java","138086","382523","520609"
"2015-09-23","DefaultTaskScheduler.java","138285","400086","538371"
"2014-03-17","DefaultTaskScheduler.java","34910","47966","82876"
"2015-12-24","DefaultTaskScheduler.java","138482","412353","550835"
"2014-08-20","EvalTreeUtil.java","75723","219164","294887"
"2014-10-25","EvalTreeUtil.java","75964","277109","353073"
"2013-12-18","EvalTreeUtil.java","30602","93472","124074"
"2014-08-23","EvalTreeUtil.java","75774","269771","345545"
"2013-09-21","EvalTreeUtil.java","11337","27646","38983"
"2015-08-13","EvalTreeUtil.java","77735","388261","465996"
"2014-04-30","EvalTreeUtil.java","75277","186488","261765"
"2014-02-20","EvalTreeUtil.java","46738","129449","176187"
"2015-08-13","EvalTreeUtil.java","77735","387570","465305"
"2014-01-17","EvalTreeUtil.java","36229","109053","145282"
"2015-03-20","EvalTreeUtil.java","77085","318274","395359"
"2014-04-18","EvalTreeUtil.java","48728","156190","204918"
"2014-10-27","EvalTreeUtil.java","75964","277152","353116"
"2014-06-26","EvalTreeUtil.java","75487","200445","275932"
"2014-08-18","EvalTreeUtil.java","75721","216919","292640"
"2013-09-30","EvalTreeUtil.java","14313","31923","46236"
"2015-02-04","EvalTreeUtil.java","76097","309785","385882"
"2015-02-04","EvalTreeUtil.java","76097","309785","385882"
"2014-06-24","EvalTreeUtil.java","75492","203359","278851"
"2014-04-08","EvalTreeUtil.java","48510","151500","200010"
"2015-04-18","EvalTreeUtil.java","77105","330426","407531"
"2014-08-20","EvalTreeUtil.java","91768","217599","309367"
"2014-10-25","EvalTreeUtil.java","92032","275567","367599"
"2013-12-18","EvalTreeUtil.java","23740","69000","92740"
"2014-08-23","EvalTreeUtil.java","91822","268209","360031"
"2015-08-13","EvalTreeUtil.java","93974","386890","480864"
"2014-04-30","EvalTreeUtil.java","91135","184736","275871"
"2014-02-20","EvalTreeUtil.java","46140","111241","157381"
"2015-08-13","EvalTreeUtil.java","93974","386199","480173"
"2014-01-17","EvalTreeUtil.java","31260","86474","117734"
"2015-03-20","EvalTreeUtil.java","93270","316849","410119"
"2014-04-18","EvalTreeUtil.java","52260","142112","194372"
"2014-10-27","EvalTreeUtil.java","92032","275610","367642"
"2014-06-26","EvalTreeUtil.java","91360","198708","290068"
"2014-08-18","EvalTreeUtil.java","91766","215354","307120"
"2015-02-04","EvalTreeUtil.java","92264","308342","400606"
"2015-02-04","EvalTreeUtil.java","92264","308342","400606"
"2014-06-24","EvalTreeUtil.java","91363","201620","292983"
"2014-04-08","EvalTreeUtil.java","51938","137318","189256"
"2015-04-18","EvalTreeUtil.java","93294","329005","422299"
"2015-08-13","EvalTreeUtil.java","55001","131839","186840"
"2015-08-13","EvalTreeUtil.java","54966","131113","186079"
"2015-03-20","EvalTreeUtil.java","10078","17579","27657"
"2015-04-18","EvalTreeUtil.java","16966","36599","53565"
"2015-08-13","EvalTreeUtil.java","55001","131839","186840"
"2015-08-13","EvalTreeUtil.java","54966","131113","186079"
"2015-03-20","EvalTreeUtil.java","10078","17579","27657"
"2015-04-18","EvalTreeUtil.java","16966","36599","53565"
"2014-08-20","EvalTreeUtil.java","8860","24434","33294"
"2014-10-25","EvalTreeUtil.java","38871","112149","151020"
"2014-08-23","EvalTreeUtil.java","9426","75556","84982"
"2015-08-13","EvalTreeUtil.java","104718","287377","392095"
"2015-08-13","EvalTreeUtil.java","104718","286686","391404"
"2015-03-20","EvalTreeUtil.java","85278","198600","283878"
"2014-10-27","EvalTreeUtil.java","38874","112195","151069"
"2014-06-26","EvalTreeUtil.java","4552","1643","6195"
"2014-08-18","EvalTreeUtil.java","8719","22050","30769"
"2015-02-04","EvalTreeUtil.java","81159","186980","268139"
"2015-02-04","EvalTreeUtil.java","81159","186980","268139"
"2015-04-18","EvalTreeUtil.java","89213","214667","303880"
"2015-11-06","DefaultTaskScheduler.java","2785","8137","10922"
"2015-10-09","DefaultTaskScheduler.java","1719","6100","7819"
"2015-12-24","DefaultTaskScheduler.java","11692","23761","35453"
"2014-08-20","EvalTreeUtil.java","120646","161097","281743"
"2014-10-25","EvalTreeUtil.java","127640","225795","353435"
"2014-08-23","EvalTreeUtil.java","120739","211746","332485"
"2015-08-13","EvalTreeUtil.java","156676","364212","520888"
"2014-04-30","EvalTreeUtil.java","118162","126383","244545"
"2015-08-13","EvalTreeUtil.java","156676","363521","520197"
"2015-03-20","EvalTreeUtil.java","151824","290023","441847"
"2014-04-18","EvalTreeUtil.java","1987","6459","8446"
"2014-10-27","EvalTreeUtil.java","127640","225838","353478"
"2014-06-26","EvalTreeUtil.java","119133","141101","260234"
"2014-08-18","EvalTreeUtil.java","120589","158797","279386"
"2015-02-04","EvalTreeUtil.java","148715","279413","428128"
"2015-02-04","EvalTreeUtil.java","148715","279413","428128"
"2014-06-24","EvalTreeUtil.java","119089","143966","263055"
"2015-04-18","EvalTreeUtil.java","153894","304225","458119"
"2015-08-13","EvalTreeUtil.java","43035","100240","143275"
"2015-08-13","EvalTreeUtil.java","42987","99501","142488"
"2015-09-17","EvalType.java","78075","413453","491528"
"2013-09-27","EvalType.java","13194","29849","43043"
"2013-09-23","EvalType.java","11575","28419","39994"
"2015-08-14","EvalType.java","77737","389209","466946"
"2014-04-30","EvalType.java","75277","186488","261765"
"2014-08-23","EvalType.java","75774","269771","345545"
"2015-08-13","QueryClientImpl.java","4268","8675","12943"
"2015-09-14","QueryClientImpl.java","109425","123103","232528"
"2015-09-14","QueryClientImpl.java","109250","122291","231541"
"2015-08-04","QueryClientImpl.java","1403","3671","5074"
"2015-12-24","DefaultTaskScheduler.java","9095","15812","24907"
"2015-07-20","DefaultTaskScheduler.java","144996","355996","500992"
"2014-12-18","DefaultTaskScheduler.java","139539","279500","419039"
"2014-09-20","DefaultTaskScheduler.java","116249","222904","339153"
"2014-12-30","DefaultTaskScheduler.java","139566","282703","422269"
"2015-08-11","DefaultTaskScheduler.java","145851","366277","512128"
"2014-12-22","DefaultTaskScheduler.java","139543","280004","419547"
"2014-09-20","DefaultTaskScheduler.java","116292","223148","339440"
"2014-12-12","DefaultTaskScheduler.java","139347","279025","418372"
"2014-04-05","DefaultTaskScheduler.java","5810","19861","25671"
"2014-07-09","DefaultTaskScheduler.java","115023","158185","273208"
"2015-09-23","DefaultTaskScheduler.java","146887","395634","542521"
"2015-11-06","DefaultTaskScheduler.java","147039","401138","548177"
"2015-10-09","DefaultTaskScheduler.java","146959","400087","547046"
"2014-03-19","DefaultTaskScheduler.java","430","434","864"
"2014-04-10","DefaultTaskScheduler.java","6165","21342","27507"
"2015-09-02","DefaultTaskScheduler.java","146503","371633","518136"
"2015-09-16","DefaultTaskScheduler.java","146606","377988","524594"
"2015-09-23","DefaultTaskScheduler.java","146873","395619","542492"
"2014-03-17","DefaultTaskScheduler.java","428","429","857"
"2015-12-24","DefaultTaskScheduler.java","147124","407940","555064"
"2015-11-06","DefaultTaskScheduler.java","1119","2090","3209"
"2015-12-24","DefaultTaskScheduler.java","10168","17856","28024"
"2015-09-17","EvalType.java","93586","412309","505895"
"2015-08-14","EvalType.java","93242","388059","481301"
"2014-04-30","EvalType.java","90455","185011","275466"
"2014-08-23","EvalType.java","91143","268485","359628"
"2015-09-17","EvalType.java","93810","412344","506154"
"2013-09-27","EvalType.java","1991","1802","3793"
"2015-08-14","EvalType.java","93466","388094","481560"
"2014-04-30","EvalType.java","90682","185049","275731"
"2014-08-23","EvalType.java","91366","268519","359885"
"2015-08-13","QueryClientImpl.java","6972","14085","21057"
"2015-09-14","QueryClientImpl.java","109382","125766","235148"
"2015-07-30","QueryClientImpl.java","2979","5685","8664"
"2015-09-14","QueryClientImpl.java","109213","124960","234173"
"2015-08-04","QueryClientImpl.java","4224","9198","13422"
"2015-09-17","EvalType.java","108434","132340","240774"
"2015-09-17","EvalType.java","126022","350189","476211"
"2015-08-14","EvalType.java","101288","301549","402837"
"2014-08-23","EvalType.java","11525","94311","105836"
"2015-09-17","EvalType.java","145698","287079","432777"
"2015-08-14","EvalType.java","111729","229204","340933"
"2015-04-02","FieldEval.java","83604","321848","405452"
"2015-06-02","FieldEval.java","83566","375934","459500"
"2014-08-20","FieldEval.java","82349","221551","303900"
"2015-06-02","FieldEval.java","23859","77983","101842"
"2015-04-02","FieldEval.java","88766","187808","276574"
"2015-06-02","FieldEval.java","101160","254326","355486"
"2015-08-13","QueryClientImpl.java","3446","5585","9031"
"2015-09-14","QueryClientImpl.java","109433","120843","230276"
"2015-09-14","QueryClientImpl.java","109257","120030","229287"
"2015-04-02","FunctionEval.java","83604","321848","405452"
"2013-09-30","FunctionEval.java","33282","45994","79276"
"2015-04-06","FunctionEval.java","83604","327549","411153"
"2014-08-23","FunctionEval.java","82390","271489","353879"
"2013-09-27","FunctionEval.java","32461","44668","77129"
"2014-08-13","FunctionEval.java","82338","218465","300803"
"2014-08-20","FunctionEval.java","82349","221551","303900"
"2015-04-06","FunctionEval.java","234","5935","6169"
"2015-04-02","FunctionEval.java","93283","318815","412098"
"2015-04-06","FunctionEval.java","93283","324516","417799"
"2014-08-23","FunctionEval.java","91822","268209","360031"
"2014-08-13","FunctionEval.java","91758","215173","306931"
"2014-08-20","FunctionEval.java","91768","218258","310026"
"2015-04-02","FunctionEval.java","89742","138887","228629"
"2015-04-06","FunctionEval.java","89884","144730","234614"
"2015-04-02","FunctionEval.java","92846","318883","411729"
"2013-09-30","FunctionEval.java","1533","2038","3571"
"2015-04-06","FunctionEval.java","92846","324584","417430"
"2014-08-23","FunctionEval.java","91387","268279","359666"
"2014-08-13","FunctionEval.java","91323","215243","306566"
"2014-08-20","FunctionEval.java","91333","218328","309661"
"2015-04-02","FunctionEval.java","86258","188375","274633"
"2015-04-06","FunctionEval.java","86400","194218","280618"
"2014-08-23","FunctionEval.java","1082","54054","55136"
"2014-08-20","FunctionEval.java","231","3306","3537"
"2015-04-02","FunctionEval.java","88766","187808","276574"
"2015-04-06","FunctionEval.java","88908","193651","282559"
"2014-08-23","FunctionEval.java","853","50750","51603"
"2015-04-18","GeneralFunctionEval.java","83614","332037","415651"
"2014-12-08","GeneralFunctionEval.java","82592","295074","377666"
"2015-07-20","GeneralFunctionEval.java","83983","380705","464688"
"2014-01-25","GeneralFunctionEval.java","51141","121619","172760"
"2015-07-20","GeneralFunctionEval.java","34291","82590","116881"
"2015-04-18","GeneralFunctionEval.java","66637","102578","169215"
"2015-07-20","GeneralFunctionEval.java","87891","172131","260022"
"2015-08-13","QueryClientImpl.java","40801","95045","135846"
"2015-09-14","QueryClientImpl.java","89911","153426","243337"
"2015-07-20","QueryClientImpl.java","32060","78089","110149"
"2015-07-30","QueryClientImpl.java","38538","88375","126913"
"2015-07-24","QueryClientImpl.java","35748","82879","118627"
"2015-09-14","QueryClientImpl.java","89786","152664","242450"
"2015-08-04","QueryClientImpl.java","39303","91408","130711"
"2015-07-20","DefaultTaskScheduler.java","140321","359411","499732"
"2014-12-18","DefaultTaskScheduler.java","135437","283488","418925"
"2014-09-20","DefaultTaskScheduler.java","112754","227499","340253"
"2014-12-30","DefaultTaskScheduler.java","135463","286690","422153"
"2015-08-11","DefaultTaskScheduler.java","141117","369633","510750"
"2014-12-22","DefaultTaskScheduler.java","135440","283991","419431"
"2014-09-20","DefaultTaskScheduler.java","112795","227741","340536"
"2014-12-12","DefaultTaskScheduler.java","135246","283014","418260"
"2014-04-05","DefaultTaskScheduler.java","14252","36393","50645"
"2014-07-09","DefaultTaskScheduler.java","111565","162817","274382"
"2015-09-23","DefaultTaskScheduler.java","142021","398858","540879"
"2015-11-06","DefaultTaskScheduler.java","142152","404341","546493"
"2014-03-13","DefaultTaskScheduler.java","9821","17911","27732"
"2015-10-09","DefaultTaskScheduler.java","142094","403312","545406"
"2014-03-19","DefaultTaskScheduler.java","9974","18068","28042"
"2014-04-10","DefaultTaskScheduler.java","14590","37857","52447"
"2015-09-02","DefaultTaskScheduler.java","141646","374866","516512"
"2015-09-16","DefaultTaskScheduler.java","141731","381203","522934"
"2015-09-23","DefaultTaskScheduler.java","142007","398843","540850"
"2014-03-17","DefaultTaskScheduler.java","9974","18065","28039"
"2015-12-24","DefaultTaskScheduler.java","142203","411109","553312"
"2015-04-18","GeneralFunctionEval.java","135710","313655","449365"
"2014-12-08","GeneralFunctionEval.java","131777","273781","405558"
"2015-07-20","GeneralFunctionEval.java","136901","363145","500046"
"2015-07-20","DefaultTaskScheduler.java","115537","371107","486644"
"2014-12-18","DefaultTaskScheduler.java","112741","297272","410013"
"2014-09-20","DefaultTaskScheduler.java","112173","263398","375571"
"2014-12-30","DefaultTaskScheduler.java","112741","300448","413189"
"2014-01-02","DefaultTaskScheduler.java","13450","36116","49566"
"2015-08-11","DefaultTaskScheduler.java","116166","381162","497328"
"2014-12-22","DefaultTaskScheduler.java","112743","297774","410517"
"2014-09-20","DefaultTaskScheduler.java","112179","263605","375784"
"2014-02-06","DefaultTaskScheduler.java","37634","71918","109552"
"2014-12-12","DefaultTaskScheduler.java","112556","296804","409360"
"2014-04-05","DefaultTaskScheduler.java","47956","106577","154533"
"2014-07-09","DefaultTaskScheduler.java","111641","199373","311014"
"2014-01-25","DefaultTaskScheduler.java","19129","50644","69773"
"2015-09-23","DefaultTaskScheduler.java","116679","409996","526675"
"2015-11-06","DefaultTaskScheduler.java","116790","415459","532249"
"2014-03-13","DefaultTaskScheduler.java","45935","90505","136440"
"2015-10-09","DefaultTaskScheduler.java","116728","414426","531154"
"2014-02-17","DefaultTaskScheduler.java","38947","75427","114374"
"2014-03-19","DefaultTaskScheduler.java","45954","90528","136482"
"2014-04-10","DefaultTaskScheduler.java","48046","107793","155839"
"2015-09-02","DefaultTaskScheduler.java","116423","386123","502546"
"2015-09-16","DefaultTaskScheduler.java","116486","392438","508924"
"2015-09-23","DefaultTaskScheduler.java","116672","409988","526660"
"2013-12-18","DefaultTaskScheduler.java","9387","28003","37390"
"2014-03-17","DefaultTaskScheduler.java","45954","90525","136479"
"2015-12-24","DefaultTaskScheduler.java","116835","422221","539056"
"2015-10-20","InEval.java","81784","419742","501526"
"2014-03-27","InEval.java","45910","136603","182513"
"2015-04-06","InEval.java","80761","325472","406233"
"2014-01-17","InEval.java","32745","101437","134182"
"2015-03-20","InEval.java","80748","317805","398553"
"2015-10-20","InEval.java","151044","398309","549353"
"2015-04-06","InEval.java","145668","299686","445354"
"2015-03-20","InEval.java","145343","291707","437050"
"2015-10-20","InEval.java","95876","189123","284999"
"2015-10-20","InEval.java","135856","405122","540978"
"2014-03-27","InEval.java","38791","60792","99583"
"2015-04-06","InEval.java","132760","308779","441539"
"2015-03-20","InEval.java","132708","301073","433781"
"2015-10-20","InEval.java","94849","195750","290599"
"2015-04-06","InEval.java","3447","11101","14548"
"2014-04-30","IsNullEval.java","81946","188259","270205"
"2015-04-02","IsNullEval.java","83604","321848","405452"
"2015-03-20","IsNullEval.java","83594","319885","403479"
"2015-04-02","IsNullEval.java","84749","216680","301429"
"2015-03-20","IsNullEval.java","83609","213587","297196"
"2014-12-24","QueryClientImpl.java","39400","56729","96129"
"2015-08-13","QueryClientImpl.java","91721","189436","281157"
"2015-02-14","QueryClientImpl.java","57549","80949","138498"
"2015-09-14","QueryClientImpl.java","128333","235319","363652"
"2015-07-20","QueryClientImpl.java","87965","177465","265430"
"2015-04-05","QueryClientImpl.java","64334","96178","160512"
"2014-12-08","QueryClientImpl.java","4422","9682","14104"
"2015-07-30","QueryClientImpl.java","90456","183764","274220"
"2015-07-24","QueryClientImpl.java","89720","180322","270042"
"2015-09-14","QueryClientImpl.java","128255","234604","362859"
"2015-08-04","QueryClientImpl.java","90876","186452","277328"
"2015-04-30","QueryClientImpl.java","68510","111981","180491"
"2015-04-02","IsNullEval.java","3268","5221","8489"
"2014-04-10","LikePredicateEval.java","53697","141231","194928"
"2014-08-23","LikePredicateEval.java","91366","268519","359885"
"2013-12-18","LikePredicateEval.java","26241","72267","98508"
"2015-07-20","DefaultTaskScheduler.java","145000","355996","500996"
"2014-12-18","DefaultTaskScheduler.java","139399","279356","418755"
"2014-09-20","DefaultTaskScheduler.java","116091","222742","338833"
"2014-12-30","DefaultTaskScheduler.java","139426","282559","421985"
"2015-08-11","DefaultTaskScheduler.java","145855","366277","512132"
"2014-12-22","DefaultTaskScheduler.java","139403","279860","419263"
"2014-09-20","DefaultTaskScheduler.java","116134","222986","339120"
"2014-12-12","DefaultTaskScheduler.java","139207","278881","418088"
"2014-04-05","DefaultTaskScheduler.java","5507","19554","25061"
"2014-07-09","DefaultTaskScheduler.java","114855","158013","272868"
"2015-09-23","DefaultTaskScheduler.java","146891","395634","542525"
"2015-11-06","DefaultTaskScheduler.java","147042","401137","548179"
"2015-10-09","DefaultTaskScheduler.java","146962","400086","547048"
"2014-04-10","DefaultTaskScheduler.java","5864","21037","26901"
"2015-09-02","DefaultTaskScheduler.java","146507","371633","518140"
"2015-09-16","DefaultTaskScheduler.java","146610","377988","524598"
"2015-09-23","DefaultTaskScheduler.java","146877","395619","542496"
"2015-12-24","DefaultTaskScheduler.java","147127","407939","555066"
"2014-08-23","LikePredicateEval.java","120903","210522","331425"
"2015-07-20","DefaultTaskScheduler.java","155426","351249","506675"
"2014-12-18","DefaultTaskScheduler.java","148842","273626","422468"
"2014-09-20","DefaultTaskScheduler.java","120901","212379","333280"
"2014-12-30","DefaultTaskScheduler.java","148870","276830","425700"
"2015-08-11","DefaultTaskScheduler.java","156845","362094","518939"
"2014-12-22","DefaultTaskScheduler.java","148847","274131","422978"
"2014-09-20","DefaultTaskScheduler.java","120960","212639","333599"
"2014-12-12","DefaultTaskScheduler.java","148650","273151","421801"
"2014-07-09","DefaultTaskScheduler.java","119504","147489","266993"
"2015-09-23","DefaultTaskScheduler.java","158433","392003","550436"
"2015-11-06","DefaultTaskScheduler.java","158808","397730","556538"
"2015-10-09","DefaultTaskScheduler.java","158549","396500","555049"
"2015-09-02","DefaultTaskScheduler.java","157962","367915","525877"
"2015-09-16","DefaultTaskScheduler.java","158110","374315","532425"
"2015-09-23","DefaultTaskScheduler.java","158412","391981","550393"
"2015-12-24","DefaultTaskScheduler.java","158901","404540","563441"
"2014-04-10","LikePredicateEval.java","51787","93295","145082"
"2014-08-23","LikePredicateEval.java","126804","257931","384735"
"2013-09-21","NotEval.java","31103","42514","73617"
"2015-04-02","NotEval.java","83604","321848","405452"
"2015-04-02","NotEval.java","92351","319184","411535"
"2014-04-30","PartialBinaryExpr.java","81946","188259","270205"
"2015-04-02","PartialBinaryExpr.java","83604","321848","405452"
"2013-08-14","QueryStatus.java","22677","17814","40491"
"2014-04-23","QueryStatus.java","81830","184912","266742"
"2015-09-23","DefaultTaskScheduler.java","13603","37220","50823"
"2015-11-06","DefaultTaskScheduler.java","16049","45018","61067"
"2015-10-09","DefaultTaskScheduler.java","15040","43038","58078"
"2015-09-16","DefaultTaskScheduler.java","11158","17410","28568"
"2015-09-23","DefaultTaskScheduler.java","12947","36563","49510"
"2015-12-24","DefaultTaskScheduler.java","24459","60145","84604"
"2014-04-23","QueryStatus.java","75366","183311","258677"
"2015-04-02","PartialBinaryExpr.java","84749","216680","301429"
"2015-08-20","ResultSetUtil.java","128717","377561","506278"
"2014-04-16","ResultSetUtil.java","45777","87171","132948"
"2014-11-27","ResultSetUtil.java","123513","274372","397885"
"2015-08-19","ResultSetUtil.java","128699","377153","505852"
"2014-08-23","PatternMatchPredicateEval.java","91366","268519","359885"
"2015-04-06","PatternMatchPredicateEval.java","92807","324806","417613"
"2015-04-02","PatternMatchPredicateEval.java","92807","319105","411912"
"2014-01-25","PatternMatchPredicateEval.java","34381","92913","127294"
"2015-08-20","ResultSetUtil.java","158436","365886","524322"
"2014-11-27","ResultSetUtil.java","133916","243381","377297"
"2015-08-19","ResultSetUtil.java","158418","365478","523896"
"2015-08-20","ResultSetUtil.java","122156","220141","342297"
"2015-08-19","ResultSetUtil.java","122132","219727","341859"
"2015-04-06","PatternMatchPredicateEval.java","89884","144730","234614"
"2015-04-02","PatternMatchPredicateEval.java","89742","138887","228629"
"2015-08-20","ResultSetUtil.java","178","568","746"
"2015-04-06","PatternMatchPredicateEval.java","234","5935","6169"
"2014-08-23","PatternMatchPredicateEval.java","129292","247913","377205"
"2015-04-06","PatternMatchPredicateEval.java","134831","308298","443129"
"2015-04-02","PatternMatchPredicateEval.java","134828","302594","437422"
"2015-03-20","RegexPredicateEval.java","92794","317139","409933"
"2015-05-11","RowConstantEval.java","80738","333257","413995"
"2013-10-04","RowConstantEval.java","9794","29936","39730"
"2014-01-25","RowConstantEval.java","33517","104761","138278"
"2013-09-21","RowConstantEval.java","5971","18148","24119"
"2015-09-23","DefaultTaskScheduler.java","2644","20009","22653"
"2015-11-06","DefaultTaskScheduler.java","5234","27951","33185"
"2015-10-09","DefaultTaskScheduler.java","4210","25956","30166"
"2015-09-23","DefaultTaskScheduler.java","1951","19315","21266"
"2015-12-24","DefaultTaskScheduler.java","13984","43418","57402"
"2015-05-11","RowConstantEval.java","97282","329659","426941"
"2014-01-25","RowConstantEval.java","33279","84381","117660"
"2015-05-11","RowConstantEval.java","135880","317155","453035"
"2015-05-11","RowConstantEval.java","92335","332677","425012"
"2013-10-04","RowConstantEval.java","4662","12627","17289"
"2014-01-25","RowConstantEval.java","34486","93553","128039"
"2014-04-30","SignedEval.java","119415","175737","295152"
"2015-04-02","SignedEval.java","123645","311898","435543"
"2015-11-06","DefaultTaskScheduler.java","3485","8838","12323"
"2015-10-09","DefaultTaskScheduler.java","2422","6804","9226"
"2015-12-24","DefaultTaskScheduler.java","12370","24440","36810"
"2015-04-02","SignedEval.java","84749","216680","301429"
"2015-07-20","DefaultTaskScheduler.java","130913","367867","498780"
"2014-12-18","DefaultTaskScheduler.java","127433","293348","420781"
"2014-09-20","DefaultTaskScheduler.java","126782","259391","386173"
"2014-12-30","DefaultTaskScheduler.java","127435","296526","423961"
"2014-01-02","DefaultTaskScheduler.java","9332","13382","22714"
"2015-08-11","DefaultTaskScheduler.java","131593","377973","509566"
"2014-12-22","DefaultTaskScheduler.java","127436","293851","421287"
"2014-09-20","DefaultTaskScheduler.java","126788","259598","386386"
"2014-02-06","DefaultTaskScheduler.java","39312","54980","94292"
"2014-12-12","DefaultTaskScheduler.java","127246","292878","420124"
"2014-04-05","DefaultTaskScheduler.java","51652","91657","143309"
"2014-07-09","DefaultTaskScheduler.java","126168","195284","321452"
"2014-01-25","DefaultTaskScheduler.java","16584","29483","46067"
"2015-09-23","DefaultTaskScheduler.java","132114","406815","538929"
"2015-11-06","DefaultTaskScheduler.java","132223","412276","544499"
"2014-03-13","DefaultTaskScheduler.java","49071","75025","124096"
"2015-10-09","DefaultTaskScheduler.java","132161","411243","543404"
"2014-02-17","DefaultTaskScheduler.java","40761","58625","99386"
"2014-03-19","DefaultTaskScheduler.java","49160","75118","124278"
"2014-04-10","DefaultTaskScheduler.java","51762","92893","144655"
"2015-09-02","DefaultTaskScheduler.java","131851","382935","514786"
"2015-09-16","DefaultTaskScheduler.java","131907","389243","521150"
"2015-09-23","DefaultTaskScheduler.java","132104","406804","538908"
"2014-03-17","DefaultTaskScheduler.java","49160","75115","124275"
"2015-12-24","DefaultTaskScheduler.java","132268","419038","551306"
"2014-08-23","SimilarToPredicateEval.java","91366","268519","359885"
"2015-08-04","SimpleEvalNodeVisitor.java","100517","297002","397519"
"2014-10-08","SimpleEvalNodeVisitor.java","13277","102944","116221"
"2014-07-09","SimpleEvalNodeVisitor.java","8079","27417","35496"
"2015-08-14","SimpleEvalNodeVisitor.java","101288","301549","402837"
"2015-08-14","SimpleEvalNodeVisitor.java","3717","7493","11210"
"2015-07-20","DefaultTaskScheduler.java","144997","355996","500993"
"2014-12-18","DefaultTaskScheduler.java","139396","279356","418752"
"2014-09-20","DefaultTaskScheduler.java","116088","222742","338830"
"2014-12-30","DefaultTaskScheduler.java","139423","282559","421982"
"2015-08-11","DefaultTaskScheduler.java","145852","366277","512129"
"2014-12-22","DefaultTaskScheduler.java","139400","279860","419260"
"2014-09-20","DefaultTaskScheduler.java","116131","222986","339117"
"2014-12-12","DefaultTaskScheduler.java","139204","278881","418085"
"2014-04-05","DefaultTaskScheduler.java","5509","19559","25068"
"2014-07-09","DefaultTaskScheduler.java","114852","158013","272865"
"2015-09-23","DefaultTaskScheduler.java","146888","395634","542522"
"2015-11-06","DefaultTaskScheduler.java","147039","401137","548176"
"2015-10-09","DefaultTaskScheduler.java","146959","400086","547045"
"2014-03-19","DefaultTaskScheduler.java","2","5","7"
"2014-04-10","DefaultTaskScheduler.java","5866","21042","26908"
"2015-09-02","DefaultTaskScheduler.java","146504","371633","518137"
"2015-09-16","DefaultTaskScheduler.java","146607","377988","524595"
"2015-09-23","DefaultTaskScheduler.java","146874","395619","542493"
"2015-12-24","DefaultTaskScheduler.java","147124","407939","555063"
"2015-08-04","SimpleEvalNodeVisitor.java","113021","219839","332860"
"2015-08-14","SimpleEvalNodeVisitor.java","113860","224454","338314"
"2015-08-04","SessionConnection.java","86334","192056","278390"
"2014-12-12","SessionConnection.java","12993","31457","44450"
"2014-12-10","SessionConnection.java","12901","28951","41852"
"2015-09-23","SessionConnection.java","123116","258712","381828"
"2014-12-08","SessionConnection.java","10010","25416","35426"
"2015-04-30","SessionConnection.java","64266","117883","182149"
"2015-02-14","SessionConnection.java","53490","87036","140526"
"2015-06-23","SessionConnection.java","76294","174373","250667"
"2015-04-16","SessionConnection.java","60667","108661","169328"
"2015-09-11","SessionConnection.java","122324","238692","361016"
"2015-07-20","SessionConnection.java","83515","183161","266676"
"2015-09-03","SessionConnection.java","117913","231096","349009"
"2015-08-13","SessionConnection.java","87176","195037","282213"
"2015-03-17","SessionConnection.java","55433","91931","147364"
"2015-03-12","SessionConnection.java","54524","90081","144605"
"2015-07-20","DefaultTaskScheduler.java","114892","371135","486027"
"2014-12-18","DefaultTaskScheduler.java","112089","297293","409382"
"2014-09-20","DefaultTaskScheduler.java","111528","263426","374954"
"2014-12-30","DefaultTaskScheduler.java","112089","300469","412558"
"2014-01-02","DefaultTaskScheduler.java","12875","36214","49089"
"2015-08-11","DefaultTaskScheduler.java","115520","381189","496709"
"2014-12-22","DefaultTaskScheduler.java","112091","297795","409886"
"2014-09-20","DefaultTaskScheduler.java","111534","263633","375167"
"2014-02-06","DefaultTaskScheduler.java","37007","71964","108971"
"2014-12-12","DefaultTaskScheduler.java","111904","296825","408729"
"2014-04-05","DefaultTaskScheduler.java","47333","106627","153960"
"2014-07-09","DefaultTaskScheduler.java","110996","199401","310397"
"2014-01-25","DefaultTaskScheduler.java","18554","50742","69296"
"2015-09-23","DefaultTaskScheduler.java","116023","410013","526036"
"2015-11-06","DefaultTaskScheduler.java","116133","415475","531608"
"2014-03-13","DefaultTaskScheduler.java","45306","90549","135855"
"2015-10-09","DefaultTaskScheduler.java","116072","414443","530515"
"2014-02-17","DefaultTaskScheduler.java","38320","75473","113793"
"2013-11-18","DefaultTaskScheduler.java","133","806","939"
"2014-03-19","DefaultTaskScheduler.java","45325","90572","135897"
"2014-04-10","DefaultTaskScheduler.java","47423","107843","155266"
"2015-09-02","DefaultTaskScheduler.java","115767","386140","501907"
"2015-09-16","DefaultTaskScheduler.java","115830","392455","508285"
"2015-09-23","DefaultTaskScheduler.java","116016","410005","526021"
"2013-12-18","DefaultTaskScheduler.java","8813","28102","36915"
"2014-03-17","DefaultTaskScheduler.java","45325","90569","135894"
"2015-12-24","DefaultTaskScheduler.java","116178","422237","538415"
"2015-09-23","SessionConnection.java","111189","141063","252252"
"2015-09-11","SessionConnection.java","109230","119876","229106"
"2015-09-03","SessionConnection.java","103969","111430","215399"
"2015-08-13","SessionConnection.java","3446","5585","9031"
"2015-08-04","SimpleEvalNodeVisitor.java","102654","279801","382455"
"2014-10-08","SimpleEvalNodeVisitor.java","6109","76438","82547"
"2015-08-14","SimpleEvalNodeVisitor.java","103454","284377","387831"
"2015-08-04","SessionConnection.java","89109","176367","265476"
"2015-09-23","SessionConnection.java","128498","245630","374128"
"2015-04-30","SessionConnection.java","65684","100837","166521"
"2015-02-14","SessionConnection.java","53479","68561","122040"
"2015-06-23","SessionConnection.java","77880","157495","235375"
"2015-04-16","SessionConnection.java","61870","91400","153270"
"2015-09-11","SessionConnection.java","127656","225560","353216"
"2015-07-20","SessionConnection.java","86085","167267","253352"
"2015-09-03","SessionConnection.java","123177","217896","341073"
"2015-08-13","SessionConnection.java","90018","179415","269433"
"2015-03-17","SessionConnection.java","55885","73919","129804"
"2015-03-12","SessionConnection.java","54949","72042","126991"
"2015-08-04","SessionConnection.java","89213","178885","268098"
"2014-12-12","SessionConnection.java","242","2656","2898"
"2015-09-23","SessionConnection.java","128386","247932","376318"
"2015-04-30","SessionConnection.java","65818","103385","169203"
"2015-02-14","SessionConnection.java","53666","71162","124828"
"2015-06-23","SessionConnection.java","78012","160041","238053"
"2015-04-16","SessionConnection.java","62026","93970","155996"
"2015-09-11","SessionConnection.java","127542","227860","355402"
"2015-07-20","SessionConnection.java","86198","169794","255992"
"2015-09-03","SessionConnection.java","123064","220197","343261"
"2015-08-13","SessionConnection.java","90132","181943","272075"
"2015-03-17","SessionConnection.java","56055","76503","132558"
"2015-03-12","SessionConnection.java","55120","74627","129747"
"2015-08-04","SessionConnection.java","90901","181217","272118"
"2014-12-12","SessionConnection.java","3149","6207","9356"
"2014-12-10","SessionConnection.java","2943","3587","6530"
"2015-09-23","SessionConnection.java","129760","249950","379710"
"2015-04-30","SessionConnection.java","67546","105757","173303"
"2015-02-14","SessionConnection.java","56397","74537","130934"
"2015-06-23","SessionConnection.java","79740","162413","242153"
"2015-04-16","SessionConnection.java","63770","96358","160128"
"2015-09-11","SessionConnection.java","128959","229921","358880"
"2015-07-20","SessionConnection.java","87891","172131","260022"
"2015-09-03","SessionConnection.java","124544","222321","346865"
"2015-08-13","SessionConnection.java","91811","184266","276077"
"2015-03-17","SessionConnection.java","58397","79489","137886"
"2015-03-12","SessionConnection.java","57462","77613","135075"
"2015-08-04","SessionConnection.java","39303","91408","130711"
"2015-09-23","SessionConnection.java","91005","172984","263989"
"2015-06-23","SessionConnection.java","18659","63121","81780"
"2015-09-11","SessionConnection.java","89764","152515","242279"
"2015-07-20","SessionConnection.java","32060","78089","110149"
"2015-09-03","SessionConnection.java","86402","145968","232370"
"2015-08-13","SessionConnection.java","40801","95045","135846"
"2015-08-04","SessionConnection.java","49466","121642","171108"
"2015-09-23","SessionConnection.java","95719","197769","293488"
"2015-04-30","SessionConnection.java","13537","33608","47145"
"2015-06-23","SessionConnection.java","31211","95744","126955"
"2015-04-16","SessionConnection.java","9322","23770","33092"
"2015-09-11","SessionConnection.java","94804","177626","272430"
"2015-07-20","SessionConnection.java","42699","108799","151498"
"2015-09-03","SessionConnection.java","91826","171463","263289"
"2015-08-13","SessionConnection.java","50729","125044","175773"
"2015-03-17","SessionConnection.java","2779","5731","8510"
"2015-03-12","SessionConnection.java","1812","3823","5635"
"2015-08-04","SessionConnection.java","28744","36387","65131"
"2015-09-23","SessionConnection.java","125176","162693","287869"
"2015-09-11","SessionConnection.java","123745","142034","265779"
"2015-07-20","SessionConnection.java","20646","22213","42859"
"2015-09-03","SessionConnection.java","120346","135450","255796"
"2015-08-13","SessionConnection.java","30333","40115","70448"
"2015-08-04","SessionConnection.java","44329","102057","146386"
"2015-09-23","SessionConnection.java","94323","181925","276248"
"2015-04-30","SessionConnection.java","5948","11571","17519"
"2015-06-23","SessionConnection.java","24384","74469","98853"
"2015-09-11","SessionConnection.java","93261","161635","254896"
"2015-07-20","SessionConnection.java","37191","88843","126034"
"2015-09-03","SessionConnection.java","89908","155097","245005"
"2015-08-13","SessionConnection.java","45774","105641","151415"
"2015-09-23","SessionConnection.java","2969","22197","25166"
"2013-09-09","Query.java","28547","29065","57612"
"2015-06-24","Query.java","83566","379726","463292"
"2015-07-31","Query.java","84059","385261","469320"
"2015-08-27","Query.java","84220","393739","477959"
"2014-11-11","Query.java","82577","289799","372376"
"2015-05-28","Query.java","83580","375832","459412"
"2013-12-06","Query.java","47350","96889","144239"
"2014-02-17","Query.java","60621","136457","197078"
"2014-12-22","Query.java","82703","307090","389793"
"2014-03-20","Query.java","61564","150556","212120"
"2015-07-20","Query.java","83572","378498","462070"
"2014-07-11","Query.java","82121","209497","291618"
"2014-10-01","Query.java","82390","274692","357082"
"2013-09-16","Query.java","30877","41982","72859"
"2015-09-23","Query.java","84547","417220","501767"
"2015-08-26","Query.java","84220","393742","477962"
"2013-09-13","Query.java","29230","37699","66929"
"2014-08-18","Query.java","82347","218596","300943"
"2013-11-25","Query.java","46810","89962","136772"
"2015-03-03","Query.java","82697","314176","396873"
"2014-12-12","Query.java","82600","306204","388804"
"2015-09-24","Query.java","84547","420612","505159"
"2014-12-01","Query.java","82592","293826","376418"
"2014-07-15","Query.java","82121","212666","294787"
"2014-01-26","Query.java","51164","121407","172571"
"2015-07-30","Query.java","84059","384589","468648"
"2015-09-16","Query.java","84372","399677","484049"
"2014-03-01","Query.java","60888","140564","201452"
"2014-01-22","Query.java","50605","120404","171009"
"2014-12-07","Query.java","82592","294528","377120"
"2014-05-12","Query.java","82133","191901","274034"
"2014-08-21","Query.java","82349","222925","305274"
"2014-05-21","Query.java","82134","194345","276479"
"2015-08-04","SessionConnection.java","8785","14861","23646"
"2015-09-23","SessionConnection.java","114008","149958","263966"
"2015-09-11","SessionConnection.java","112274","128996","241270"
"2015-09-03","SessionConnection.java","108828","122365","231193"
"2015-08-13","SessionConnection.java","11470","19685","31155"
"2014-08-20","UnaryEval.java","11011","43900","54911"
"2015-04-06","UnaryEval.java","84891","222523","307414"
"2015-06-24","Query.java","81787","377429","459216"
"2015-07-31","Query.java","82304","382988","465292"
"2015-08-27","Query.java","82487","391488","473975"
"2014-11-11","Query.java","80602","287306","367908"
"2015-05-28","Query.java","81801","373535","455336"
"2013-12-06","Query.java","25851","74872","100723"
"2014-02-17","Query.java","43890","119208","163098"
"2014-12-22","Query.java","80809","304678","385487"
"2014-03-20","Query.java","45940","134414","180354"
"2015-07-20","Query.java","81801","376209","458010"
"2014-07-11","Query.java","80107","206965","287072"
"2014-10-01","Query.java","80407","272191","352598"
"2013-09-16","Query.java","3853","14440","18293"
"2015-09-23","Query.java","82823","414978","497801"
"2015-08-26","Query.java","82487","391491","473978"
"2013-09-13","Query.java","1126","9077","10203"
"2014-08-18","Query.java","80350","216081","296431"
"2013-11-25","Query.java","24748","67382","92130"
"2015-03-03","Query.java","80805","311766","392571"
"2014-12-12","Query.java","80624","303710","384334"
"2015-09-24","Query.java","82823","418370","501193"
"2014-12-01","Query.java","80621","291337","371958"
"2014-07-15","Query.java","80107","210134","290241"
"2014-01-26","Query.java","33436","103161","136597"
"2015-07-30","Query.java","82305","382317","464622"
"2015-09-16","Query.java","82646","397433","480079"
"2014-03-01","Query.java","44816","123974","168790"
"2014-01-22","Query.java","32750","102031","134781"
"2014-12-07","Query.java","80621","292039","372660"
"2014-05-12","Query.java","80108","189358","269466"
"2014-08-21","Query.java","80352","220410","300762"
"2014-05-21","Query.java","80109","191802","271911"
"2015-09-23","SessionConnection.java","9493","31906","41399"
"2015-09-11","SessionConnection.java","6605","9790","16395"
"2015-07-31","Query.java","26777","31819","58596"
"2015-08-27","Query.java","115672","129031","244703"
"2015-07-20","Query.java","16349","15115","31464"
"2015-09-23","Query.java","125009","161522","286531"
"2015-08-26","Query.java","115656","129018","244674"
"2015-09-24","Query.java","125038","164943","289981"
"2015-07-30","Query.java","26550","30920","57470"
"2015-09-16","Query.java","123278","142423","265701"
"2015-04-06","UnaryEval.java","88908","193651","282559"
"2015-08-27","Query.java","99832","108149","207981"
"2015-09-23","Query.java","111800","143271","255071"
"2015-08-26","Query.java","99808","108128","207936"
"2015-09-24","Query.java","111935","146798","258733"
"2015-09-16","Query.java","109751","123854","233605"
"2015-09-23","Query.java","14558","37712","52270"
"2015-09-24","Query.java","14733","41279","56012"
"2015-09-16","Query.java","12115","17901","30016"
"2015-06-24","Query.java","80778","169716","250494"
"2015-07-31","Query.java","90493","184473","274966"
"2015-08-27","Query.java","123370","225667","349037"
"2015-05-28","Query.java","78249","163279","241528"
"2014-12-22","Query.java","39364","56529","95893"
"2015-07-20","Query.java","86231","173935","260166"
"2015-09-23","Query.java","129292","254743","384035"
"2015-08-26","Query.java","123370","225670","349040"
"2015-03-03","Query.java","57836","82093","139929"
"2014-12-12","Query.java","32787","49169","81956"
"2015-09-24","Query.java","129340","258183","387523"
"2014-12-01","Query.java","3971","7983","11954"
"2015-07-30","Query.java","90456","183764","274220"
"2015-09-16","Query.java","128475","236558","365033"
"2014-12-07","Query.java","4088","8802","12890"
"2014-10-25","WindowFunctionEval.java","35808","106404","142212"
"2015-04-29","WindowFunctionEval.java","86946","212600","299546"
"2015-04-06","WindowFunctionEval.java","84216","202510","286726"
"2014-12-30","WindowFunctionEval.java","69654","171066","240720"
"2015-04-29","WindowFunctionEval.java","64929","119987","184916"
"2015-04-06","WindowFunctionEval.java","61497","109195","170692"
"2014-12-30","WindowFunctionEval.java","43464","74280","117744"
"2015-06-24","Query.java","6376","10284","16660"
"2015-07-31","Query.java","30544","39494","70038"
"2015-08-27","Query.java","117283","134550","251833"
"2015-07-20","Query.java","20333","23007","43340"
"2015-09-23","Query.java","126454","166875","293329"
"2015-08-26","Query.java","117267","134537","251804"
"2015-09-24","Query.java","126478","170291","296769"
"2015-07-30","Query.java","30319","38597","68916"
"2015-09-16","Query.java","124941","147994","272935"
"2015-06-24","Query.java","123478","370099","493577"
"2015-07-31","Query.java","124103","375766","499869"
"2015-08-27","Query.java","124376","384356","508732"
"2014-11-11","Query.java","120382","278065","398447"
"2015-05-28","Query.java","123493","366206","489699"
"2014-02-17","Query.java","40616","66913","107529"
"2014-12-22","Query.java","120736","295584","416320"
"2014-03-20","Query.java","50196","89649","139845"
"2015-07-20","Query.java","123568","368955","492523"
"2014-07-11","Query.java","119471","197308","316779"
"2014-10-01","Query.java","120094","262857","382951"
"2015-09-23","Query.java","124723","407857","532580"
"2015-08-26","Query.java","124376","384359","508735"
"2014-08-18","Query.java","120023","206733","326756"
"2015-03-03","Query.java","120760","302700","423460"
"2014-12-12","Query.java","120546","294611","415157"
"2015-09-24","Query.java","124736","411262","535998"
"2014-12-01","Query.java","120534","282229","402763"
"2014-07-15","Query.java","119488","200494","319982"
"2014-01-26","Query.java","20543","41247","61790"
"2015-07-30","Query.java","124105","375096","499201"
"2015-09-16","Query.java","124540","390306","514846"
"2014-03-01","Query.java","48226","78363","126589"
"2014-01-22","Query.java","17973","38233","56206"
"2014-12-07","Query.java","120532","282929","403461"
"2014-05-12","Query.java","119356","179585","298941"
"2014-08-21","Query.java","120025","211062","331087"
"2014-05-21","Query.java","119357","182029","301386"
"2015-04-29","WindowFunctionEval.java","5782","13142","18924"
"2015-06-24","Query.java","140212","360536","500748"
"2015-07-31","Query.java","141007","366373","507380"
"2015-08-27","Query.java","141529","375212","516741"
"2014-11-11","Query.java","121334","252720","374054"
"2015-05-28","Query.java","139824","356240","496064"
"2014-12-22","Query.java","135440","283991","419431"
"2014-03-20","Query.java","12952","26108","39060"
"2015-07-20","Query.java","140321","359411","499732"
"2014-07-11","Query.java","111566","163106","274672"
"2014-10-01","Query.java","112818","229284","342102"
"2015-09-23","Query.java","142021","398858","540879"
"2015-08-26","Query.java","141529","375215","516744"
"2014-08-18","Query.java","112616","173029","285645"
"2015-03-03","Query.java","135735","291378","427113"
"2014-12-12","Query.java","135246","283014","418260"
"2015-09-24","Query.java","142035","402264","544299"
"2014-12-01","Query.java","122947","258345","381292"
"2014-07-15","Query.java","111611","166320","277931"
"2015-07-30","Query.java","141012","365706","506718"
"2015-09-16","Query.java","141731","381200","522931"
"2014-03-01","Query.java","9162","13002","22164"
"2014-12-07","Query.java","122949","259049","381998"
"2014-05-12","Query.java","110981","144913","255894"
"2014-08-21","Query.java","112615","177355","289970"
"2014-05-21","Query.java","111030","147405","258435"
"2015-04-29","WindowFunctionEval.java","32767","57009","89776"
"2015-04-06","WindowFunctionEval.java","28857","45739","74596"
"2015-06-24","Query.java","53442","125215","178657"
"2015-07-31","Query.java","67521","144336","211857"
"2015-08-27","Query.java","104568","189700","294268"
"2015-05-28","Query.java","49376","117241","166617"
"2015-07-20","Query.java","59850","130389","190239"
"2015-09-23","Query.java","111828","220114","331942"
"2015-08-26","Query.java","104568","189703","294271"
"2015-03-03","Query.java","23457","30549","54006"
"2015-09-24","Query.java","111876","223554","335430"
"2015-07-30","Query.java","67483","143626","211109"
"2015-09-16","Query.java","110884","201802","312686"
"2015-04-18","ExprAnnotator.java","133637","314134","447771"
"2014-10-25","ExprAnnotator.java","128255","256576","384831"
"2014-05-22","ExprAnnotator.java","127003","177278","304281"
"2014-07-09","ExprAnnotator.java","127179","184904","312083"
"2014-12-08","ExprAnnotator.java","129730","274286","404016"
"2015-09-23","ExprAnnotator.java","135749","399864","535613"
"2014-08-13","ExprAnnotator.java","127770","195971","323741"
"2015-07-22","ExprAnnotator.java","134808","364207","499015"
"2014-04-30","ExprAnnotator.java","126403","164790","291193"
"2015-09-23","ExprAnnotator.java","135764","400511","536275"
"2015-08-14","ExprAnnotator.java","135186","373834","509020"
"2014-04-08","ExprAnnotator.java","39595","69761","109356"
"2015-08-13","ExprAnnotator.java","135131","372142","507273"
"2014-08-23","ExprAnnotator.java","127846","249019","376865"
"2014-07-22","ExprAnnotator.java","127613","191255","318868"
"2015-07-20","ExprAnnotator.java","134808","363604","498412"
"2014-01-20","ExprAnnotator.java","1043","2261","3304"
"2015-04-29","ExprAnnotator.java","133648","317027","450675"
"2015-02-05","ExprAnnotator.java","130005","292059","422064"
"2015-02-05","ExprAnnotator.java","130005","292059","422064"
"2014-04-24","ExprAnnotator.java","126247","162587","288834"
"2015-06-02","ExprAnnotator.java","133907","358349","492256"
"2015-09-23","ExprAnnotator.java","92109","175727","267836"
"2015-07-22","ExprAnnotator.java","35227","84129","119356"
"2015-09-23","ExprAnnotator.java","92671","176921","269592"
"2015-08-14","ExprAnnotator.java","43180","101331","144511"
"2015-08-13","ExprAnnotator.java","42987","99501","142488"
"2015-07-20","ExprAnnotator.java","34291","82590","116881"
"2015-04-29","ExprAnnotator.java","1668","4550","6218"
"2015-06-02","ExprAnnotator.java","19920","63865","83785"
"2015-06-24","Query.java","147333","354501","501834"
"2015-07-31","Query.java","148680","360890","509570"
"2015-08-27","Query.java","149606","370133","519739"
"2014-11-11","Query.java","126560","244790","371350"
"2015-05-28","Query.java","146889","350149","497038"
"2014-12-22","Query.java","141338","276733","418071"
"2015-07-20","Query.java","147482","353416","500898"
"2014-07-11","Query.java","115221","153605","268826"
"2014-10-01","Query.java","116610","219920","336530"
"2015-09-23","Query.java","150362","394043","544405"
"2015-08-26","Query.java","149606","370136","519742"
"2014-08-18","Query.java","116322","163579","279901"
"2015-03-03","Query.java","141883","284370","426253"
"2014-12-12","Query.java","141143","275755","416898"
"2015-09-24","Query.java","150253","397326","547579"
"2014-12-01","Query.java","128513","250755","379268"
"2014-07-15","Query.java","115277","156830","272107"
"2015-07-30","Query.java","148637","360175","508812"
"2015-09-16","Query.java","150042","376355","526397"
"2014-12-07","Query.java","128515","251459","379974"
"2014-05-12","Query.java","114468","135244","249712"
"2014-08-21","Query.java","116384","167968","284352"
"2014-05-21","Query.java","114525","137744","252269"
"2015-04-18","ExprAnnotator.java","64683","116859","181542"
"2014-12-08","ExprAnnotator.java","11591","27826","39417"
"2015-09-23","ExprAnnotator.java","123717","259511","383228"
"2015-07-22","ExprAnnotator.java","85037","186115","271152"
"2015-09-23","ExprAnnotator.java","123979","260405","384384"
"2015-08-14","ExprAnnotator.java","87981","198308","286289"
"2015-08-13","ExprAnnotator.java","87821","196511","284332"
"2015-07-20","ExprAnnotator.java","84184","184659","268843"
"2015-04-29","ExprAnnotator.java","64929","119987","184916"
"2015-02-05","ExprAnnotator.java","54267","88000","142267"
"2015-02-05","ExprAnnotator.java","54267","88000","142267"
"2015-06-02","ExprAnnotator.java","76027","172148","248175"
"2015-04-18","ExprAnnotator.java","88128","218350","306478"
"2014-10-25","ExprAnnotator.java","38464","116510","154974"
"2014-07-09","ExprAnnotator.java","6335","13785","20120"
"2014-12-08","ExprAnnotator.java","47149","141430","188579"
"2015-09-23","ExprAnnotator.java","129002","342842","471844"
"2014-08-13","ExprAnnotator.java","9210","27136","36346"
"2015-07-22","ExprAnnotator.java","100508","279632","380140"
"2015-09-23","ExprAnnotator.java","129086","343558","472644"
"2015-08-14","ExprAnnotator.java","102730","291103","393833"
"2015-08-13","ExprAnnotator.java","102662","289398","392060"
"2014-08-23","ExprAnnotator.java","9966","80864","90830"
"2014-07-22","ExprAnnotator.java","7922","21289","29211"
"2015-07-20","ExprAnnotator.java","100335","278856","379191"
"2015-04-29","ExprAnnotator.java","88248","221352","309600"
"2015-02-05","ExprAnnotator.java","80235","192014","272249"
"2015-02-05","ExprAnnotator.java","80235","192014","272249"
"2015-06-02","ExprAnnotator.java","94265","268432","362697"
"2015-04-18","ExprAnnotator.java","86802","209574","296376"
"2014-10-25","ExprAnnotator.java","35808","106404","142212"
"2014-12-08","ExprAnnotator.java","44726","131557","176283"
"2015-09-23","ExprAnnotator.java","133385","339775","473160"
"2014-08-13","ExprAnnotator.java","3329","13805","17134"
"2015-07-22","ExprAnnotator.java","101142","272816","373958"
"2015-09-23","ExprAnnotator.java","133471","340493","473964"
"2015-08-14","ExprAnnotator.java","103454","284377","387831"
"2015-08-13","ExprAnnotator.java","103376","282662","386038"
"2014-08-23","ExprAnnotator.java","4127","67575","71702"
"2014-07-22","ExprAnnotator.java","1756","7673","9429"
"2015-07-20","ExprAnnotator.java","100963","272034","372997"
"2015-04-29","ExprAnnotator.java","86946","212600","299546"
"2015-02-05","ExprAnnotator.java","78349","182678","261027"
"2015-02-05","ExprAnnotator.java","78349","182678","261027"
"2015-06-02","ExprAnnotator.java","94426","261143","355569"
"2015-07-31","Query.java","10705","16981","27686"
"2015-08-27","Query.java","106203","120796","226999"
"2015-09-23","Query.java","115773","153520","269293"
"2015-08-26","Query.java","106182","120778","226960"
"2015-09-24","Query.java","115819","156958","272777"
"2015-07-30","Query.java","10367","15971","26338"
"2015-09-16","Query.java","113867","134246","248113"
"2015-04-18","ExprAnnotator.java","66637","102578","169215"
"2015-09-23","ExprAnnotator.java","129759","249318","379077"
"2015-07-22","ExprAnnotator.java","88744","173587","262331"
"2015-09-23","ExprAnnotator.java","130043","250234","380277"
"2015-08-14","ExprAnnotator.java","91974","186066","278040"
"2015-08-13","ExprAnnotator.java","91811","184266","276077"
"2015-07-20","ExprAnnotator.java","87891","172131","260022"
"2015-04-29","ExprAnnotator.java","66932","105755","172687"
"2015-02-05","ExprAnnotator.java","51895","69393","121288"
"2015-02-05","ExprAnnotator.java","51895","69393","121288"
"2015-06-02","ExprAnnotator.java","78530","158416","236946"
"2015-04-18","ExprAnnotator.java","89070","201366","290436"
"2014-10-25","ExprAnnotator.java","34320","94440","128760"
"2014-12-08","ExprAnnotator.java","44029","120384","164413"
"2015-09-23","ExprAnnotator.java","139972","335886","475858"
"2015-07-22","ExprAnnotator.java","105482","266680","372162"
"2015-09-23","ExprAnnotator.java","140067","336613","476680"
"2015-08-14","ExprAnnotator.java","107838","278285","386123"
"2015-08-13","ExprAnnotator.java","107757","276567","384324"
"2014-08-23","ExprAnnotator.java","1082","54054","55136"
"2015-07-20","ExprAnnotator.java","105301","265896","371197"
"2015-04-29","ExprAnnotator.java","89250","204428","293678"
"2015-02-05","ExprAnnotator.java","80387","174240","254627"
"2015-02-05","ExprAnnotator.java","80387","174240","254627"
"2015-06-02","ExprAnnotator.java","98603","254844","353447"
"2015-09-23","ExprAnnotator.java","113376","148092","261468"
"2015-09-23","ExprAnnotator.java","114263","149611","263874"
"2015-08-14","ExprAnnotator.java","10815","20064","30879"
"2015-08-13","ExprAnnotator.java","10549","18161","28710"
"2015-04-18","ExprAnnotator.java","87272","229382","316654"
"2014-10-25","ExprAnnotator.java","39430","129364","168794"
"2014-05-22","ExprAnnotator.java","1884","13772","15656"
"2014-07-09","ExprAnnotator.java","8079","27417","35496"
"2014-12-08","ExprAnnotator.java","47312","153481","200793"
"2015-09-23","ExprAnnotator.java","126074","351802","477876"
"2014-08-13","ExprAnnotator.java","10814","40628","51442"
"2015-07-22","ExprAnnotator.java","99200","290212","389412"
"2015-09-23","ExprAnnotator.java","126138","352498","478636"
"2015-08-14","ExprAnnotator.java","101288","301549","402837"
"2015-08-13","ExprAnnotator.java","101224","299848","401072"
"2014-08-23","ExprAnnotator.java","11525","94311","105836"
"2014-07-22","ExprAnnotator.java","9650","34905","44555"
"2015-07-20","ExprAnnotator.java","99031","289440","388471"
"2015-04-29","ExprAnnotator.java","87391","232383","319774"
"2015-02-05","ExprAnnotator.java","79587","203254","282841"
"2015-02-05","ExprAnnotator.java","79587","203254","282841"
"2015-06-02","ExprAnnotator.java","93131","279186","372317"
"2015-06-24","Query.java","96827","265611","362438"
"2015-07-31","Query.java","103915","277741","381656"
"2015-08-27","Query.java","130037","312180","442217"
"2014-11-11","Query.java","41414","121260","162674"
"2015-05-28","Query.java","94949","259825","354774"
"2014-12-22","Query.java","68266","165277","233543"
"2015-07-20","Query.java","101204","268754","369958"
"2014-10-01","Query.java","5520","70446","75966"
"2015-09-23","Query.java","135039","340336","475375"
"2015-08-26","Query.java","130037","312183","442220"
"2014-08-18","Query.java","3244","12117","15361"
"2015-03-03","Query.java","79145","183248","262393"
"2014-12-12","Query.java","63506","159734","223240"
"2015-09-24","Query.java","135054","343743","478797"
"2014-12-01","Query.java","44391","128249","172640"
"2014-07-15","Query.java","375","3544","3919"
"2015-07-30","Query.java","103877","277031","380908"
"2015-09-16","Query.java","134530","322459","456989"
"2014-12-07","Query.java","44433","128993","173426"
"2014-08-21","Query.java","3608","16808","20416"
"2015-06-24","Query.java","104273","208131","312404"
"2015-07-31","Query.java","112094","220994","333088"
"2015-08-27","Query.java","142650","259867","402517"
"2014-11-11","Query.java","40224","55144","95368"
"2015-05-28","Query.java","101854","201804","303658"
"2014-12-22","Query.java","71455","103540","174995"
"2015-07-20","Query.java","109256","211880","321136"
"2015-09-23","Query.java","147849","288220","436069"
"2015-08-26","Query.java","142650","259870","402520"
"2015-03-03","Query.java","84289","123466","207755"
"2014-12-12","Query.java","65921","97223","163144"
"2015-09-24","Query.java","147864","291627","439491"
"2014-12-01","Query.java","43312","62244","105556"
"2015-07-30","Query.java","112058","220286","332344"
"2015-09-16","Query.java","147204","270207","417411"
"2014-12-07","Query.java","43356","62990","106346"
"2015-06-24","Query.java","92058","377113","469171"
"2015-07-31","Query.java","92575","382672","475247"
"2015-08-27","Query.java","92755","391169","483924"
"2014-11-11","Query.java","90847","286964","377811"
"2015-05-28","Query.java","92072","373219","465291"
"2013-12-06","Query.java","26624","65058","91682"
"2014-02-17","Query.java","48358","113089","161447"
"2014-12-22","Query.java","91070","304352","395422"
"2014-03-20","Query.java","53620","131507","185127"
"2015-07-20","Query.java","92072","375893","467965"
"2014-07-11","Query.java","90186","206457","296643"
"2014-10-01","Query.java","90653","271850","362503"
"2015-09-23","Query.java","93091","414659","507750"
"2015-08-26","Query.java","92755","391172","483927"
"2014-08-18","Query.java","90595","215739","306334"
"2013-11-25","Query.java","25339","57386","82725"
"2015-03-03","Query.java","91066","311440","402506"
"2014-12-12","Query.java","90885","303384","394269"
"2015-09-24","Query.java","93090","418050","511140"
"2014-12-01","Query.java","90881","291010","381891"
"2014-07-15","Query.java","90186","209626","299812"
"2014-01-26","Query.java","35049","94187","129236"
"2015-07-30","Query.java","92576","382001","474577"
"2015-09-16","Query.java","92914","397114","490028"
"2014-03-01","Query.java","52478","121049","173527"
"2014-01-22","Query.java","34327","93021","127348"
"2014-12-07","Query.java","90881","291712","382593"
"2014-05-12","Query.java","90185","188848","279033"
"2014-08-21","Query.java","90597","220068","310665"
"2014-05-21","Query.java","90186","191292","281478"
"2015-09-24","Query.java","224","3616","3840"
"2015-09-23","SessionConnection.java","108767","136502","245269"
"2015-09-11","SessionConnection.java","106702","115209","221911"
"2015-09-03","SessionConnection.java","101425","106747","208172"
"2015-08-27","Query.java","26","23","49"
"2015-09-23","Query.java","14584","37735","52319"
"2015-09-24","Query.java","14759","41302","56061"
"2015-09-16","Query.java","12141","17924","30065"
"2015-08-04","SessionConnection.java","48682","117906","166588"
"2015-09-23","SessionConnection.java","95639","194737","290376"
"2015-04-30","SessionConnection.java","12262","29381","41643"
"2015-06-23","SessionConnection.java","30075","91656","121731"
"2015-04-16","SessionConnection.java","7934","19430","27364"
"2015-09-11","SessionConnection.java","94703","174573","269276"
"2015-07-20","SessionConnection.java","41852","105000","146852"
"2015-09-03","SessionConnection.java","91586","168271","259857"
"2015-08-13","SessionConnection.java","50042","121405","171447"
"2015-06-24","Query.java","89662","377353","467015"
"2015-07-31","Query.java","90179","382912","473091"
"2015-08-27","Query.java","90362","391412","481774"
"2014-11-11","Query.java","88477","287230","375707"
"2015-05-28","Query.java","89676","373459","463135"
"2013-12-06","Query.java","27781","68851","96632"
"2014-02-17","Query.java","48248","115615","163863"
"2014-12-22","Query.java","88684","304602","393286"
"2014-03-20","Query.java","53377","133900","187277"
"2015-07-20","Query.java","89676","376133","465809"
"2014-07-11","Query.java","87980","206887","294867"
"2014-10-01","Query.java","88283","272116","360399"
"2013-09-16","Query.java","2779","5415","8194"
"2015-09-23","Query.java","90698","414902","505600"
"2015-08-26","Query.java","90362","391415","481777"
"2014-08-18","Query.java","88225","216005","304230"
"2013-11-25","Query.java","26639","61322","87961"
"2015-03-03","Query.java","88680","311690","400370"
"2014-12-12","Query.java","88499","303634","392133"
"2015-09-24","Query.java","90698","418294","508992"
"2014-12-01","Query.java","88496","291261","379757"
"2014-07-15","Query.java","87980","210056","298036"
"2014-01-26","Query.java","35504","97278","132782"
"2015-07-30","Query.java","90180","382241","472421"
"2015-09-16","Query.java","90521","397357","487878"
"2014-03-01","Query.java","52250","123457","175707"
"2014-01-22","Query.java","34804","96134","130938"
"2014-12-07","Query.java","88496","291963","380459"
"2014-05-12","Query.java","87979","189278","277257"
"2014-08-21","Query.java","88227","220334","308561"
"2014-05-21","Query.java","87980","191722","279702"
"2015-06-24","Query.java","99625","259536","359161"
"2015-07-31","Query.java","106815","271768","378583"
"2015-08-27","Query.java","135097","308367","443464"
"2014-11-11","Query.java","40711","111684","152395"
"2015-05-28","Query.java","97571","253574","351145"
"2014-12-22","Query.java","69905","158043","227948"
"2015-07-20","Query.java","104062","262739","366801"
"2014-10-01","Query.java","2593","58646","61239"
"2015-09-23","Query.java","140122","336546","476668"
"2015-08-26","Query.java","135097","308370","443467"
"2015-03-03","Query.java","81082","176312","257394"
"2014-12-12","Query.java","64996","152351","217347"
"2015-09-24","Query.java","140137","339953","480090"
"2014-12-01","Query.java","43706","118691","162397"
"2015-07-30","Query.java","106778","271059","377837"
"2015-09-16","Query.java","139609","318665","458274"
"2014-12-07","Query.java","43750","119437","163187"
"2014-08-21","Query.java","472","4799","5271"
"2015-06-24","Query.java","117293","370301","487594"
"2015-07-31","Query.java","117912","375962","493874"
"2015-08-27","Query.java","118177","384544","502721"
"2014-11-11","Query.java","114279","278349","392628"
"2015-05-28","Query.java","117306","366406","483712"
"2013-12-06","Query.java","2425","8812","11237"
"2014-02-17","Query.java","39993","72677","112670"
"2014-12-22","Query.java","114560","295795","410355"
"2014-03-20","Query.java","48497","94337","142834"
"2015-07-20","Query.java","117382","369156","486538"
"2014-07-11","Query.java","113408","197632","311040"
"2014-10-01","Query.java","113994","263144","377138"
"2015-09-23","Query.java","118534","408055","526589"
"2015-08-26","Query.java","118177","384547","502724"
"2014-08-18","Query.java","113923","207020","320943"
"2015-03-03","Query.java","114584","302911","417495"
"2014-12-12","Query.java","114370","294822","409192"
"2015-09-24","Query.java","118548","411461","530009"
"2014-12-01","Query.java","114356","282438","396794"
"2014-07-15","Query.java","113425","200818","314243"
"2014-01-26","Query.java","20782","47873","68655"
"2015-07-30","Query.java","117914","375292","493206"
"2015-09-16","Query.java","118341","390494","508835"
"2014-03-01","Query.java","46806","83330","130136"
"2014-01-22","Query.java","18871","45518","64389"
"2014-12-07","Query.java","114356","283140","397496"
"2014-05-12","Query.java","113336","179952","293288"
"2014-08-21","Query.java","113925","211349","325274"
"2014-05-21","Query.java","113337","182396","295733"
"2015-06-24","Query.java","31954","96635","128589"
"2015-07-31","Query.java","48796","118519","167315"
"2015-08-27","Query.java","88354","166394","254748"
"2015-05-28","Query.java","27602","88375","115977"
"2015-07-20","Query.java","40420","103867","144287"
"2015-09-23","Query.java","96372","197566","293938"
"2015-08-26","Query.java","88338","166381","254719"
"2015-09-24","Query.java","96398","200984","297382"
"2015-07-30","Query.java","48749","117800","166549"
"2015-09-16","Query.java","95215","179041","274256"
"2015-08-04","SessionConnection.java","49134","119299","168433"
"2015-09-23","SessionConnection.java","95795","195834","291629"
"2015-04-30","SessionConnection.java","12873","30933","43806"
"2015-06-23","SessionConnection.java","30574","93096","123670"
"2015-04-16","SessionConnection.java","8570","21007","29577"
"2015-09-11","SessionConnection.java","94866","175677","270543"
"2015-07-20","SessionConnection.java","42339","106428","148767"
"2015-09-03","SessionConnection.java","91749","169375","261124"
"2015-08-13","SessionConnection.java","50490","122794","173284"
"2015-03-17","SessionConnection.java","1053","1994","3047"
"2015-06-24","Query.java","56224","128780","185004"
"2015-07-31","Query.java","70006","147604","217610"
"2015-08-27","Query.java","106697","192612","299309"
"2015-05-28","Query.java","52306","120954","173260"
"2014-12-22","Query.java","6883","7666","14549"
"2015-07-20","Query.java","62429","133751","196180"
"2015-09-23","Query.java","113925","222994","336919"
"2015-08-26","Query.java","106697","192615","299312"
"2015-03-03","Query.java","26759","34634","61393"
"2015-09-24","Query.java","113974","226435","340409"
"2015-07-30","Query.java","69968","146894","216862"
"2015-09-16","Query.java","112995","204696","317691"
"2015-09-23","ExprAnnotator.java","108801","134268","243069"
"2015-09-23","ExprAnnotator.java","109719","135818","245537"
"2015-01-28","TajoClientImpl.java","52701","84244","136945"
"2015-02-14","TajoClientImpl.java","53490","87036","140526"
"2015-09-14","TajoClientImpl.java","122423","239555","361978"
"2014-11-11","TajoClientImpl.java","5813","15959","21772"
"2015-04-05","TajoClientImpl.java","60175","102165","162340"
"2015-08-13","TajoClientImpl.java","87176","195037","282213"
"2015-09-25","TajoClientImpl.java","123438","262596","386034"
"2015-09-24","TajoClientImpl.java","123427","262416","385843"
"2015-09-11","TajoClientImpl.java","122322","238403","360725"
"2015-07-30","TajoClientImpl.java","85925","189379","275304"
"2015-04-18","ExprAnnotator.java","153894","304225","458119"
"2014-10-25","ExprAnnotator.java","127640","225795","353435"
"2014-05-22","ExprAnnotator.java","118992","139101","258093"
"2014-07-09","ExprAnnotator.java","119416","146975","266391"
"2014-12-08","ExprAnnotator.java","132948","247338","380286"
"2015-09-23","ExprAnnotator.java","157794","391743","549537"
"2014-08-13","ExprAnnotator.java","120564","158599","279163"
"2015-07-22","ExprAnnotator.java","155837","355070","510907"
"2014-04-30","ExprAnnotator.java","118162","126383","244545"
"2015-09-23","ExprAnnotator.java","157813","392394","550207"
"2015-08-14","ExprAnnotator.java","156733","365215","521948"
"2015-08-13","ExprAnnotator.java","156676","363521","520197"
"2014-08-23","ExprAnnotator.java","120739","211746","332485"
"2014-07-22","ExprAnnotator.java","120332","153808","274140"
"2015-07-20","ExprAnnotator.java","155837","354467","510304"
"2015-04-29","ExprAnnotator.java","153912","307125","461037"
"2015-02-05","ExprAnnotator.java","148715","280603","429318"
"2015-02-05","ExprAnnotator.java","148715","280603","429318"
"2014-04-24","ExprAnnotator.java","117966","124140","242106"
"2015-06-02","ExprAnnotator.java","154335","348611","502946"
"2015-02-14","TajoClientImpl.java","4995","6998","11993"
"2015-09-14","TajoClientImpl.java","98378","183967","282345"
"2015-04-05","TajoClientImpl.java","13547","23994","37541"
"2015-08-13","TajoClientImpl.java","55173","131491","186664"
"2015-09-25","TajoClientImpl.java","99717","207332","307049"
"2015-09-24","TajoClientImpl.java","99678","207124","306802"
"2015-09-11","TajoClientImpl.java","98212","182750","280962"
"2015-07-30","TajoClientImpl.java","53405","125316","178721"
"2015-09-14","TajoClientImpl.java","94956","178542","273498"
"2015-04-05","TajoClientImpl.java","8629","17073","25702"
"2015-08-13","TajoClientImpl.java","50729","125044","175773"
"2015-09-25","TajoClientImpl.java","96327","201939","298266"
"2015-09-24","TajoClientImpl.java","96287","201730","298017"
"2015-09-11","TajoClientImpl.java","94782","177317","272099"
"2015-07-30","TajoClientImpl.java","48894","118802","167696"
"2015-09-23","ExprAnnotator.java","108432","135536","243968"
"2015-09-23","ExprAnnotator.java","109350","137086","246436"
"2015-08-14","ExprAnnotator.java","274","1911","2185"
"2015-09-25","TajoClientImpl.java","3285","25311","28596"
"2015-09-24","TajoClientImpl.java","3167","25024","28191"
"2015-04-18","ExprAnnotator.java","92601","151925","244526"
"2014-10-25","ExprAnnotator.java","34831","41979","76810"
"2014-12-08","ExprAnnotator.java","45069","68452","113521"
"2015-09-23","ExprAnnotator.java","145751","288693","434444"
"2015-07-22","ExprAnnotator.java","109298","217524","326822"
"2015-09-23","ExprAnnotator.java","145946","289520","435466"
"2015-08-14","ExprAnnotator.java","111729","229204","340933"
"2015-08-13","ExprAnnotator.java","111648","227486","339134"
"2015-07-20","ExprAnnotator.java","109100","216723","325823"
"2015-04-29","ExprAnnotator.java","92787","154993","247780"
"2015-02-05","ExprAnnotator.java","83677","124558","208235"
"2015-02-05","ExprAnnotator.java","83677","124558","208235"
"2015-06-02","ExprAnnotator.java","102294","205563","307857"
"2015-06-24","Query.java","79812","164738","244550"
"2015-07-31","Query.java","90260","180228","270488"
"2015-08-27","Query.java","123440","221725","345165"
"2015-05-28","Query.java","77194","158212","235406"
"2014-12-22","Query.java","37472","50625","88097"
"2015-07-20","Query.java","85921","169613","255534"
"2015-09-23","Query.java","129392","250831","380223"
"2015-08-26","Query.java","123440","221728","345168"
"2015-03-03","Query.java","56655","76900","133555"
"2014-12-12","Query.java","30851","43221","74072"
"2015-09-24","Query.java","129441","254272","383713"
"2015-07-30","Query.java","90223","179519","269742"
"2015-09-16","Query.java","128555","232626","361181"
"2014-12-07","Query.java","133","835","968"
"2015-06-24","Query.java","98988","264603","363591"
"2015-07-31","Query.java","106110","276767","382877"
"2015-08-27","Query.java","132955","311929","444884"
"2014-11-11","Query.java","41233","117910","159143"
"2015-05-28","Query.java","97083","258790","355873"
"2014-12-22","Query.java","70052","163894","233946"
"2015-07-20","Query.java","103394","267775","371169"
"2014-10-01","Query.java","5318","67075","72393"
"2015-09-23","Query.java","137958","340086","478044"
"2015-08-26","Query.java","132955","311932","444887"
"2014-08-18","Query.java","2921","8625","11546"
"2015-03-03","Query.java","80987","181921","262908"
"2014-12-12","Query.java","65261","158320","223581"
"2015-09-24","Query.java","137973","343493","481466"
"2014-12-01","Query.java","44217","124906","169123"
"2015-07-30","Query.java","106073","276058","382131"
"2015-09-16","Query.java","137448","322208","459656"
"2014-12-07","Query.java","44259","125650","169909"
"2014-08-21","Query.java","3348","13379","16727"
"2015-06-24","Query.java","135540","361457","496997"
"2015-07-31","Query.java","136297","367256","503553"
"2015-08-27","Query.java","136824","376100","512924"
"2014-11-11","Query.java","130691","267670","398361"
"2015-05-28","Query.java","135166","357175","492341"
"2014-02-17","Query.java","22435","28028","50463"
"2014-12-22","Query.java","131098","285242","416340"
"2014-03-20","Query.java","34723","53472","88195"
"2015-07-20","Query.java","135647","360330","495977"
"2014-07-11","Query.java","127675","184808","312483"
"2014-10-01","Query.java","128440","250499","378939"
"2015-09-23","Query.java","137263","399693","536956"
"2015-08-26","Query.java","136824","376103","512927"
"2014-08-18","Query.java","128302","194308","322610"
"2015-03-03","Query.java","131366","292602","423968"
"2014-12-12","Query.java","130904","284265","415169"
"2015-09-24","Query.java","137277","403099","540376"
"2014-12-01","Query.java","130880","271871","402751"
"2014-07-15","Query.java","127717","188019","315736"
"2015-07-30","Query.java","136302","366589","502891"
"2015-09-16","Query.java","137024","382086","519110"
"2014-03-01","Query.java","31331","40764","72095"
"2014-12-07","Query.java","130882","272575","403457"
"2014-05-12","Query.java","127162","166687","293849"
"2014-08-21","Query.java","128300","198633","326933"
"2014-05-21","Query.java","127204","169172","296376"
"2015-07-31","Query.java","340","1012","1352"
"2015-08-27","Query.java","99806","108795","208601"
"2015-09-23","Query.java","111715","143858","255573"
"2015-08-26","Query.java","99784","108776","208560"
"2015-09-24","Query.java","111830","147365","259195"
"2015-09-16","Query.java","109666","124441","234107"
"2015-09-23","Query.java","2648","20016","22664"
"2015-09-24","Query.java","2838","23598","26436"
"2015-04-18","ExprAnnotator.java","88688","205543","294231"
"2014-10-25","ExprAnnotator.java","35159","99838","134997"
"2014-12-08","ExprAnnotator.java","44125","125039","169164"
"2015-09-23","ExprAnnotator.java","137762","338235","475997"
"2014-08-13","ExprAnnotator.java","1732","6291","8023"
"2015-07-22","ExprAnnotator.java","104663","270420","375083"
"2015-09-23","ExprAnnotator.java","137855","338960","476815"
"2015-08-14","ExprAnnotator.java","106988","281994","388982"
"2015-08-13","ExprAnnotator.java","106910","280279","387189"
"2014-08-23","ExprAnnotator.java","2670","60201","62871"
"2015-07-20","ExprAnnotator.java","104484","269638","374122"
"2015-04-29","ExprAnnotator.java","88864","208601","297465"
"2015-02-05","ExprAnnotator.java","80067","178479","258546"
"2015-02-05","ExprAnnotator.java","80067","178479","258546"
"2015-06-02","ExprAnnotator.java","97877","258677","356554"
"2015-01-28","TajoClientImpl.java","52878","74275","127153"
"2015-02-14","TajoClientImpl.java","57549","80949","138498"
"2015-09-14","TajoClientImpl.java","128333","235319","363652"
"2015-04-05","TajoClientImpl.java","64334","96178","160512"
"2015-08-13","TajoClientImpl.java","91721","189436","281157"
"2015-09-25","TajoClientImpl.java","129350","258362","387712"
"2015-09-24","TajoClientImpl.java","129340","258183","387523"
"2015-09-11","TajoClientImpl.java","128232","234167","362399"
"2015-07-30","TajoClientImpl.java","90456","183764","274220"
"2015-09-14","TajoClientImpl.java","92093","167235","259328"
"2015-08-13","TajoClientImpl.java","45758","111629","157387"
"2015-09-25","TajoClientImpl.java","93456","190624","284080"
"2015-09-24","TajoClientImpl.java","93416","190415","283831"
"2015-09-11","TajoClientImpl.java","91733","165824","257557"
"2015-07-30","TajoClientImpl.java","43607","105071","148678"
"2015-09-14","TajoClientImpl.java","106912","116183","223095"
"2015-09-25","TajoClientImpl.java","109611","140908","250519"
"2015-09-24","TajoClientImpl.java","109517","140645","250162"
"2015-09-11","TajoClientImpl.java","106442","114662","221104"
"2015-06-24","Query.java","143293","359777","503070"
"2015-07-31","Query.java","144153","365679","509832"
"2015-08-27","Query.java","144754","374597","519351"
"2014-11-11","Query.java","123948","251494","375442"
"2015-05-28","Query.java","142891","355467","498358"
"2014-12-22","Query.java","138351","283062","421413"
"2014-03-20","Query.java","4805","14121","18926"
"2015-07-20","Query.java","143410","358660","502070"
"2014-07-11","Query.java","114110","161810","275920"
"2014-10-01","Query.java","115372","227998","343370"
"2015-09-23","Query.java","145259","398256","543515"
"2015-08-26","Query.java","144754","374600","519354"
"2014-08-18","Query.java","115164","171737","286901"
"2015-03-03","Query.java","138616","290419","429035"
"2014-12-12","Query.java","138158","282086","420244"
"2015-09-24","Query.java","145272","401661","546933"
"2014-12-01","Query.java","125671","257229","382900"
"2014-07-15","Query.java","114156","165025","279181"
"2015-07-30","Query.java","144154","365008","509162"
"2015-09-16","Query.java","144974","380603","525577"
"2014-12-07","Query.java","125673","257933","383606"
"2014-05-12","Query.java","113432","143524","256956"
"2014-08-21","Query.java","115163","176063","291226"
"2014-05-21","Query.java","113481","146016","259497"
"2015-06-24","Query.java","135755","362116","497871"
"2015-07-31","Query.java","136457","367860","504317"
"2015-08-27","Query.java","136948","376668","513616"
"2014-11-11","Query.java","131075","268498","399573"
"2015-05-28","Query.java","135374","357827","493201"
"2014-02-17","Query.java","25708","31745","57453"
"2014-12-22","Query.java","131462","286050","417512"
"2014-03-20","Query.java","37186","56379","93565"
"2015-07-20","Query.java","135856","360983","496839"
"2014-07-11","Query.java","128079","185656","313735"
"2014-10-01","Query.java","128844","251347","380191"
"2015-09-23","Query.java","137327","400201","537528"
"2015-08-26","Query.java","136948","376671","513619"
"2014-08-18","Query.java","128706","195156","323862"
"2015-03-03","Query.java","131712","293392","425104"
"2014-12-12","Query.java","131268","285073","416341"
"2015-09-24","Query.java","137338","403604","540942"
"2014-12-01","Query.java","131245","272680","403925"
"2014-07-15","Query.java","128121","188867","316988"
"2014-01-26","Query.java","3433","3877","7310"
"2015-07-30","Query.java","136459","367190","503649"
"2015-09-16","Query.java","137113","382619","519732"
"2014-03-01","Query.java","34190","44067","78257"
"2014-12-07","Query.java","131246","273383","404629"
"2014-05-12","Query.java","127623","167592","295215"
"2014-08-21","Query.java","128704","199481","328185"
"2014-05-21","Query.java","127665","170077","297742"
"2015-09-23","ExprAnnotator.java","113703","149022","262725"
"2015-07-22","ExprAnnotator.java","1011","1614","2625"
"2015-09-23","ExprAnnotator.java","114590","150541","265131"
"2015-08-14","ExprAnnotator.java","11729","21581","33310"
"2015-08-13","ExprAnnotator.java","11470","19685","31155"
"2015-09-25","TajoClientImpl.java","130","299","429"
"2015-04-18","ExprAnnotator.java","134545","313824","448369"
"2014-10-25","ExprAnnotator.java","129162","256265","385427"
"2014-05-22","ExprAnnotator.java","127866","176923","304789"
"2014-07-09","ExprAnnotator.java","128047","184554","312601"
"2014-12-08","ExprAnnotator.java","130637","273975","404612"
"2015-09-23","ExprAnnotator.java","136664","399561","536225"
"2014-08-13","ExprAnnotator.java","128638","195621","324259"
"2015-07-22","ExprAnnotator.java","135718","363899","499617"
"2014-04-30","ExprAnnotator.java","127266","164435","291701"
"2015-09-23","ExprAnnotator.java","136679","400208","536887"
"2015-08-14","ExprAnnotator.java","136098","373528","509626"
"2014-04-08","ExprAnnotator.java","38750","67698","106448"
"2015-08-13","ExprAnnotator.java","136043","371836","507879"
"2014-08-23","ExprAnnotator.java","128714","248669","377383"
"2014-07-22","ExprAnnotator.java","128481","190905","319386"
"2015-07-20","ExprAnnotator.java","135718","363296","499014"
"2015-04-29","ExprAnnotator.java","134556","316717","451273"
"2015-02-05","ExprAnnotator.java","130912","291748","422660"
"2015-02-05","ExprAnnotator.java","130912","291748","422660"
"2014-04-24","ExprAnnotator.java","127110","162232","289342"
"2015-06-02","ExprAnnotator.java","134817","358041","492858"
"2015-09-14","TajoClientImpl.java","1057","2108","3165"
"2015-09-25","TajoClientImpl.java","4308","27385","31693"
"2015-09-24","TajoClientImpl.java","4190","27098","31288"
"2015-09-23","ExprAnnotator.java","91522","172258","263780"
"2015-07-22","ExprAnnotator.java","33776","79796","113572"
"2015-09-23","ExprAnnotator.java","92262","173630","265892"
"2015-08-14","ExprAnnotator.java","41776","97045","138821"
"2015-08-13","ExprAnnotator.java","41583","95215","136798"
"2015-07-20","ExprAnnotator.java","32840","78257","111097"
"2015-06-02","ExprAnnotator.java","18369","59432","77801"
"2015-09-14","TajoClientImpl.java","109425","123103","232528"
"2015-08-13","TajoClientImpl.java","4268","8675","12943"
"2015-09-25","TajoClientImpl.java","111916","147620","259536"
"2015-09-24","TajoClientImpl.java","111830","147365","259195"
"2015-09-11","TajoClientImpl.java","108963","121590","230553"
"2015-06-24","Query.java","80086","164310","244396"
"2015-07-31","Query.java","90585","179851","270436"
"2015-08-27","Query.java","123903","221486","345389"
"2015-05-28","Query.java","77456","157772","235228"
"2014-12-22","Query.java","37639","50090","87729"
"2015-07-20","Query.java","86222","169212","255434"
"2015-09-23","Query.java","129871","250608","380479"
"2015-08-26","Query.java","123903","221489","345392"
"2015-03-03","Query.java","56868","76411","133279"
"2014-12-12","Query.java","31012","42680","73692"
"2015-09-24","Query.java","129920","254049","383969"
"2015-07-30","Query.java","90550","179144","269694"
"2015-09-16","Query.java","129034","232403","361437"
"2015-08-13","TajoClientUtil.java","87176","195037","282213"
"2015-06-23","TajoClientUtil.java","76294","174373","250667"
"2015-02-14","TajoClientUtil.java","53490","87036","140526"
"2014-12-12","TajoClientUtil.java","12993","31457","44450"
"2014-12-08","TajoClientUtil.java","10010","25416","35426"
"2015-07-24","TajoClientUtil.java","85246","185994","271240"
"2015-06-24","Query.java","94379","280771","375150"
"2015-07-31","Query.java","100768","292202","392970"
"2015-08-27","Query.java","123338","323089","446427"
"2014-11-11","Query.java","44421","141875","186296"
"2015-05-28","Query.java","92822","275306","368128"
"2014-12-22","Query.java","70491","185110","255601"
"2015-07-20","Query.java","98203","283361","381564"
"2014-07-11","Query.java","7589","25197","32786"
"2014-10-01","Query.java","12392","94926","107318"
"2015-09-23","Query.java","127840","350745","478585"
"2015-08-26","Query.java","123338","323092","446430"
"2014-08-18","Query.java","10299","36780","47079"
"2015-03-03","Query.java","80370","202081","282451"
"2014-12-12","Query.java","65956","179792","245748"
"2015-09-24","Query.java","127855","354152","482007"
"2014-12-01","Query.java","47271","148737","196008"
"2014-07-15","Query.java","7837","28614","36451"
"2015-07-30","Query.java","100731","291493","392224"
"2015-09-16","Query.java","127379","332916","460295"
"2014-12-07","Query.java","47288","149456","196744"
"2014-08-21","Query.java","10606","41414","52020"
"2014-05-21","Query.java","221","2664","2885"
"2015-08-13","TajoClientUtil.java","30333","40115","70448"
"2015-07-24","TajoClientUtil.java","25148","27817","52965"
"2015-08-13","TajoClientUtil.java","50729","125044","175773"
"2015-06-23","TajoClientUtil.java","31211","95744","126955"
"2015-07-24","TajoClientUtil.java","46226","113428","159654"
"2015-08-13","TajoClientUtil.java","90018","179415","269433"
"2015-06-23","TajoClientUtil.java","77880","157495","235375"
"2015-02-14","TajoClientUtil.java","53479","68561","122040"
"2015-07-24","TajoClientUtil.java","87862","170146","258008"
"2015-08-13","TajoClientUtil.java","91811","184266","276077"
"2015-06-23","TajoClientUtil.java","79740","162413","242153"
"2015-02-14","TajoClientUtil.java","56397","74537","130934"
"2014-12-12","TajoClientUtil.java","3149","6207","9356"
"2015-07-24","TajoClientUtil.java","89652","174994","264646"
"2015-04-18","ExprAnnotator.java","16966","35409","52375"
"2015-09-23","ExprAnnotator.java","99490","201551","301041"
"2015-07-22","ExprAnnotator.java","47947","115292","163239"
"2015-09-23","ExprAnnotator.java","100026","202719","302745"
"2015-08-14","ExprAnnotator.java","55145","131739","186884"
"2015-08-13","ExprAnnotator.java","54973","129930","184903"
"2015-07-20","ExprAnnotator.java","47031","113773","160804"
"2015-04-29","ExprAnnotator.java","17375","38700","56075"
"2015-06-02","ExprAnnotator.java","34400","96788","131188"
"2015-04-18","ExprAnnotator.java","16966","35409","52375"
"2015-09-23","ExprAnnotator.java","99490","201551","301041"
"2015-07-22","ExprAnnotator.java","47947","115292","163239"
"2015-09-23","ExprAnnotator.java","100026","202719","302745"
"2015-08-14","ExprAnnotator.java","55145","131739","186884"
"2015-08-13","ExprAnnotator.java","54973","129930","184903"
"2015-07-20","ExprAnnotator.java","47031","113773","160804"
"2015-04-29","ExprAnnotator.java","17375","38700","56075"
"2015-06-02","ExprAnnotator.java","34400","96788","131188"
"2015-08-13","TajoClientUtil.java","6972","14085","21057"
"2015-06-24","Query.java","102934","258518","361452"
"2015-07-31","Query.java","110183","270809","380992"
"2015-08-27","Query.java","138948","307891","446839"
"2014-11-11","Query.java","41872","108518","150390"
"2015-05-28","Query.java","100900","252576","353476"
"2014-12-22","Query.java","72107","155918","228025"
"2015-07-20","Query.java","107417","261767","369184"
"2014-10-01","Query.java","2297","54023","56320"
"2015-09-23","Query.java","143976","336073","480049"
"2015-08-26","Query.java","138948","307894","446842"
"2015-03-03","Query.java","84308","175211","259519"
"2014-12-12","Query.java","66670","149698","216368"
"2015-09-24","Query.java","143991","339480","483471"
"2014-12-01","Query.java","44900","115558","160458"
"2015-07-30","Query.java","110148","270102","380250"
"2015-09-16","Query.java","143461","318190","461651"
"2014-12-07","Query.java","44944","116304","161248"
"2015-08-13","LegacyClientDelegate.java","3446","5585","9031"
"2015-09-23","LegacyClientDelegate.java","111189","141063","252252"
"2015-09-10","LegacyClientDelegate.java","108429","118123","226552"
"2015-09-23","LegacyClientDelegate.java","108767","136502","245269"
"2015-09-10","LegacyClientDelegate.java","105900","113455","219355"
"2015-09-23","LegacyClientDelegate.java","3873","24053","27926"
"2015-06-24","Query.java","95285","279234","374519"
"2015-07-31","Query.java","101896","290887","392783"
"2015-08-27","Query.java","124645","321953","446598"
"2014-11-11","Query.java","44704","139715","184419"
"2015-05-28","Query.java","93719","273760","367479"
"2014-12-22","Query.java","70824","183000","253824"
"2015-07-20","Query.java","99249","281964","381213"
"2014-07-11","Query.java","7385","22550","29935"
"2014-10-01","Query.java","12236","92327","104563"
"2015-09-23","Query.java","129163","349625","478788"
"2015-08-26","Query.java","124645","321956","446601"
"2014-08-18","Query.java","10110","34148","44258"
"2015-03-03","Query.java","81216","200484","281700"
"2014-12-12","Query.java","66259","177652","243911"
"2015-09-24","Query.java","129178","353032","482210"
"2014-12-01","Query.java","47573","146596","194169"
"2014-07-15","Query.java","7639","25973","33612"
"2015-07-30","Query.java","101859","290178","392037"
"2015-09-16","Query.java","128686","331780","460466"
"2014-12-07","Query.java","47590","147315","194905"
"2014-08-21","Query.java","10417","38782","49199"
"2015-04-18","ExprAnnotator.java","86765","230922","317687"
"2014-10-25","ExprAnnotator.java","39294","131275","170569"
"2014-05-22","ExprAnnotator.java","2925","16860","19785"
"2014-07-09","ExprAnnotator.java","9059","30444","39503"
"2014-12-08","ExprAnnotator.java","46990","155206","202196"
"2015-09-23","ExprAnnotator.java","124511","352286","476797"
"2014-08-13","ExprAnnotator.java","11740","43601","55341"
"2015-07-22","ExprAnnotator.java","98663","291722","390385"
"2014-04-30","ExprAnnotator.java","1076","3123","4199"
"2015-09-23","ExprAnnotator.java","124573","352980","477553"
"2015-08-14","ExprAnnotator.java","100726","303034","403760"
"2015-08-13","ExprAnnotator.java","100662","301333","401995"
"2014-08-23","ExprAnnotator.java","12364","97197","109561"
"2014-07-22","ExprAnnotator.java","10624","37926","48550"
"2015-07-20","ExprAnnotator.java","98494","290950","389444"
"2015-04-29","ExprAnnotator.java","86884","233923","320807"
"2015-02-05","ExprAnnotator.java","79094","204808","283902"
"2015-02-05","ExprAnnotator.java","79094","204808","283902"
"2015-06-02","ExprAnnotator.java","92613","280715","373328"
"2014-02-17","QueryJobEvent.java","44942","121473","166415"
"2015-09-23","ExprAnnotator.java","123974","163647","287621"
"2015-07-22","ExprAnnotator.java","21810","26767","48577"
"2015-09-23","ExprAnnotator.java","124766","165071","289837"
"2015-08-14","ExprAnnotator.java","30670","44876","75546"
"2015-08-13","ExprAnnotator.java","30474","43043","73517"
"2015-07-20","ExprAnnotator.java","20848","25202","46050"
"2015-07-20","QueryMaster.java","77205","376994","454199"
"2015-01-08","QueryMaster.java","76289","310778","387067"
"2015-01-28","QueryMaster.java","76295","309777","386072"
"2014-08-18","QueryMaster.java","75925","217037","292962"
"2013-10-21","QueryMaster.java","25033","66905","91938"
"2015-09-03","QueryMaster.java","77973","391937","469910"
"2013-08-26","QueryMaster.java","5944","10112","16056"
"2013-10-28","QueryMaster.java","27281","70009","97290"
"2013-12-06","QueryMaster.java","30873","85133","116006"
"2013-09-29","QueryMaster.java","14646","31774","46420"
"2013-09-13","QueryMaster.java","9832","23164","32996"
"2013-09-09","QueryMaster.java","8995","14376","23371"
"2015-07-24","QueryMaster.java","77627","380284","457911"
"2014-11-11","QueryMaster.java","76167","288252","364419"
"2015-03-06","QueryMaster.java","76371","313263","389634"
"2013-10-13","QueryMaster.java","17979","60628","78607"
"2015-01-05","QueryMaster.java","76288","310801","387089"
"2015-08-25","QueryMaster.java","77873","392210","470083"
"2014-04-08","QueryMaster.java","49175","152096","201271"
"2014-08-19","QueryMaster.java","75926","218950","294876"
"2014-08-22","QueryMaster.java","75928","222698","298626"
"2015-09-03","QueryMaster.java","107059","121234","228293"
"2015-07-24","QueryMaster.java","7383","10251","17634"
"2015-08-25","QueryMaster.java","106178","120726","226904"
"2015-07-20","QueryMaster.java","58096","123396","181492"
"2015-01-28","QueryMaster.java","15597","14590","30187"
"2015-09-03","QueryMaster.java","104202","183677","287879"
"2015-07-24","QueryMaster.java","63435","131603","195038"
"2015-03-06","QueryMaster.java","22115","24518","46633"
"2015-08-25","QueryMaster.java","103594","183442","287036"
"2015-07-20","QueryMaster.java","45166","111473","156639"
"2015-09-03","QueryMaster.java","92615","173097","265712"
"2015-07-24","QueryMaster.java","50686","119861","170547"
"2015-03-06","QueryMaster.java","6698","10108","16806"
"2015-08-25","QueryMaster.java","91928","172783","264711"
"2015-07-20","QueryMaster.java","104062","262739","366801"
"2015-01-08","QueryMaster.java","72019","165396","237415"
"2015-01-28","QueryMaster.java","80275","172645","252920"
"2015-09-03","QueryMaster.java","135519","308371","443890"
"2015-07-24","QueryMaster.java","106168","267713","373881"
"2014-11-11","QueryMaster.java","40711","111684","152395"
"2015-03-06","QueryMaster.java","81620","177400","259020"
"2015-01-05","QueryMaster.java","71671","165072","236743"
"2015-08-25","QueryMaster.java","135097","308322","443419"
"2014-08-19","QueryMaster.java","116","2028","2144"
"2014-08-22","QueryMaster.java","712","6370","7082"
"2015-07-20","QueryMaster.java","113959","371876","485835"
"2015-01-08","QueryMaster.java","111963","304580","416543"
"2015-01-28","QueryMaster.java","111977","303587","415564"
"2014-08-18","QueryMaster.java","111378","210618","321996"
"2015-09-03","QueryMaster.java","114868","386960","501828"
"2013-10-28","QueryMaster.java","3690","4546","8236"
"2013-12-06","QueryMaster.java","11799","24187","35986"
"2015-07-24","QueryMaster.java","114444","375229","489673"
"2014-11-11","QueryMaster.java","111701","281914","393615"
"2015-03-06","QueryMaster.java","112242","307262","419504"
"2015-01-05","QueryMaster.java","111959","304600","416559"
"2015-08-25","QueryMaster.java","114778","387243","502021"
"2014-04-08","QueryMaster.java","49323","110372","159695"
"2014-08-19","QueryMaster.java","111379","212531","323910"
"2014-08-22","QueryMaster.java","111380","216278","327658"
"2015-07-20","QueryMaster.java","80948","376569","457517"
"2015-01-08","QueryMaster.java","79969","310290","390259"
"2015-01-28","QueryMaster.java","79976","309290","389266"
"2014-08-18","QueryMaster.java","79511","216455","295966"
"2013-10-21","QueryMaster.java","21282","58986","80268"
"2015-09-03","QueryMaster.java","81727","391523","473250"
"2013-10-28","QueryMaster.java","23945","62505","86450"
"2013-12-06","QueryMaster.java","27925","78017","105942"
"2013-09-29","QueryMaster.java","10545","23505","34050"
"2013-09-13","QueryMaster.java","4776","13940","18716"
"2013-09-09","QueryMaster.java","3748","4961","8709"
"2015-07-24","QueryMaster.java","81370","379859","461229"
"2014-11-11","QueryMaster.java","79761","287678","367439"
"2015-03-06","QueryMaster.java","80051","312775","392826"
"2013-10-13","QueryMaster.java","13925","52406","66331"
"2015-01-05","QueryMaster.java","79968","310313","390281"
"2015-08-25","QueryMaster.java","81627","391796","473423"
"2014-04-08","QueryMaster.java","47169","145922","193091"
"2014-08-19","QueryMaster.java","79512","218368","297880"
"2014-08-22","QueryMaster.java","79514","222116","301630"
"2015-07-20","QueryMaster.java","114216","371277","485493"
"2015-01-08","QueryMaster.java","111424","303185","414609"
"2015-01-28","QueryMaster.java","111446","302200","413646"
"2014-08-18","QueryMaster.java","110795","209179","319974"
"2015-09-03","QueryMaster.java","115091","386327","501418"
"2013-12-06","QueryMaster.java","8520","20052","28572"
"2015-07-24","QueryMaster.java","114665","374594","489259"
"2014-11-11","QueryMaster.java","111149","280506","391655"
"2015-03-06","QueryMaster.java","111731","305895","417626"
"2015-01-05","QueryMaster.java","111422","303207","414629"
"2015-08-25","QueryMaster.java","115001","386610","501611"
"2014-04-08","QueryMaster.java","47218","107411","154629"
"2014-08-19","QueryMaster.java","110797","211093","321890"
"2014-08-22","QueryMaster.java","110798","214840","325638"
"2014-10-25","ExprNormalizer.java","128255","256576","384831"
"2015-09-23","ExprNormalizer.java","135764","400511","536275"
"2014-06-26","ExprNormalizer.java","127084","179218","306302"
"2015-07-22","ExprNormalizer.java","134808","364207","499015"
"2014-04-24","ExprNormalizer.java","126247","162587","288834"
"2014-02-24","ExprNormalizer.java","34246","43677","77923"
"2014-07-09","ExprNormalizer.java","127179","184904","312083"
"2014-07-22","ExprNormalizer.java","127613","191255","318868"
"2015-07-20","ExprNormalizer.java","134808","363604","498412"
"2015-09-23","ExprNormalizer.java","123979","260405","384384"
"2015-07-22","ExprNormalizer.java","85037","186115","271152"
"2015-07-20","ExprNormalizer.java","84184","184659","268843"
"2015-08-19","TajoClient.java","97990","103158","201148"
"2015-09-23","TajoClient.java","111189","141063","252252"
"2015-09-23","TajoClient.java","22926","47632","70558"
"2014-10-25","ExprNormalizer.java","34806","110993","145799"
"2015-09-23","ExprNormalizer.java","129617","342230","471847"
"2015-07-22","ExprNormalizer.java","99248","276513","375761"
"2014-07-09","ExprNormalizer.java","983","6574","7557"
"2014-07-22","ExprNormalizer.java","2696","14204","16900"
"2015-07-20","ExprNormalizer.java","99072","275734","374806"
"2015-07-20","QueryMaster.java","123429","368958","492387"
"2015-01-08","QueryMaster.java","120605","300834","421439"
"2015-01-28","QueryMaster.java","120628","299850","420478"
"2014-08-18","QueryMaster.java","119884","206736","326620"
"2015-09-03","QueryMaster.java","124345","384049","508394"
"2015-07-24","QueryMaster.java","123879","372276","496155"
"2014-11-11","QueryMaster.java","120243","278068","398311"
"2015-03-06","QueryMaster.java","120912","303544","424456"
"2015-01-05","QueryMaster.java","120601","300854","421455"
"2015-08-25","QueryMaster.java","124237","384314","508551"
"2014-04-08","QueryMaster.java","50963","99624","150587"
"2014-08-19","QueryMaster.java","119886","208650","328536"
"2014-08-22","QueryMaster.java","119887","212397","332284"
"2015-06-23","FetchResultSet.java","103926","207457","311383"
"2015-04-05","FetchResultSet.java","89987","137429","227416"
"2015-02-14","FetchResultSet.java","83970","122968","206938"
"2015-09-14","FetchResultSet.java","146767","269351","416118"
"2015-09-23","ExprNormalizer.java","114263","149611","263874"
"2015-09-14","FetchResultSet.java","123915","142968","266883"
"2015-06-23","FetchResultSet.java","25075","81164","106239"
"2015-09-14","FetchResultSet.java","92093","167235","259328"
"2015-06-23","FetchResultSet.java","31211","95744","126955"
"2015-04-05","FetchResultSet.java","8629","17073","25702"
"2015-09-14","FetchResultSet.java","94956","178542","273498"
"2015-07-20","QueryMaster.java","92899","375560","468459"
"2015-01-08","QueryMaster.java","91883","309244","401127"
"2015-01-28","QueryMaster.java","91890","308244","400134"
"2014-08-18","QueryMaster.java","91389","215373","306762"
"2013-10-21","QueryMaster.java","16037","40781","56818"
"2015-09-03","QueryMaster.java","93707","390543","484250"
"2013-10-28","QueryMaster.java","19140","44740","63880"
"2013-12-06","QueryMaster.java","23703","60835","84538"
"2015-07-24","QueryMaster.java","93381","378910","472291"
"2014-11-11","QueryMaster.java","91659","286616","378275"
"2015-03-06","QueryMaster.java","91965","311729","403694"
"2013-10-13","QueryMaster.java","7209","32730","39939"
"2015-01-05","QueryMaster.java","91882","309267","401149"
"2015-08-25","QueryMaster.java","93607","390816","484423"
"2014-04-08","QueryMaster.java","52422","138215","190637"
"2014-08-19","QueryMaster.java","91390","217286","308676"
"2014-08-22","QueryMaster.java","91392","221034","312426"
"2015-07-20","QueryMaster.java","89676","376133","465809"
"2015-01-08","QueryMaster.java","88685","309842","398527"
"2015-01-28","QueryMaster.java","88692","308842","397534"
"2014-08-18","QueryMaster.java","88225","216005","304230"
"2013-10-21","QueryMaster.java","20418","48958","69376"
"2015-09-03","QueryMaster.java","90462","391094","481556"
"2013-10-28","QueryMaster.java","23348","52744","76092"
"2013-12-06","QueryMaster.java","27667","68595","96262"
"2013-09-29","QueryMaster.java","6601","10397","16998"
"2015-07-24","QueryMaster.java","90100","379425","469525"
"2014-11-11","QueryMaster.java","88477","287230","375707"
"2015-03-06","QueryMaster.java","88767","312327","401094"
"2013-10-13","QueryMaster.java","12620","41937","54557"
"2015-01-05","QueryMaster.java","88684","309865","398549"
"2015-08-25","QueryMaster.java","90362","391367","481729"
"2014-04-08","QueryMaster.java","53847","143436","197283"
"2014-08-19","QueryMaster.java","88226","217918","306144"
"2014-08-22","QueryMaster.java","88228","221666","309894"
"2014-10-25","ExprNormalizer.java","39294","131275","170569"
"2015-09-23","ExprNormalizer.java","124573","352980","477553"
"2014-06-26","ExprNormalizer.java","8446","24240","32686"
"2015-07-22","ExprNormalizer.java","98663","291722","390385"
"2014-07-09","ExprNormalizer.java","9059","30444","39503"
"2014-07-22","ExprNormalizer.java","10624","37926","48550"
"2015-07-20","ExprNormalizer.java","98494","290950","389444"
"2015-07-20","QueryMaster.java","81801","376209","458010"
"2015-01-08","QueryMaster.java","80810","309918","390728"
"2015-01-28","QueryMaster.java","80817","308918","389735"
"2014-08-18","QueryMaster.java","80350","216081","296431"
"2013-10-21","QueryMaster.java","18805","55296","74101"
"2015-09-03","QueryMaster.java","82587","391170","473757"
"2013-10-28","QueryMaster.java","21595","58942","80537"
"2013-12-06","QueryMaster.java","25738","74617","100355"
"2013-09-29","QueryMaster.java","7340","19087","26427"
"2013-09-13","QueryMaster.java","1126","9077","10203"
"2015-07-24","QueryMaster.java","82225","379501","461726"
"2014-11-11","QueryMaster.java","80602","287306","367908"
"2015-03-06","QueryMaster.java","80892","312403","393295"
"2013-10-13","QueryMaster.java","11086","48354","59440"
"2015-01-05","QueryMaster.java","80809","309941","390750"
"2015-08-25","QueryMaster.java","82487","391443","473930"
"2014-04-08","QueryMaster.java","46408","143948","190356"
"2014-08-19","QueryMaster.java","80351","217994","298345"
"2014-08-22","QueryMaster.java","80353","221742","302095"
"2014-10-25","ExprNormalizer.java","119687","238577","358264"
"2015-09-23","ExprNormalizer.java","143005","398321","541326"
"2014-06-26","ExprNormalizer.java","111832","154535","266367"
"2015-07-22","ExprNormalizer.java","141778","361746","503524"
"2014-04-24","ExprNormalizer.java","110855","137764","248619"
"2014-07-09","ExprNormalizer.java","112047","160341","272388"
"2014-07-22","ExprNormalizer.java","112896","167107","280003"
"2015-07-20","ExprNormalizer.java","141778","361143","502921"
"2014-10-25","ExprNormalizer.java","35808","106404","142212"
"2015-09-23","ExprNormalizer.java","133471","340493","473964"
"2015-07-22","ExprNormalizer.java","101142","272816","373958"
"2014-07-22","ExprNormalizer.java","1756","7673","9429"
"2015-07-20","ExprNormalizer.java","100963","272034","372997"
"2015-06-02","MetaDataTuple.java","137868","356609","494477"
"2015-07-22","MetaDataTuple.java","138836","362903","501739"
"2015-08-19","MetaDataTuple.java","139297","373821","513118"
"2014-08-21","MetaDataTuple.java","110950","179189","290139"
"2014-02-04","MetaDataTuple.java","39542","71376","110918"
"2015-06-02","MetaDataTuple.java","117884","368459","486343"
"2015-07-22","MetaDataTuple.java","118420","374321","492741"
"2015-08-19","MetaDataTuple.java","118756","385114","503870"
"2014-08-21","MetaDataTuple.java","114530","214603","329133"
"2014-01-27","MetaDataTuple.java","23225","51528","74753"
"2015-09-03","QueryMaster.java","102770","114077","216847"
"2015-08-25","QueryMaster.java","101849","113529","215378"
"2014-10-25","ExprNormalizer.java","35159","99838","134997"
"2015-09-23","ExprNormalizer.java","137855","338960","476815"
"2015-07-22","ExprNormalizer.java","104663","270420","375083"
"2015-07-20","ExprNormalizer.java","104484","269638","374122"
"2015-07-20","QueryMaster.java","86231","173935","260166"
"2015-01-08","QueryMaster.java","42825","65229","108054"
"2015-01-28","QueryMaster.java","52878","74275","127153"
"2015-09-03","QueryMaster.java","123812","225691","349503"
"2015-07-24","QueryMaster.java","89670","180242","269912"
"2015-03-06","QueryMaster.java","58546","83353","141899"
"2015-01-05","QueryMaster.java","42407","64835","107242"
"2015-08-25","QueryMaster.java","123370","225622","348992"
"2015-07-22","MetaDataTuple.java","22769","28095","50864"
"2015-08-19","MetaDataTuple.java","114299","130082","244381"
"2015-09-23","ExprNormalizer.java","114590","150541","265131"
"2015-07-22","ExprNormalizer.java","1011","1614","2625"
"2015-07-20","QueryMaster.java","40254","103151","143405"
"2015-09-03","QueryMaster.java","88979","166051","255030"
"2015-07-24","QueryMaster.java","45844","111609","157453"
"2015-08-25","QueryMaster.java","88295","165740","254035"
"2014-10-25","EvalTreeOptimizationRule.java","34320","94440","128760"
"2015-07-20","QueryMaster.java","115005","372145","487150"
"2015-01-08","QueryMaster.java","113961","305801","419762"
"2015-01-28","QueryMaster.java","113968","304801","418769"
"2014-08-18","QueryMaster.java","113410","211873","325283"
"2013-10-21","QueryMaster.java","9066","8289","17355"
"2015-09-03","QueryMaster.java","115913","387228","503141"
"2013-10-28","QueryMaster.java","12503","12582","25085"
"2013-12-06","QueryMaster.java","17828","29439","47267"
"2015-07-24","QueryMaster.java","115489","375497","490986"
"2014-11-11","QueryMaster.java","113701","283137","396838"
"2015-03-06","QueryMaster.java","114046","308289","422335"
"2015-01-05","QueryMaster.java","113957","305821","419778"
"2015-08-25","QueryMaster.java","115823","387511","503334"
"2014-04-08","QueryMaster.java","54526","114798","169324"
"2014-08-19","QueryMaster.java","113411","213786","327197"
"2014-08-22","QueryMaster.java","113413","217534","330947"
"2015-08-19","MetaDataTuple.java","102241","112698","214939"
"2015-07-20","QueryMaster.java","58411","123687","182098"
"2015-01-08","QueryMaster.java","477","453","930"
"2015-01-28","QueryMaster.java","15963","14932","30895"
"2015-09-03","QueryMaster.java","104466","183917","288383"
"2015-07-24","QueryMaster.java","63749","131893","195642"
"2015-03-06","QueryMaster.java","22474","24853","47327"
"2015-08-25","QueryMaster.java","103858","183682","287540"
"2015-09-03","QueryMaster.java","1354","981","2335"
"2014-10-25","EvalTreeOptimizer.java","34320","94440","128760"
"2014-10-08","EvalTreeOptimizer.java","3179","63032","66211"
"2015-07-20","QueryMaster.java","154795","351663","506458"
"2015-01-08","QueryMaster.java","148619","280187","428806"
"2015-01-28","QueryMaster.java","148683","279244","427927"
"2014-08-18","QueryMaster.java","120552","158743","279295"
"2015-09-03","QueryMaster.java","157322","368365","525687"
"2015-07-24","QueryMaster.java","155807","355543","511350"
"2014-11-11","QueryMaster.java","130896","240060","370956"
"2015-03-06","QueryMaster.java","149319","283290","432609"
"2015-01-05","QueryMaster.java","148588","280180","428768"
"2015-08-25","QueryMaster.java","156938","368354","525292"
"2014-08-19","QueryMaster.java","120612","160715","281327"
"2014-08-22","QueryMaster.java","120627","164476","285103"
"2014-10-25","EvalTreeOptimizer.java","32917","33184","66101"
"2015-04-18","ConstantFolding.java","89070","201366","290436"
"2015-04-02","ConstantFolding.java","86258","188375","274633"
"2015-09-23","ConstantFolding.java","140067","336613","476680"
"2015-07-20","QueryMaster.java","105619","262384","368003"
"2015-01-08","QueryMaster.java","72774","164239","237013"
"2015-01-28","QueryMaster.java","81690","172148","253838"
"2015-09-03","QueryMaster.java","137106","308046","445152"
"2015-07-24","QueryMaster.java","107726","267359","375085"
"2014-11-11","QueryMaster.java","41059","110120","151179"
"2015-03-06","QueryMaster.java","83118","176986","260104"
"2015-01-05","QueryMaster.java","72424","163913","236337"
"2015-08-25","QueryMaster.java","136684","307997","444681"
"2014-08-22","QueryMaster.java","627","4373","5000"
"2015-09-23","ConstantFolding.java","92671","176921","269592"
"2015-04-18","ConstantFolding.java","4981","15160","20141"
"2015-09-23","ConstantFolding.java","93184","187613","280797"
"2014-10-25","ConstantPropagation.java","34320","94440","128760"
"2015-07-20","QueryMaster.java","107446","260465","367911"
"2015-01-08","QueryMaster.java","74138","161857","235995"
"2015-01-28","QueryMaster.java","83360","170072","253432"
"2015-09-03","QueryMaster.java","140243","307437","447680"
"2015-07-24","QueryMaster.java","109577","265464","375041"
"2014-11-11","QueryMaster.java","41675","106990","148665"
"2015-03-06","QueryMaster.java","84793","174915","259708"
"2015-01-05","QueryMaster.java","73772","161515","235287"
"2015-08-25","QueryMaster.java","139821","307388","447209"
"2015-06-02","MetaDataTuple.java","101997","252499","354496"
"2015-07-22","MetaDataTuple.java","109343","265171","374514"
"2015-08-19","MetaDataTuple.java","139299","305584","444883"
"2014-02-04","MetaDataTuple.java","20374","23905","44279"
"2015-06-02","MetaDataTuple.java","135023","357295","492318"
"2015-07-22","MetaDataTuple.java","135977","363575","499552"
"2015-08-19","MetaDataTuple.java","136445","374500","510945"
"2014-08-21","MetaDataTuple.java","128061","199831","327892"
"2013-08-08","AggFunction.java","16854","10029","26883"
"2015-04-29","AggFunction.java","83622","334927","418549"
"2015-09-14","TajoMemoryResultSet.java","157683","373343","531026"
"2015-06-23","TajoMemoryResultSet.java","154934","351541","506475"
"2015-02-14","TajoMemoryResultSet.java","149253","281327","430580"
"2015-07-20","QueryMasterManagerService.java","114782","371826","486608"
"2015-05-06","QueryMasterManagerService.java","114754","327621","442375"
"2014-08-21","QueryMasterManagerService.java","112190","214884","327074"
"2014-02-17","QueryMasterManagerService.java","40412","78366","118778"
"2013-12-14","QueryMasterManagerService.java","11613","29348","40961"
"2015-04-29","AggFunction.java","75270","333400","408670"
"2015-09-14","TajoMemoryResultSet.java","123915","142968","266883"
"2015-09-14","TajoMemoryResultSet.java","94956","178542","273498"
"2015-06-23","TajoMemoryResultSet.java","31211","95744","126955"
"2015-04-29","ClassBasedScalarFunctionInvoke.java","1668","4550","6218"
"2014-05-07","TajoMetaDataResultSet.java","113969","179575","293544"
"2014-12-08","TajoResultSetBase.java","114961","285650","400611"
"2015-06-23","TajoResultSetBase.java","117884","371246","489130"
"2014-12-12","TajoResultSetBase.java","114964","288711","403675"
"2015-06-02","TajoResultSetBase.java","117884","368459","486343"
"2014-03-20","TajoResultSetBase.java","49314","96513","145827"
"2014-05-28","TajoResultSetBase.java","113990","191790","305780"
"2014-06-11","TajoResultSetBase.java","113996","193854","307850"
"2015-10-07","TajoResultSetBase.java","119154","413958","533112"
"2015-06-23","TajoResultSetBase.java","79740","162413","242153"
"2014-12-12","TajoResultSetBase.java","3149","6207","9356"
"2015-06-02","TajoResultSetBase.java","78530","158416","236946"
"2015-10-07","TajoResultSetBase.java","130374","254489","384863"
"2015-07-20","QueryMasterManagerService.java","29234","73411","102645"
"2015-08-19","FunctionInvoke.java","83256","142984","226240"
"2015-10-07","TajoResultSetBase.java","126333","167775","294108"
"2015-06-23","TajoResultSetBase.java","77880","157495","235375"
"2015-06-02","TajoResultSetBase.java","76670","153498","230168"
"2015-10-07","TajoResultSetBase.java","129128","250185","379313"
"2015-04-29","FunctionInvokeContext.java","1668","4550","6218"
"2015-06-23","TajoResultSetBase.java","1686","4473","6159"
"2015-10-07","TajoResultSetBase.java","125394","169623","295017"
"2014-12-08","TajoResultSetBase.java","128524","252014","380538"
"2015-06-23","TajoResultSetBase.java","147293","353456","500749"
"2014-12-12","TajoResultSetBase.java","128562","255110","383672"
"2015-06-02","TajoResultSetBase.java","146994","350370","497364"
"2014-05-28","TajoResultSetBase.java","114813","145414","260227"
"2014-06-11","TajoResultSetBase.java","114895","147554","262449"
"2015-10-07","TajoResultSetBase.java","150318","397923","548241"
"2015-07-20","QueryMasterManagerService.java","107417","261767","369184"
"2015-05-06","QueryMasterManagerService.java","92844","203017","295861"
"2013-08-08","GeneralFunction.java","16854","10029","26883"
"2013-09-30","GeneralFunction.java","33282","45994","79276"
"2014-12-08","GeneralFunction.java","82592","295074","377666"
"2013-09-30","GeneralFunction.java","18567","38104","56671"
"2014-12-08","GeneralFunction.java","74211","293518","367729"
"2015-07-20","QueryMasterManagerService.java","140321","359411","499732"
"2015-05-06","QueryMasterManagerService.java","139765","314678","454443"
"2014-08-21","QueryMasterManagerService.java","112615","177355","289970"
"2014-12-08","GeneralFunction.java","92073","291843","383916"
"2015-07-20","QueryMasterManagerService.java","128786","368095","496881"
"2015-05-06","QueryMasterManagerService.java","128672","323804","452476"
"2014-08-21","QueryMasterManagerService.java","124696","209655","334351"
"2014-02-17","QueryMasterManagerService.java","40818","61037","101855"
"2015-09-25","PythonScriptEngine.java","92741","180552","273293"
"2015-04-29","PythonScriptEngine.java","1668","4550","6218"
"2015-10-20","PythonScriptEngine.java","93492","182261","275753"
"2015-11-26","PythonScriptEngine.java","95519","186179","281698"
"2015-08-20","PythonScriptEngine.java","83529","143788","227317"
"2015-09-17","PythonScriptEngine.java","91593","172138","263731"
"2015-09-02","PythonScriptEngine.java","84905","145531","230436"
"2015-05-27","PythonScriptEngine.java","17747","61299","79046"
"2015-08-21","PythonScriptEngine.java","83701","144128","227829"
"2015-10-20","PythonScriptEngine.java","1715","2673","4388"
"2015-11-26","PythonScriptEngine.java","5498","8347","13845"
"2015-07-20","QueryMasterTask.java","80948","376569","457517"
"2014-04-08","QueryMasterTask.java","47169","145922","193091"
"2014-05-12","QueryMasterTask.java","79275","189490","268765"
"2015-01-08","QueryMasterTask.java","79969","310290","390259"
"2015-06-25","QueryMasterTask.java","80935","377892","458827"
"2014-02-17","QueryMasterTask.java","44942","121473","166415"
"2014-03-20","QueryMasterTask.java","46725","136412","183137"
"2013-09-09","QueryMasterTask.java","3748","4961","8709"
"2015-09-23","QueryMasterTask.java","81954","415321","497275"
"2014-04-23","QueryMasterTask.java","78941","182718","261659"
"2015-03-27","QueryMasterTask.java","80969","320240","401209"
"2013-09-03","QueryMasterTask.java","2448","2377","4825"
"2014-12-22","QueryMasterTask.java","79968","305050","385018"
"2014-12-18","QueryMasterTask.java","79968","304550","384518"
"2015-09-23","QueryMasterTask.java","81957","415325","497282"
"2014-08-22","QueryMasterTask.java","79514","222116","301630"
"2015-06-24","QueryMasterTask.java","80935","377790","458725"
"2014-12-12","QueryMasterTask.java","79783","304082","383865"
"2015-09-22","QueryMasterTask.java","81954","413391","495345"
"2013-09-16","QueryMasterTask.java","7252","19052","26304"
"2013-12-18","QueryMasterTask.java","28495","87162","115657"
"2015-07-30","QueryMasterTask.java","81450","382675","464125"
"2015-08-13","QueryMasterTask.java","81614","387246","468860"
"2014-05-12","QueryMasterTask.java","79275","189738","269013"
"2014-06-24","QueryMasterTask.java","79282","203935","283217"
"2015-08-25","QueryMasterTask.java","81627","391796","473423"
"2013-09-04","QueryMasterTask.java","2915","4214","7129"
"2015-08-27","QueryMasterTask.java","81627","391841","473468"
"2015-09-25","PythonScriptEngine.java","92333","177262","269595"
"2015-10-20","PythonScriptEngine.java","93087","178974","272061"
"2015-11-26","PythonScriptEngine.java","95142","182920","278062"
"2015-08-20","PythonScriptEngine.java","82820","140197","223017"
"2015-09-17","PythonScriptEngine.java","91005","168668","259673"
"2015-09-02","PythonScriptEngine.java","84245","141989","226234"
"2015-05-27","PythonScriptEngine.java","16184","56854","73038"
"2015-08-21","PythonScriptEngine.java","83017","140562","223579"
"2015-09-23","QueryMasterTask.java","115192","152938","268130"
"2015-09-23","QueryMasterTask.java","115773","153520","269293"
"2015-09-22","QueryMasterTask.java","114779","150595","265374"
"2015-07-30","QueryMasterTask.java","10367","15971","26338"
"2015-08-13","QueryMasterTask.java","12975","22986","35961"
"2015-08-25","QueryMasterTask.java","106178","120726","226904"
"2015-08-27","QueryMasterTask.java","106203","120796","226999"
"2015-07-20","QueryMasterTask.java","154795","351663","506458"
"2014-05-12","QueryMasterTask.java","118551","130013","248564"
"2015-01-08","QueryMasterTask.java","148619","280187","428806"
"2015-06-25","QueryMasterTask.java","154640","352844","507484"
"2015-09-23","QueryMasterTask.java","157758","392372","550130"
"2014-04-23","QueryMasterTask.java","117900","122924","240824"
"2015-03-27","QueryMasterTask.java","152027","292545","444572"
"2014-12-22","QueryMasterTask.java","148346","274675","423021"
"2014-12-18","QueryMasterTask.java","148343","274172","422515"
"2015-09-23","QueryMasterTask.java","157779","392394","550173"
"2014-08-22","QueryMasterTask.java","120627","164476","285103"
"2015-06-24","QueryMasterTask.java","154640","352742","507382"
"2014-12-12","QueryMasterTask.java","148151","273697","421848"
"2015-09-22","QueryMasterTask.java","157729","390413","548142"
"2015-07-30","QueryMasterTask.java","156016","358488","514504"
"2015-08-13","QueryMasterTask.java","156642","363521","520163"
"2014-05-12","QueryMasterTask.java","118551","130261","248812"
"2014-06-24","QueryMasterTask.java","119055","144955","264010"
"2015-08-25","QueryMasterTask.java","156938","368354","525292"
"2015-08-27","QueryMasterTask.java","156938","368399","525337"
"2015-11-26","PythonScriptEngine.java","3807","5698","9505"
"2015-07-20","QueryMasterTask.java","98074","283480","381554"
"2015-01-08","QueryMasterTask.java","72395","192501","264896"
"2015-06-25","QueryMasterTask.java","94251","280993","375244"
"2015-09-23","QueryMasterTask.java","127555","350707","478262"
"2015-03-27","QueryMasterTask.java","84023","213079","297102"
"2014-12-22","QueryMasterTask.java","70416","185283","255699"
"2014-12-18","QueryMasterTask.java","68461","182828","251289"
"2015-09-23","QueryMasterTask.java","127621","350774","478395"
"2014-08-22","QueryMasterTask.java","10778","43165","53943"
"2015-06-24","QueryMasterTask.java","94250","280890","375140"
"2014-12-12","QueryMasterTask.java","65999","180083","246082"
"2015-09-22","QueryMasterTask.java","127523","348745","476268"
"2015-07-30","QueryMasterTask.java","100601","291611","392212"
"2015-08-13","QueryMasterTask.java","101592","297009","398601"
"2014-06-24","QueryMasterTask.java","2416","16854","19270"
"2015-08-25","QueryMasterTask.java","123120","323074","446194"
"2015-08-27","QueryMasterTask.java","123120","323119","446239"
"2015-07-20","QueryMasterTask.java","58096","123396","181492"
"2015-06-25","QueryMasterTask.java","51586","118222","169808"
"2015-09-23","QueryMasterTask.java","110610","213656","324266"
"2015-03-27","QueryMasterTask.java","26330","35280","61610"
"2015-09-23","QueryMasterTask.java","111055","214102","325157"
"2015-06-24","QueryMasterTask.java","51391","117925","169316"
"2015-09-22","QueryMasterTask.java","110518","211634","322152"
"2015-07-30","QueryMasterTask.java","66122","137026","203148"
"2015-08-13","QueryMasterTask.java","67829","143140","210969"
"2015-08-25","QueryMasterTask.java","103594","183442","287036"
"2015-08-27","QueryMasterTask.java","103594","183487","287081"
"2015-09-25","PythonScriptEngine.java","21653","49205","70858"
"2015-10-20","PythonScriptEngine.java","23059","51569","74628"
"2015-11-26","PythonScriptEngine.java","26327","56728","83055"
"2015-09-17","PythonScriptEngine.java","19286","39572","58858"
"2015-09-02","PythonScriptEngine.java","8059","8426","16485"
"2015-08-21","PythonScriptEngine.java","325","493","818"
"2015-07-20","QueryMasterTask.java","15214","13878","29092"
"2015-09-23","QueryMasterTask.java","123687","160097","283784"
"2015-09-23","QueryMasterTask.java","124229","160640","284869"
"2015-09-22","QueryMasterTask.java","123300","157780","281080"
"2015-07-30","QueryMasterTask.java","25423","29691","55114"
"2015-08-13","QueryMasterTask.java","27871","36546","64417"
"2015-08-25","QueryMasterTask.java","114776","127988","242764"
"2015-08-27","QueryMasterTask.java","114798","128055","242853"
"2015-07-20","QueryMasterTask.java","140321","359411","499732"
"2014-04-08","QueryMasterTask.java","14326","36548","50874"
"2014-05-12","QueryMasterTask.java","110981","144665","255646"
"2015-01-08","QueryMasterTask.java","135502","289292","424794"
"2015-06-25","QueryMasterTask.java","140212","360638","500850"
"2014-03-20","QueryMasterTask.java","12952","26108","39060"
"2015-09-23","QueryMasterTask.java","142007","398843","540850"
"2014-04-23","QueryMasterTask.java","110446","137692","248138"
"2015-03-27","QueryMasterTask.java","138605","301345","439950"
"2014-12-22","QueryMasterTask.java","135440","283991","419431"
"2014-12-18","QueryMasterTask.java","135437","283488","418925"
"2015-09-23","QueryMasterTask.java","142021","398858","540879"
"2014-08-22","QueryMasterTask.java","112623","178694","291317"
"2015-06-24","QueryMasterTask.java","140212","360536","500748"
"2014-12-12","QueryMasterTask.java","135246","283014","418260"
"2015-09-22","QueryMasterTask.java","141982","396888","538870"
"2015-07-30","QueryMasterTask.java","141012","365706","506718"
"2015-08-13","QueryMasterTask.java","141277","370378","511655"
"2014-05-12","QueryMasterTask.java","110981","144913","255894"
"2014-06-24","QueryMasterTask.java","111398","159520","270918"
"2015-08-25","QueryMasterTask.java","141529","375167","516696"
"2015-08-27","QueryMasterTask.java","141529","375212","516741"
"2015-07-20","QueryMasterTask.java","147482","353416","500898"
"2014-04-08","QueryMasterTask.java","1727","10793","12520"
"2014-05-12","QueryMasterTask.java","114468","134996","249464"
"2015-01-08","QueryMasterTask.java","141599","282233","423832"
"2015-06-25","QueryMasterTask.java","147333","354603","501936"
"2015-09-23","QueryMasterTask.java","150342","394022","544364"
"2014-04-23","QueryMasterTask.java","113858","127948","241806"
"2015-03-27","QueryMasterTask.java","144946","294530","439476"
"2014-12-22","QueryMasterTask.java","141338","276733","418071"
"2014-12-18","QueryMasterTask.java","141335","276230","417565"
"2015-09-23","QueryMasterTask.java","150362","394043","544405"
"2014-08-22","QueryMasterTask.java","116391","169306","285697"
"2015-06-24","QueryMasterTask.java","147333","354501","501834"
"2014-12-12","QueryMasterTask.java","141143","275755","416898"
"2015-09-22","QueryMasterTask.java","150314","392064","542378"
"2015-07-30","QueryMasterTask.java","148637","360175","508812"
"2015-08-13","QueryMasterTask.java","149312","365257","514569"
"2014-05-12","QueryMasterTask.java","114468","135244","249712"
"2014-06-24","QueryMasterTask.java","114900","149866","264766"
"2015-08-25","QueryMasterTask.java","149606","370088","519694"
"2015-08-27","QueryMasterTask.java","149606","370133","519739"
"2015-07-20","QueryMasterTask.java","81801","376209","458010"
"2014-04-08","QueryMasterTask.java","46408","143948","190356"
"2014-05-12","QueryMasterTask.java","80108","189110","269218"
"2015-01-08","QueryMasterTask.java","80810","309918","390728"
"2015-06-25","QueryMasterTask.java","81787","377531","459318"
"2014-02-17","QueryMasterTask.java","43890","119208","163098"
"2014-03-20","QueryMasterTask.java","45940","134414","180354"
"2015-09-23","QueryMasterTask.java","82820","414974","497794"
"2014-04-23","QueryMasterTask.java","79774","182338","262112"
"2015-03-27","QueryMasterTask.java","81812","319870","401682"
"2014-12-22","QueryMasterTask.java","80809","304678","385487"
"2014-12-18","QueryMasterTask.java","80809","304178","384987"
"2015-09-23","QueryMasterTask.java","82823","414978","497801"
"2014-08-22","QueryMasterTask.java","80353","221742","302095"
"2015-06-24","QueryMasterTask.java","81787","377429","459216"
"2014-12-12","QueryMasterTask.java","80624","303710","384334"
"2015-09-22","QueryMasterTask.java","82820","413044","495864"
"2013-09-16","QueryMasterTask.java","3853","14440","18293"
"2013-12-18","QueryMasterTask.java","26342","83796","110138"
"2015-07-30","QueryMasterTask.java","82305","382317","464622"
"2015-08-13","QueryMasterTask.java","82474","386893","469367"
"2014-05-12","QueryMasterTask.java","80108","189358","269466"
"2014-06-24","QueryMasterTask.java","80115","203555","283670"
"2015-08-25","QueryMasterTask.java","82487","391443","473930"
"2015-08-27","QueryMasterTask.java","82487","391488","473975"
"2014-12-08","TajoResultSetBase.java","47672","140561","188233"
"2015-06-23","TajoResultSetBase.java","95687","271249","366936"
"2014-12-12","TajoResultSetBase.java","49864","145811","195675"
"2015-06-02","TajoResultSetBase.java","94966","267741","362707"
"2014-06-11","TajoResultSetBase.java","592","2650","3242"
"2015-10-07","TajoResultSetBase.java","130501","347505","478006"
"2014-12-08","TajoResultSetBase.java","47487","138318","185805"
"2015-06-23","TajoResultSetBase.java","95842","269346","365188"
"2014-12-12","TajoResultSetBase.java","49680","143569","193249"
"2015-06-02","TajoResultSetBase.java","95081","265798","360879"
"2015-10-07","TajoResultSetBase.java","131732","346678","478410"
"2015-07-20","QueryMasterTask.java","96878","288722","385600"
"2014-05-12","QueryMasterTask.java","1744","8182","9926"
"2015-01-08","QueryMasterTask.java","71604","198148","269752"
"2015-06-25","QueryMasterTask.java","93079","286259","379338"
"2015-09-23","QueryMasterTask.java","124068","353658","477726"
"2015-03-27","QueryMasterTask.java","83120","218614","301734"
"2014-12-22","QueryMasterTask.java","69633","190938","260571"
"2014-12-18","QueryMasterTask.java","67693","188498","256191"
"2015-09-23","QueryMasterTask.java","124131","353722","477853"
"2014-08-22","QueryMasterTask.java","11914","50739","62653"
"2015-06-24","QueryMasterTask.java","93078","286156","379234"
"2014-12-12","QueryMasterTask.java","65326","185848","251174"
"2015-09-22","QueryMasterTask.java","124036","351696","475732"
"2015-07-30","QueryMasterTask.java","99342","296790","396132"
"2015-08-13","QueryMasterTask.java","100316","302171","402487"
"2014-05-12","QueryMasterTask.java","1839","8525","10364"
"2014-06-24","QueryMasterTask.java","3901","24777","28678"
"2015-08-25","QueryMasterTask.java","119712","326104","445816"
"2015-08-27","QueryMasterTask.java","119712","326149","445861"
"2015-07-20","QueryMasterTask.java","37574","93924","131498"
"2015-06-25","QueryMasterTask.java","29115","86801","115916"
"2015-09-23","QueryMasterTask.java","94795","188891","283686"
"2015-09-23","QueryMasterTask.java","95275","189372","284647"
"2015-06-24","QueryMasterTask.java","28793","86377","115170"
"2015-09-22","QueryMasterTask.java","94686","186852","281538"
"2015-07-30","QueryMasterTask.java","46100","108054","154154"
"2015-08-13","QueryMasterTask.java","48226","114587","162813"
"2015-08-25","QueryMasterTask.java","86993","157891","244884"
"2015-08-27","QueryMasterTask.java","87013","157956","244969"
"2015-09-25","PythonScriptEngine.java","3118","10384","13502"
"2015-10-20","PythonScriptEngine.java","4667","12891","17558"
"2015-11-26","PythonScriptEngine.java","8318","18433","26751"
"2015-09-25","PythonScriptEngine.java","13797","40982","54779"
"2015-10-20","PythonScriptEngine.java","15214","43357","58571"
"2015-11-26","PythonScriptEngine.java","18627","48661","67288"
"2015-09-17","PythonScriptEngine.java","11419","31338","42757"
"2015-07-20","QueryMasterTask.java","80739","376431","457170"
"2014-04-08","QueryMasterTask.java","46274","145098","191372"
"2014-05-12","QueryMasterTask.java","79061","189347","268408"
"2015-01-08","QueryMasterTask.java","79756","310148","389904"
"2015-06-25","QueryMasterTask.java","80726","377754","458480"
"2014-02-17","QueryMasterTask.java","43944","120546","164490"
"2014-03-20","QueryMasterTask.java","45810","135568","181378"
"2013-09-09","QueryMasterTask.java","1313","2597","3910"
"2015-09-23","QueryMasterTask.java","81745","415183","496928"
"2014-04-23","QueryMasterTask.java","78727","182575","261302"
"2015-03-27","QueryMasterTask.java","80758","320100","400858"
"2014-12-22","QueryMasterTask.java","79755","304908","384663"
"2014-12-18","QueryMasterTask.java","79755","304408","384163"
"2015-09-23","QueryMasterTask.java","81748","415187","496935"
"2014-08-22","QueryMasterTask.java","79300","221973","301273"
"2015-06-24","QueryMasterTask.java","80726","377652","458378"
"2014-12-12","QueryMasterTask.java","79570","303940","383510"
"2015-09-22","QueryMasterTask.java","81745","413253","494998"
"2013-09-16","QueryMasterTask.java","4885","16756","21641"
"2013-12-18","QueryMasterTask.java","26822","85560","112382"
"2015-07-30","QueryMasterTask.java","81241","382537","463778"
"2015-08-13","QueryMasterTask.java","81405","387108","468513"
"2014-05-12","QueryMasterTask.java","79061","189595","268656"
"2014-06-24","QueryMasterTask.java","79068","203792","282860"
"2015-08-25","QueryMasterTask.java","81418","391658","473076"
"2013-09-04","QueryMasterTask.java","475","1845","2320"
"2015-08-27","QueryMasterTask.java","81418","391703","473121"
"2015-09-25","PythonScriptEngine.java","126566","170825","297391"
"2015-10-20","PythonScriptEngine.java","127410","172627","300037"
"2015-11-26","PythonScriptEngine.java","129532","176640","306172"
"2015-08-20","PythonScriptEngine.java","116308","133015","249323"
"2015-09-17","PythonScriptEngine.java","125109","162102","287211"
"2015-09-02","PythonScriptEngine.java","118088","135162","253250"
"2015-08-21","PythonScriptEngine.java","116568","133443","250011"
"2014-03-20","TajoResultSetMetaData.java","49314","96513","145827"
"2014-10-05","TajoResultSetMetaData.java","114598","265882","380480"
"2015-07-20","QueryMasterTask.java","59850","130389","190239"
"2015-01-08","QueryMasterTask.java","3696","8935","12631"
"2015-06-25","QueryMasterTask.java","53414","125289","178703"
"2015-09-23","QueryMasterTask.java","111460","219745","331205"
"2015-03-27","QueryMasterTask.java","28841","43030","71871"
"2015-09-23","QueryMasterTask.java","111828","220114","331942"
"2015-06-24","QueryMasterTask.java","53442","125215","178657"
"2015-09-22","QueryMasterTask.java","111376","217731","329107"
"2015-07-30","QueryMasterTask.java","67483","143626","211109"
"2015-08-13","QueryMasterTask.java","69078","149628","218706"
"2015-08-25","QueryMasterTask.java","104568","189655","294223"
"2015-08-27","QueryMasterTask.java","104568","189700","294268"
"2015-09-25","PythonScriptEngine.java","21370","48754","70124"
"2015-10-20","PythonScriptEngine.java","22777","51119","73896"
"2015-11-26","PythonScriptEngine.java","26045","56278","82323"
"2015-09-17","PythonScriptEngine.java","19002","39120","58122"
"2015-09-02","PythonScriptEngine.java","7742","7941","15683"
"2014-10-05","TajoResultSetMetaData.java","116678","220763","337441"
"2015-07-20","QueryMasterTask.java","61116","132155","193271"
"2015-01-08","QueryMasterTask.java","6834","12573","19407"
"2015-06-25","QueryMasterTask.java","54730","127105","181835"
"2015-09-23","QueryMasterTask.java","112476","221261","333737"
"2015-03-27","QueryMasterTask.java","30330","45019","75349"
"2014-12-22","QueryMasterTask.java","3167","3667","6834"
"2015-09-23","QueryMasterTask.java","112836","221622","334458"
"2015-06-24","QueryMasterTask.java","54725","126998","181723"
"2015-09-22","QueryMasterTask.java","112391","219246","331637"
"2015-07-30","QueryMasterTask.java","68664","145307","213971"
"2015-08-13","QueryMasterTask.java","70192","151242","221434"
"2015-08-25","QueryMasterTask.java","105599","191186","296785"
"2015-08-27","QueryMasterTask.java","105599","191231","296830"
"2015-06-03","RowStoreUtil.java","29885","91670","121555"
"2015-09-03","RowStoreUtil.java","91821","170955","262776"
"2015-05-14","RowStoreUtil.java","15114","36365","51479"
"2015-08-19","RowStoreUtil.java","87605","165134","252739"
"2015-09-03","RowStoreUtil.java","119442","136791","256233"
"2015-08-19","RowStoreUtil.java","114273","130017","244290"
"2015-07-20","QueryMasterTask.java","107446","260465","367911"
"2015-01-08","QueryMasterTask.java","74138","161857","235995"
"2015-06-25","QueryMasterTask.java","102963","257318","360281"
"2015-09-23","QueryMasterTask.java","144754","335519","480273"
"2015-03-27","QueryMasterTask.java","88209","184878","273087"
"2014-12-22","QueryMasterTask.java","71995","154475","226470"
"2014-12-18","QueryMasterTask.java","69642","151622","221264"
"2015-09-23","QueryMasterTask.java","144850","335616","480466"
"2015-06-24","QueryMasterTask.java","102960","257213","360173"
"2014-12-12","QueryMasterTask.java","66552","148249","214801"
"2015-09-22","QueryMasterTask.java","144722","333557","478279"
"2015-07-30","QueryMasterTask.java","110188","268811","378999"
"2015-08-13","QueryMasterTask.java","111240","274270","385510"
"2015-08-25","QueryMasterTask.java","139821","307388","447209"
"2015-08-27","QueryMasterTask.java","139821","307433","447254"
"2015-07-20","QueryMasterTask.java","16349","15115","31464"
"2015-06-25","QueryMasterTask.java","1142","1244","2386"
"2015-09-23","QueryMasterTask.java","124467","160979","285446"
"2015-09-23","QueryMasterTask.java","125009","161522","286531"
"2015-09-22","QueryMasterTask.java","124080","158662","282742"
"2015-07-30","QueryMasterTask.java","26550","30920","57470"
"2015-08-13","QueryMasterTask.java","28997","37774","66771"
"2015-08-25","QueryMasterTask.java","115652","128966","244618"
"2015-08-27","QueryMasterTask.java","115672","129031","244703"
"2015-07-20","QueryMasterTask.java","62429","133751","196180"
"2015-01-08","QueryMasterTask.java","10498","16520","27018"
"2015-06-25","QueryMasterTask.java","56229","128887","185116"
"2015-09-23","QueryMasterTask.java","113574","222642","336216"
"2015-03-27","QueryMasterTask.java","32122","47094","79216"
"2014-12-22","QueryMasterTask.java","6883","7666","14549"
"2014-12-18","QueryMasterTask.java","3812","4095","7907"
"2015-09-23","QueryMasterTask.java","113925","222994","336919"
"2015-06-24","QueryMasterTask.java","56224","128780","185004"
"2015-09-22","QueryMasterTask.java","113489","220627","334116"
"2015-07-30","QueryMasterTask.java","69968","146894","216862"
"2015-08-13","QueryMasterTask.java","71495","152828","224323"
"2015-08-25","QueryMasterTask.java","106697","192567","299264"
"2015-08-27","QueryMasterTask.java","106697","192612","299309"
"2015-09-23","QueryMasterTask.java","565","2495","3060"
"2015-09-23","QueryMasterTask.java","1268","3199","4467"
"2015-07-20","QueryMasterTask.java","92072","375893","467965"
"2014-04-08","QueryMasterTask.java","54133","141086","195219"
"2014-05-12","QueryMasterTask.java","90185","188600","278785"
"2015-01-08","QueryMasterTask.java","91071","309592","400663"
"2015-06-25","QueryMasterTask.java","92058","377215","469273"
"2014-02-17","QueryMasterTask.java","48358","113089","161447"
"2014-03-20","QueryMasterTask.java","53620","131507","185127"
"2015-09-23","QueryMasterTask.java","93088","414655","507743"
"2014-04-23","QueryMasterTask.java","89851","181828","271679"
"2015-03-27","QueryMasterTask.java","92083","319554","411637"
"2014-12-22","QueryMasterTask.java","91070","304352","395422"
"2014-12-18","QueryMasterTask.java","91070","303852","394922"
"2015-09-23","QueryMasterTask.java","93091","414659","507750"
"2014-08-22","QueryMasterTask.java","90598","221400","311998"
"2015-06-24","QueryMasterTask.java","92058","377113","469171"
"2014-12-12","QueryMasterTask.java","90885","303384","394269"
"2015-09-22","QueryMasterTask.java","93088","412725","505813"
"2013-12-18","QueryMasterTask.java","27190","74057","101247"
"2015-07-30","QueryMasterTask.java","92576","382001","474577"
"2015-08-13","QueryMasterTask.java","92742","386574","479316"
"2014-05-12","QueryMasterTask.java","90185","188848","279033"
"2014-06-24","QueryMasterTask.java","90192","203045","293237"
"2015-08-25","QueryMasterTask.java","92755","391124","483879"
"2015-08-27","QueryMasterTask.java","92755","391169","483924"
"2015-07-20","QueryMasterTask.java","130913","367867","498780"
"2014-04-08","QueryMasterTask.java","51707","91793","143500"
"2014-05-12","QueryMasterTask.java","125901","177449","303350"
"2015-01-08","QueryMasterTask.java","127446","299100","426546"
"2015-06-25","QueryMasterTask.java","130811","369101","499912"
"2014-02-17","QueryMasterTask.java","40761","58625","99386"
"2014-03-20","QueryMasterTask.java","50948","81968","132916"
"2015-09-23","QueryMasterTask.java","132104","406804","538908"
"2014-04-23","QueryMasterTask.java","125458","170568","296026"
"2015-03-27","QueryMasterTask.java","129979","310583","440562"
"2014-12-22","QueryMasterTask.java","127436","293851","421287"
"2014-12-18","QueryMasterTask.java","127433","293348","420781"
"2015-09-23","QueryMasterTask.java","132114","406815","538929"
"2014-08-22","QueryMasterTask.java","126740","210675","337415"
"2015-06-24","QueryMasterTask.java","130811","368999","499810"
"2014-12-12","QueryMasterTask.java","127246","292878","420124"
"2015-09-22","QueryMasterTask.java","132105","404875","536980"
"2015-07-30","QueryMasterTask.java","131449","374007","505456"
"2015-08-13","QueryMasterTask.java","131666","378631","510297"
"2014-05-12","QueryMasterTask.java","125901","177697","303598"
"2014-06-24","QueryMasterTask.java","126050","192036","318086"
"2015-08-25","QueryMasterTask.java","131743","383245","514988"
"2015-08-27","QueryMasterTask.java","131743","383290","515033"
"2015-09-23","QueryMasterTask.java","111137","143279","254416"
"2015-09-23","QueryMasterTask.java","111715","143858","255573"
"2015-09-22","QueryMasterTask.java","110702","140914","251616"
"2015-08-13","QueryMasterTask.java","4268","8675","12943"
"2015-08-25","QueryMasterTask.java","99780","108724","208504"
"2015-08-27","QueryMasterTask.java","99806","108795","208601"
"2015-06-03","RowStoreUtil.java","15332","55866","71198"
"2015-09-03","RowStoreUtil.java","85919","143802","229721"
"2015-08-19","RowStoreUtil.java","81033","137311","218344"
"2015-09-23","QueryMasterTask.java","108767","136502","245269"
"2015-09-23","QueryMasterTask.java","109350","137086","246436"
"2015-09-22","QueryMasterTask.java","108304","134109","242413"
"2015-08-25","QueryMasterTask.java","97026","101563","198589"
"2015-08-27","QueryMasterTask.java","97088","101670","198758"
"2015-07-20","QueryMasterTask.java","98203","283361","381564"
"2015-01-08","QueryMasterTask.java","72470","192328","264798"
"2015-06-25","QueryMasterTask.java","94380","280874","375254"
"2015-09-23","QueryMasterTask.java","127773","350677","478450"
"2015-03-27","QueryMasterTask.java","84149","212957","297106"
"2014-12-22","QueryMasterTask.java","70491","185110","255601"
"2014-12-18","QueryMasterTask.java","68418","182537","250955"
"2015-09-23","QueryMasterTask.java","127840","350745","478585"
"2014-08-22","QueryMasterTask.java","10689","42828","53517"
"2015-06-24","QueryMasterTask.java","94379","280771","375150"
"2014-12-12","QueryMasterTask.java","65956","179792","245748"
"2015-09-22","QueryMasterTask.java","127741","348715","476456"
"2015-07-30","QueryMasterTask.java","100731","291493","392224"
"2015-08-13","QueryMasterTask.java","101722","296891","398613"
"2014-06-24","QueryMasterTask.java","2321","16511","18832"
"2015-08-25","QueryMasterTask.java","123338","323044","446382"
"2015-08-27","QueryMasterTask.java","123338","323089","446427"
"2015-09-03","RowStoreUtil.java","13491","15096","28587"
"2015-08-14","BackendTestingUtil.java","90361","388943","479304"
"2013-10-21","BackendTestingUtil.java","20418","48958","69376"
"2015-07-20","QueryMasterTask.java","101820","272788","374608"
"2015-01-08","QueryMasterTask.java","73525","179193","252718"
"2015-06-25","QueryMasterTask.java","97448","269752","367200"
"2015-09-23","QueryMasterTask.java","133494","342208","475702"
"2015-03-27","QueryMasterTask.java","85864","200482","286346"
"2014-12-22","QueryMasterTask.java","71432","171861","243293"
"2014-12-18","QueryMasterTask.java","69289","169218","238507"
"2015-09-23","QueryMasterTask.java","133580","342295","475875"
"2014-08-22","QueryMasterTask.java","9088","27037","36125"
"2015-06-24","QueryMasterTask.java","97446","269648","367094"
"2014-12-12","QueryMasterTask.java","66728","166374","233102"
"2015-09-22","QueryMasterTask.java","133462","340246","473708"
"2015-07-30","QueryMasterTask.java","104455","281027","385482"
"2015-08-13","QueryMasterTask.java","105465","286444","391909"
"2015-08-25","QueryMasterTask.java","128892","314408","443300"
"2015-08-27","QueryMasterTask.java","128892","314453","443345"
"2015-05-27","TajoScriptEngine.java","17747","61299","79046"
"2015-04-29","TajoScriptEngine.java","1668","4550","6218"
"2015-09-23","QueryMasterTask.java","13969","37167","51136"
"2015-09-23","QueryMasterTask.java","14625","37824","52449"
"2015-09-22","QueryMasterTask.java","13486","34754","48240"
"2015-08-27","QueryMasterTask.java","67","112","179"
"2015-05-27","TajoScriptEngine.java","16184","56854","73038"
"2015-08-14","BackendTestingUtil.java","114777","384819","499596"
"2013-09-13","BackendTestingUtil.java","29230","37699","66929"
"2015-08-14","BackendTestingUtil.java","84219","391270","475489"
"2013-10-21","BackendTestingUtil.java","41906","78915","120821"
"2015-07-20","QueryMasterTask.java","81973","376295","458268"
"2014-04-08","QueryMasterTask.java","46970","144424","191394"
"2014-05-12","QueryMasterTask.java","80295","189211","269506"
"2015-01-08","QueryMasterTask.java","80990","310012","391002"
"2015-06-25","QueryMasterTask.java","81960","377618","459578"
"2014-02-17","QueryMasterTask.java","44470","119702","164172"
"2014-03-20","QueryMasterTask.java","46502","134890","181392"
"2013-09-09","QueryMasterTask.java","1084","998","2082"
"2015-09-23","QueryMasterTask.java","82986","415054","498040"
"2014-04-23","QueryMasterTask.java","79961","182439","262400"
"2015-03-27","QueryMasterTask.java","81992","319964","401956"
"2014-12-22","QueryMasterTask.java","80989","304772","385761"
"2014-12-18","QueryMasterTask.java","80989","304272","385261"
"2015-09-23","QueryMasterTask.java","82989","415058","498047"
"2014-08-22","QueryMasterTask.java","80534","221837","302371"
"2015-06-24","QueryMasterTask.java","81960","377516","459476"
"2014-12-12","QueryMasterTask.java","80804","303804","384608"
"2015-09-22","QueryMasterTask.java","82986","413124","496110"
"2013-09-16","QueryMasterTask.java","4863","15364","20227"
"2013-12-18","QueryMasterTask.java","26979","84347","111326"
"2015-07-30","QueryMasterTask.java","82475","382401","464876"
"2015-08-13","QueryMasterTask.java","82642","386975","469617"
"2014-05-12","QueryMasterTask.java","80295","189459","269754"
"2014-06-24","QueryMasterTask.java","80302","203656","283958"
"2015-08-25","QueryMasterTask.java","82655","391525","474180"
"2015-08-27","QueryMasterTask.java","82655","391570","474225"
"2015-04-29","BufferPool.java","1668","4550","6218"
"2015-04-20","BufferPool.java","222","371","593"
"2015-12-07","BufferPool.java","96147","189385","285532"
"2015-09-03","BufferPool.java","87743","149076","236819"
"2015-12-07","BufferPool.java","95771","186127","281898"
"2015-09-03","BufferPool.java","87141","145592","232733"
"2014-12-15","HBaseTestClusterUtil.java","24","192","216"
"2014-12-18","LocalTajoTestingUtility.java","68121","93213","161334"
"2015-09-23","QueryMasterTask.java","13902","37055","50957"
"2015-09-23","QueryMasterTask.java","14558","37712","52270"
"2015-09-22","QueryMasterTask.java","13419","34642","48061"
"2014-10-15","LocalTajoTestingUtility.java","90818","278508","369326"
"2014-12-18","LocalTajoTestingUtility.java","91070","303852","394922"
"2014-02-24","LocalTajoTestingUtility.java","51998","118250","170248"
"2014-10-15","LocalTajoTestingUtility.java","82548","281343","363891"
"2014-12-18","LocalTajoTestingUtility.java","82703","306590","389293"
"2013-09-16","LocalTajoTestingUtility.java","30877","41982","72859"
"2014-02-24","LocalTajoTestingUtility.java","60863","138220","199083"
"2013-08-14","LocalTajoTestingUtility.java","22677","17814","40491"
"2013-08-26","LocalTajoTestingUtility.java","25900","25205","51105"
"2014-01-02","Repartitioner.java","49312","111334","160646"
"2014-02-27","Repartitioner.java","60868","138393","199261"
"2015-08-13","Repartitioner.java","84208","389145","473353"
"2015-12-24","Repartitioner.java","84591","429333","513924"
"2014-10-25","Repartitioner.java","82572","278819","361391"
"2014-12-22","Repartitioner.java","82703","307090","389793"
"2014-04-05","Repartitioner.java","61926","159903","221829"
"2014-07-07","Repartitioner.java","82124","203173","285297"
"2015-06-24","Repartitioner.java","83566","379726","463292"
"2014-02-27","Repartitioner.java","60867","138312","199179"
"2014-07-11","Repartitioner.java","82121","209621","291742"
"2014-06-30","Repartitioner.java","82124","202879","285003"
"2014-06-27","Repartitioner.java","82124","202773","284897"
"2015-11-17","Repartitioner.java","84576","423565","508141"
"2014-07-09","Repartitioner.java","82121","209209","291330"
"2015-05-27","Repartitioner.java","83580","375555","459135"
"2015-03-03","Repartitioner.java","82697","314176","396873"
"2014-10-09","Repartitioner.java","82395","279736","362131"
"2015-09-23","Repartitioner.java","84547","417220","501767"
"2015-01-06","Repartitioner.java","82704","312420","395124"
"2014-08-21","Repartitioner.java","82349","222925","305274"
"2015-10-09","Repartitioner.java","84572","421626","506198"
"2013-09-16","Repartitioner.java","30877","41982","72859"
"2014-06-12","Repartitioner.java","82129","204350","286479"
"2014-06-26","Repartitioner.java","82124","202579","284703"
"2014-04-28","Repartitioner.java","81830","186459","268289"
"2014-01-07","Repartitioner.java","49915","112229","162144"
"2014-12-12","Repartitioner.java","82600","306204","388804"
"2015-09-28","Repartitioner.java","84555","420907","505462"
"2014-07-15","Repartitioner.java","82121","210472","292593"
"2014-08-04","Repartitioner.java","82324","215608","297932"
"2014-12-18","Repartitioner.java","82703","306590","389293"
"2014-10-08","Repartitioner.java","82390","278177","360567"
"2014-07-28","Repartitioner.java","82247","214314","296561"
"2014-06-11","Repartitioner.java","82129","204063","286192"
"2014-07-15","Repartitioner.java","82121","210295","292416"
"2014-08-11","Repartitioner.java","82338","217588","299926"
"2015-06-23","Repartitioner.java","83566","378721","462287"
"2014-01-07","Repartitioner.java","49676","111893","161569"
"2014-01-02","Repartitioner.java","49672","111858","161530"
"2014-02-27","Repartitioner.java","39173","54676","93849"
"2015-08-13","Repartitioner.java","130911","373826","504737"
"2015-12-24","Repartitioner.java","131740","414460","546200"
"2014-10-25","Repartitioner.java","124633","258858","383491"
"2014-12-22","Repartitioner.java","126015","288380","414395"
"2014-04-05","Repartitioner.java","44152","80107","124259"
"2014-07-07","Repartitioner.java","123563","182590","306153"
"2015-06-24","Repartitioner.java","129980","364118","494098"
"2014-02-27","Repartitioner.java","39156","54579","93735"
"2014-07-11","Repartitioner.java","123652","189130","312782"
"2014-06-30","Repartitioner.java","123563","182296","305859"
"2014-06-27","Repartitioner.java","123563","182190","305753"
"2015-11-17","Repartitioner.java","131706","408673","540379"
"2014-07-09","Repartitioner.java","123652","188718","312370"
"2015-05-27","Repartitioner.java","129600","359553","489153"
"2015-03-03","Repartitioner.java","126227","295684","421911"
"2014-10-09","Repartitioner.java","124362","259681","384043"
"2015-09-23","Repartitioner.java","131554","402205","533759"
"2015-01-06","Repartitioner.java","126029","293723","419752"
"2014-08-21","Repartitioner.java","124242","202796","327038"
"2015-10-09","Repartitioner.java","131631","406663","538294"
"2014-06-12","Repartitioner.java","123533","183732","307265"
"2014-06-26","Repartitioner.java","123563","181996","305559"
"2014-04-28","Repartitioner.java","122774","165381","288155"
"2014-01-07","Repartitioner.java","2672","2964","5636"
"2014-12-12","Repartitioner.java","125821","287403","413224"
"2015-09-28","Repartitioner.java","131580","405910","537490"
"2014-07-15","Repartitioner.java","123679","190008","313687"
"2014-08-04","Repartitioner.java","124166","195428","319594"
"2014-12-18","Repartitioner.java","126012","287877","413889"
"2014-10-08","Repartitioner.java","124343","258108","382451"
"2014-07-28","Repartitioner.java","124073","194118","318191"
"2014-06-11","Repartitioner.java","123533","183445","306978"
"2014-07-15","Repartitioner.java","123675","189827","313502"
"2014-08-11","Repartitioner.java","124225","197453","321678"
"2015-06-23","Repartitioner.java","129981","363114","493095"
"2014-01-07","Repartitioner.java","740","935","1675"
"2015-11-03","CSVLineDeserializer.java","94008","183495","277503"
"2015-05-11","CSVLineDeserializer.java","3696","7026","10722"
"2015-11-25","CSVLineDeserializer.java","95445","186150","281595"
"2015-06-02","CSVLineDeserializer.java","19920","63865","83785"
"2015-05-06","CSVLineDeserializer.java","2875","5218","8093"
"2015-04-29","CSVLineDeserializer.java","1668","4550","6218"
"2014-10-15","LocalTajoTestingUtility.java","113665","235103","348768"
"2014-12-18","LocalTajoTestingUtility.java","136107","282637","418744"
"2015-08-13","Repartitioner.java","142405","369817","512222"
"2015-12-24","Repartitioner.java","143367","410584","553951"
"2014-10-25","Repartitioner.java","119844","238566","358410"
"2014-12-22","Repartitioner.java","136266","283128","419394"
"2014-04-05","Repartitioner.java","7590","28042","35632"
"2014-07-07","Repartitioner.java","111991","155515","267506"
"2015-06-24","Repartitioner.java","141203","359838","501041"
"2014-07-11","Repartitioner.java","112205","162180","274385"
"2014-06-30","Repartitioner.java","111990","155220","267210"
"2014-06-27","Repartitioner.java","111990","155114","267104"
"2015-11-17","Repartitioner.java","143326","404790","548116"
"2014-07-09","Repartitioner.java","112204","161767","273971"
"2015-05-27","Repartitioner.java","140801","355251","496052"
"2015-03-03","Repartitioner.java","136530","290484","427014"
"2014-10-09","Repartitioner.java","113549","233365","346914"
"2015-09-23","Repartitioner.java","143162","398310","541472"
"2015-01-06","Repartitioner.java","136297","288488","424785"
"2014-08-21","Repartitioner.java","113258","176309","289567"
"2015-10-09","Repartitioner.java","143234","402763","545997"
"2014-06-12","Repartitioner.java","111944","156640","268584"
"2014-06-26","Repartitioner.java","111989","154919","266908"
"2014-04-28","Repartitioner.java","111012","138116","249128"
"2014-12-12","Repartitioner.java","136073","282152","418225"
"2015-09-28","Repartitioner.java","143190","402017","545207"
"2014-07-15","Repartitioner.java","112251","163077","275328"
"2014-08-04","Repartitioner.java","113148","168907","282055"
"2014-12-18","Repartitioner.java","136264","282626","418890"
"2014-10-08","Repartitioner.java","113519","231781","345300"
"2014-07-28","Repartitioner.java","113053","167595","280648"
"2014-06-11","Repartitioner.java","111944","156353","268297"
"2014-07-15","Repartitioner.java","112249","162898","275147"
"2014-08-11","Repartitioner.java","113232","170957","284189"
"2015-06-23","Repartitioner.java","141197","358827","500024"
"2015-12-24","Repartitioner.java","114656","154461","269117"
"2015-11-17","Repartitioner.java","112521","146573","259094"
"2015-09-23","Repartitioner.java","109350","137086","246436"
"2015-10-09","Repartitioner.java","110649","142766","253415"
"2015-09-28","Repartitioner.java","109964","141379","251343"
"2015-11-03","CSVLineDeserializer.java","93603","180208","273811"
"2015-05-11","CSVLineDeserializer.java","2068","2516","4584"
"2015-11-25","CSVLineDeserializer.java","95060","182883","277943"
"2015-06-02","CSVLineDeserializer.java","18369","59432","77801"
"2015-05-06","CSVLineDeserializer.java","1229","690","1919"
"2014-10-15","LocalTajoTestingUtility.java","76138","279796","355934"
"2014-12-18","LocalTajoTestingUtility.java","76288","305038","381326"
"2013-09-16","LocalTajoTestingUtility.java","11878","27846","39724"
"2014-02-24","LocalTajoTestingUtility.java","47704","129924","177628"
"2013-08-26","LocalTajoTestingUtility.java","5944","10112","16056"
"2015-05-11","CSVLineSerDe.java","3696","7026","10722"
"2015-11-25","CSVLineSerDe.java","95445","186150","281595"
"2015-04-29","CSVLineSerializer.java","1668","4550","6218"
"2015-06-02","CSVLineSerializer.java","19920","63865","83785"
"2014-10-15","LocalTajoTestingUtility.java","79732","279222","358954"
"2014-12-18","LocalTajoTestingUtility.java","79968","304550","384518"
"2013-09-16","LocalTajoTestingUtility.java","7252","19052","26304"
"2014-02-24","LocalTajoTestingUtility.java","45311","123363","168674"
"2015-06-02","CSVLineSerializer.java","18369","59432","77801"
"2015-03-24","QueryTestCaseBase.java","129021","304187","433208"
"2015-07-20","QueryTestCaseBase.java","130862","365270","496132"
"2015-08-19","QueryTestCaseBase.java","131262","377028","508290"
"2014-02-04","QueryTestCaseBase.java","28637","39036","67673"
"2014-10-08","QueryTestCaseBase.java","124617","258371","382988"
"2014-12-12","QueryTestCaseBase.java","126095","287385","413480"
"2015-05-19","QueryTestCaseBase.java","129874","355249","485123"
"2015-08-20","QueryTestCaseBase.java","131447","377815","509262"
"2014-03-20","QueryTestCaseBase.java","41182","67860","109042"
"2015-09-17","QueryTestCaseBase.java","131813","399979","531792"
"2014-04-18","QueryTestCaseBase.java","42901","82720","125621"
"2014-08-11","QueryTestCaseBase.java","124499","197435","321934"
"2015-07-22","QueryTestCaseBase.java","130862","365873","496735"
"2015-05-27","QueryTestCaseBase.java","129874","356935","486809"
"2014-04-30","QueryTestCaseBase.java","123071","165719","288790"
"2015-06-25","QueryTestCaseBase.java","130254","364202","494456"
"2014-06-24","QueryTestCaseBase.java","123804","185300","309104"
"2015-08-14","QueryTestCaseBase.java","131262","375999","507261"
"2015-08-25","QueryTestCaseBase.java","131448","378608","510056"
"2014-05-12","QueryTestCaseBase.java","123530","170736","294266"
"2014-12-12","QueryTestCaseBase.java","126081","279307","405388"
"2014-03-01","QueryTestCaseBase.java","38425","55787","94212"
"2014-04-10","QueryTestCaseBase.java","42441","79607","122048"
"2014-03-31","QueryTestCaseBase.java","41756","73296","115052"
"2015-08-04","QueryTestCaseBase.java","131011","371495","502506"
"2015-04-05","QueryTestCaseBase.java","129059","305739","434798"
"2014-05-28","QueryTestCaseBase.java","123762","181041","304803"
"2015-08-13","QueryTestCaseBase.java","131185","373808","504993"
"2014-02-07","QueryTestCaseBase.java","29072","40868","69940"
"2014-12-08","QueryTestCaseBase.java","126076","276244","402320"
"2015-09-23","QueryTestCaseBase.java","131828","402187","534015"
"2015-09-03","QueryTestCaseBase.java","131559","379512","511071"
"2014-05-08","QueryTestCaseBase.java","123499","168920","292419"
"2015-07-30","QueryTestCaseBase.java","130952","369168","500120"
"2014-06-02","QueryTestCaseBase.java","123739","181959","305698"
"2014-07-15","QueryTestCaseBase.java","123953","192184","316137"
"2015-08-13","Repartitioner.java","87821","196511","284332"
"2015-12-24","Repartitioner.java","125686","274181","399867"
"2014-12-22","Repartitioner.java","41111","69251","110362"
"2015-06-24","Repartitioner.java","77333","177246","254579"
"2015-11-17","Repartitioner.java","124868","267610","392478"
"2015-05-27","Repartitioner.java","74665","170393","245058"
"2015-03-03","Repartitioner.java","55071","90303","145374"
"2015-09-23","Repartitioner.java","123979","260405","384384"
"2015-01-06","Repartitioner.java","44064","77533","121597"
"2015-10-09","Repartitioner.java","124328","265135","389463"
"2014-12-12","Repartitioner.java","35492","62849","98341"
"2015-09-28","Repartitioner.java","124121","264226","388347"
"2014-12-18","Repartitioner.java","38635","66275","104910"
"2015-06-23","Repartitioner.java","77206","176114","253320"
"2015-07-20","QueryTestCaseBase.java","39764","99006","138770"
"2015-08-19","QueryTestCaseBase.java","85791","156391","242182"
"2015-05-19","QueryTestCaseBase.java","20936","71145","92081"
"2015-08-20","QueryTestCaseBase.java","86079","157281","243360"
"2015-09-17","QueryTestCaseBase.java","94227","187227","281454"
"2015-07-22","QueryTestCaseBase.java","40688","100533","141221"
"2015-05-27","QueryTestCaseBase.java","23615","75510","99125"
"2015-06-25","QueryTestCaseBase.java","29349","88131","117480"
"2015-08-14","QueryTestCaseBase.java","85682","155253","240935"
"2015-08-25","QueryTestCaseBase.java","86687","158681","245368"
"2015-08-04","QueryTestCaseBase.java","46626","111944","158570"
"2015-04-05","QueryTestCaseBase.java","3494","5008","8502"
"2015-08-13","QueryTestCaseBase.java","48001","115458","163459"
"2015-09-23","QueryTestCaseBase.java","94899","190092","284991"
"2015-09-03","QueryTestCaseBase.java","90154","162941","253095"
"2015-07-30","QueryTestCaseBase.java","46051","109101","155152"
"2015-08-19","QueryTestCaseBase.java","103365","114723","218088"
"2015-08-20","QueryTestCaseBase.java","103833","115793","219626"
"2015-09-17","QueryTestCaseBase.java","113367","147125","260492"
"2015-07-22","QueryTestCaseBase.java","1011","1614","2625"
"2015-08-14","QueryTestCaseBase.java","103247","113576","216823"
"2015-08-25","QueryTestCaseBase.java","104903","117655","222558"
"2015-08-04","QueryTestCaseBase.java","8785","14861","23646"
"2015-08-13","QueryTestCaseBase.java","11470","19685","31155"
"2015-09-23","QueryTestCaseBase.java","114590","150541","265131"
"2015-09-03","QueryTestCaseBase.java","108828","122373","231201"
"2015-07-30","QueryTestCaseBase.java","7595","11403","18998"
"2015-08-13","Repartitioner.java","69078","149628","218706"
"2015-12-24","Repartitioner.java","115002","235357","350359"
"2015-06-24","Repartitioner.java","53442","125215","178657"
"2015-11-17","Repartitioner.java","113749","228351","342100"
"2015-05-27","Repartitioner.java","49313","116901","166214"
"2015-03-03","Repartitioner.java","23457","30549","54006"
"2015-09-23","Repartitioner.java","111828","220114","331942"
"2015-01-06","Repartitioner.java","3307","8636","11943"
"2015-10-09","Repartitioner.java","112363","225030","337393"
"2015-09-28","Repartitioner.java","112068","224033","336101"
"2015-06-23","Repartitioner.java","52471","123239","175710"
"2015-08-13","Repartitioner.java","156561","363521","520082"
"2015-12-24","Repartitioner.java","158166","404931","563097"
"2014-10-25","Repartitioner.java","127525","225795","353320"
"2014-12-22","Repartitioner.java","148265","274675","422940"
"2014-07-07","Repartitioner.java","119020","142092","261112"
"2015-06-24","Repartitioner.java","154559","352742","507301"
"2014-07-11","Repartitioner.java","119312","148835","268147"
"2014-06-30","Repartitioner.java","119019","141797","260816"
"2014-06-27","Repartitioner.java","119019","141691","260710"
"2015-11-17","Repartitioner.java","158087","399099","557186"
"2014-07-09","Repartitioner.java","119301","148412","267713"
"2015-05-27","Repartitioner.java","154115","348113","502228"
"2015-03-03","Repartitioner.java","148834","282336","431170"
"2014-10-09","Repartitioner.java","121068","220432","341500"
"2015-09-23","Repartitioner.java","157698","392394","550092"
"2015-01-06","Repartitioner.java","148524","280263","428787"
"2014-08-21","Repartitioner.java","120539","163138","283677"
"2015-10-09","Repartitioner.java","157814","396891","554705"
"2014-06-12","Repartitioner.java","118969","143213","262182"
"2014-06-26","Repartitioner.java","119018","141496","260514"
"2014-04-28","Repartitioner.java","117852","124504","242356"
"2014-12-12","Repartitioner.java","148070","273697","421767"
"2015-09-28","Repartitioner.java","157747","396122","553869"
"2014-07-15","Repartitioner.java","119368","149742","269110"
"2014-08-04","Repartitioner.java","120312","155619","275931"
"2014-12-18","Repartitioner.java","148262","274172","422434"
"2014-10-08","Repartitioner.java","121029","218839","339868"
"2014-07-28","Repartitioner.java","120217","154307","274524"
"2014-06-11","Repartitioner.java","118969","142926","261895"
"2014-07-15","Repartitioner.java","119362","149559","268921"
"2014-08-11","Repartitioner.java","120441","157714","278155"
"2015-06-23","Repartitioner.java","154519","351697","506216"
"2015-08-20","QueryTestCaseBase.java","2277","2879","5156"
"2015-09-17","QueryTestCaseBase.java","22048","44448","66496"
"2015-08-25","QueryTestCaseBase.java","9188","10582","19770"
"2015-09-23","QueryTestCaseBase.java","23576","48169","71745"
"2015-09-03","QueryTestCaseBase.java","13769","15956","29725"
"2015-08-13","Repartitioner.java","101881","285769","387650"
"2015-12-24","Repartitioner.java","131406","355099","486505"
"2014-10-25","Repartitioner.java","34759","109957","144716"
"2014-12-22","Repartitioner.java","67197","170535","237732"
"2015-06-24","Repartitioner.java","93838","268949","362787"
"2014-07-11","Repartitioner.java","1106","7557","8663"
"2015-11-17","Repartitioner.java","131047","348987","480034"
"2014-07-09","Repartitioner.java","1057","7096","8153"
"2015-05-27","Repartitioner.java","91933","262859","354792"
"2015-03-03","Repartitioner.java","77904","188334","266238"
"2014-10-09","Repartitioner.java","6959","83251","90210"
"2015-09-23","Repartitioner.java","130420","342044","472464"
"2015-01-06","Repartitioner.java","68979","177646","246625"
"2014-08-21","Repartitioner.java","4516","24043","28559"
"2015-10-09","Repartitioner.java","130616","346621","477237"
"2014-12-12","Repartitioner.java","62477","165032","227509"
"2015-09-28","Repartitioner.java","130480","345783","476263"
"2014-07-15","Repartitioner.java","1373","8675","10048"
"2014-08-04","Repartitioner.java","2837","15072","17909"
"2014-12-18","Repartitioner.java","65049","167887","232936"
"2014-10-08","Repartitioner.java","6859","81597","88456"
"2014-07-28","Repartitioner.java","2606","13624","16230"
"2014-07-15","Repartitioner.java","1348","8473","9821"
"2014-08-11","Repartitioner.java","3977","18178","22155"
"2015-06-23","Repartitioner.java","93735","267841","361576"
"2015-08-13","Repartitioner.java","28997","37774","66771"
"2015-12-24","Repartitioner.java","129465","178047","307512"
"2015-11-17","Repartitioner.java","127526","170355","297881"
"2015-09-23","Repartitioner.java","125009","161522","286531"
"2015-10-09","Repartitioner.java","125811","166705","292516"
"2015-09-28","Repartitioner.java","125417","165609","291026"
"2015-08-13","Repartitioner.java","142329","369821","512150"
"2015-12-24","Repartitioner.java","143291","410588","553879"
"2014-10-25","Repartitioner.java","119768","238570","358338"
"2014-12-22","Repartitioner.java","136190","283132","419322"
"2014-04-05","Repartitioner.java","7599","28131","35730"
"2014-07-07","Repartitioner.java","111915","155519","267434"
"2015-06-24","Repartitioner.java","141127","359842","500969"
"2014-07-11","Repartitioner.java","112129","162184","274313"
"2014-06-30","Repartitioner.java","111914","155224","267138"
"2014-06-27","Repartitioner.java","111914","155118","267032"
"2015-11-17","Repartitioner.java","143250","404794","548044"
"2014-07-09","Repartitioner.java","112128","161771","273899"
"2015-05-27","Repartitioner.java","140725","355255","495980"
"2015-03-03","Repartitioner.java","136454","290488","426942"
"2014-10-09","Repartitioner.java","113473","233369","346842"
"2015-09-23","Repartitioner.java","143086","398314","541400"
"2015-01-06","Repartitioner.java","136221","288492","424713"
"2014-08-21","Repartitioner.java","113182","176313","289495"
"2015-10-09","Repartitioner.java","143158","402767","545925"
"2014-06-12","Repartitioner.java","111868","156644","268512"
"2014-06-26","Repartitioner.java","111913","154923","266836"
"2014-04-28","Repartitioner.java","110936","138120","249056"
"2014-12-12","Repartitioner.java","135997","282156","418153"
"2015-09-28","Repartitioner.java","143114","402021","545135"
"2014-07-15","Repartitioner.java","112175","163081","275256"
"2014-08-04","Repartitioner.java","113072","168911","281983"
"2014-12-18","Repartitioner.java","136188","282630","418818"
"2014-10-08","Repartitioner.java","113443","231785","345228"
"2014-07-28","Repartitioner.java","112977","167599","280576"
"2014-06-11","Repartitioner.java","111868","156357","268225"
"2014-07-15","Repartitioner.java","112173","162902","275075"
"2014-08-11","Repartitioner.java","113156","170961","284117"
"2015-06-23","Repartitioner.java","141121","358831","499952"
"2015-03-24","QueryTestCaseBase.java","135948","300715","436663"
"2015-07-20","QueryTestCaseBase.java","138279","362288","500567"
"2015-08-19","QueryTestCaseBase.java","138739","374106","512845"
"2014-10-08","QueryTestCaseBase.java","111134","234489","345623"
"2014-12-12","QueryTestCaseBase.java","132928","283819","416747"
"2015-05-19","QueryTestCaseBase.java","137222","352198","489420"
"2015-08-20","QueryTestCaseBase.java","138907","374876","513783"
"2014-03-20","QueryTestCaseBase.java","15148","31427","46575"
"2015-09-17","QueryTestCaseBase.java","139357","397124","536481"
"2014-04-18","QueryTestCaseBase.java","17638","47058","64696"
"2014-08-11","QueryTestCaseBase.java","110891","173428","284319"
"2015-07-22","QueryTestCaseBase.java","138279","362891","501170"
"2015-05-27","QueryTestCaseBase.java","137222","353884","491106"
"2014-04-30","QueryTestCaseBase.java","109203","141452","250655"
"2015-06-25","QueryTestCaseBase.java","137596","361145","498741"
"2014-06-24","QueryTestCaseBase.java","110062","161159","271221"
"2015-08-14","QueryTestCaseBase.java","138737","373075","511812"
"2015-08-25","QueryTestCaseBase.java","138909","375670","514579"
"2014-05-12","QueryTestCaseBase.java","109681","146488","256169"
"2014-12-12","QueryTestCaseBase.java","121110","263937","385047"
"2014-03-01","QueryTestCaseBase.java","11544","18507","30051"
"2014-04-10","QueryTestCaseBase.java","16910","43677","60587"
"2014-03-31","QueryTestCaseBase.java","15955","37096","53051"
"2015-08-04","QueryTestCaseBase.java","138396","368481","506877"
"2015-04-05","QueryTestCaseBase.java","136076","302357","438433"
"2014-05-28","QueryTestCaseBase.java","110011","156891","266902"
"2015-08-13","QueryTestCaseBase.java","138655","370879","509534"
"2014-02-07","QueryTestCaseBase.java","866","2263","3129"
"2014-12-08","QueryTestCaseBase.java","121105","260874","381979"
"2015-09-23","QueryTestCaseBase.java","139398","399358","538756"
"2015-09-03","QueryTestCaseBase.java","139023","376577","515600"
"2014-05-08","QueryTestCaseBase.java","109650","144672","254322"
"2015-07-30","QueryTestCaseBase.java","138390","366207","504597"
"2014-06-02","QueryTestCaseBase.java","109993","157814","267807"
"2014-07-15","QueryTestCaseBase.java","110275","168107","278382"
"2015-03-24","QueryTestCaseBase.java","88463","129875","218338"
"2015-07-20","QueryTestCaseBase.java","110949","211603","322552"
"2015-08-19","QueryTestCaseBase.java","143078","255090","398168"
"2014-12-12","QueryTestCaseBase.java","65983","93519","159502"
"2015-05-19","QueryTestCaseBase.java","101158","192779","293937"
"2015-08-20","QueryTestCaseBase.java","143298","255912","399210"
"2015-09-17","QueryTestCaseBase.java","148515","282927","431442"
"2015-07-22","QueryTestCaseBase.java","111159","212416","323575"
"2015-05-27","QueryTestCaseBase.java","101319","194626","295945"
"2015-06-25","QueryTestCaseBase.java","104590","204784","309374"
"2015-08-14","QueryTestCaseBase.java","143026","254009","397035"
"2015-08-25","QueryTestCaseBase.java","143582","256988","400570"
"2014-12-12","QueryTestCaseBase.java","46437","65909","112346"
"2015-08-04","QueryTestCaseBase.java","112979","219709","332688"
"2015-04-05","QueryTestCaseBase.java","90260","133186","223446"
"2015-08-13","QueryTestCaseBase.java","113738","222607","336345"
"2014-12-08","QueryTestCaseBase.java","43481","59895","103376"
"2015-09-23","QueryTestCaseBase.java","148796","285401","434197"
"2015-09-03","QueryTestCaseBase.java","144003","258202","402205"
"2015-07-30","QueryTestCaseBase.java","112569","217031","329600"
"2015-06-02","FieldSerializerDeserializer.java","19920","63865","83785"
"2015-04-29","FieldSerializerDeserializer.java","1668","4550","6218"
"2015-08-13","Repartitioner.java","105020","282457","387477"
"2015-12-24","Repartitioner.java","136151","353393","489544"
"2014-10-25","Repartitioner.java","35731","104478","140209"
"2014-12-22","Repartitioner.java","68260","165147","233407"
"2015-06-24","Repartitioner.java","96945","265605","362550"
"2015-11-17","Repartitioner.java","135785","347274","483059"
"2015-05-27","Repartitioner.java","95006","259481","354487"
"2015-03-03","Repartitioner.java","79147","183126","262273"
"2014-10-09","Repartitioner.java","6084","75925","82009"
"2015-09-23","Repartitioner.java","135157","340330","475487"
"2015-01-06","Repartitioner.java","70043","172259","242302"
"2014-08-21","Repartitioner.java","3602","16678","20280"
"2015-10-09","Repartitioner.java","135354","344908","480262"
"2014-12-12","Repartitioner.java","63500","159604","223104"
"2015-09-28","Repartitioner.java","135218","344070","479288"
"2014-07-15","Repartitioner.java","281","1132","1413"
"2014-08-04","Repartitioner.java","1825","7609","9434"
"2014-12-18","Repartitioner.java","66089","162476","228565"
"2014-10-08","Repartitioner.java","5974","74261","80235"
"2014-07-28","Repartitioner.java","1594","6161","7755"
"2014-07-15","Repartitioner.java","256","930","1186"
"2014-08-11","Repartitioner.java","3000","10750","13750"
"2015-06-23","Repartitioner.java","96841","264496","361337"
"2015-06-02","FieldSerializerDeserializer.java","18369","59432","77801"
"2015-04-29","OutputHandler.java","1668","4550","6218"
"2015-08-13","Repartitioner.java","101692","285874","387566"
"2015-12-24","Repartitioner.java","131125","355112","486237"
"2014-10-25","Repartitioner.java","34770","110262","145032"
"2014-12-22","Repartitioner.java","67206","170838","238044"
"2014-07-07","Repartitioner.java","27","321","348"
"2015-06-24","Repartitioner.java","93651","269056","362707"
"2014-07-11","Repartitioner.java","1132","7877","9009"
"2015-11-17","Repartitioner.java","130766","349000","479766"
"2014-07-09","Repartitioner.java","1083","7416","8499"
"2015-05-27","Repartitioner.java","91746","262966","354712"
"2015-03-03","Repartitioner.java","77906","188630","266536"
"2014-10-09","Repartitioner.java","6979","83565","90544"
"2015-09-23","Repartitioner.java","130139","342057","472196"
"2015-01-06","Repartitioner.java","68988","177949","246937"
"2014-08-21","Repartitioner.java","4536","24357","28893"
"2015-10-09","Repartitioner.java","130335","346634","476969"
"2014-12-12","Repartitioner.java","62488","165337","227825"
"2015-09-28","Repartitioner.java","130199","345796","475995"
"2014-07-15","Repartitioner.java","1399","8995","10394"
"2014-08-04","Repartitioner.java","2863","15392","18255"
"2014-12-18","Repartitioner.java","65060","168192","233252"
"2014-10-08","Repartitioner.java","6879","81911","88790"
"2014-07-28","Repartitioner.java","2632","13944","16576"
"2014-07-15","Repartitioner.java","1374","8793","10167"
"2014-08-11","Repartitioner.java","3998","18493","22491"
"2015-06-23","Repartitioner.java","93548","267948","361496"
"2015-08-13","Repartitioner.java","101589","285877","387466"
"2015-12-24","Repartitioner.java","131022","355115","486137"
"2014-10-25","Repartitioner.java","34774","110372","145146"
"2014-12-22","Repartitioner.java","67209","170947","238156"
"2014-07-07","Repartitioner.java","35","435","470"
"2015-06-24","Repartitioner.java","93549","269060","362609"
"2014-07-11","Repartitioner.java","1138","7989","9127"
"2014-06-30","Repartitioner.java","8","114","122"
"2015-11-17","Repartitioner.java","130663","349003","479666"
"2014-07-09","Repartitioner.java","1089","7528","8617"
"2015-05-27","Repartitioner.java","91644","262970","354614"
"2015-03-03","Repartitioner.java","77896","188726","266622"
"2014-10-09","Repartitioner.java","6984","83676","90660"
"2015-09-23","Repartitioner.java","130036","342060","472096"
"2015-01-06","Repartitioner.java","68991","178058","247049"
"2014-08-21","Repartitioner.java","4541","24468","29009"
"2015-10-09","Repartitioner.java","130232","346637","476869"
"2014-12-12","Repartitioner.java","62491","165446","227937"
"2015-09-28","Repartitioner.java","130096","345799","475895"
"2014-07-15","Repartitioner.java","1405","9107","10512"
"2014-08-04","Repartitioner.java","2869","15504","18373"
"2014-12-18","Repartitioner.java","65063","168301","233364"
"2014-10-08","Repartitioner.java","6884","82022","88906"
"2014-07-28","Repartitioner.java","2638","14056","16694"
"2014-07-15","Repartitioner.java","1380","8905","10285"
"2014-08-11","Repartitioner.java","4003","18604","22607"
"2015-06-23","Repartitioner.java","93446","267952","361398"
"2015-03-24","QueryTestCaseBase.java","31623","45499","77122"
"2015-07-20","QueryTestCaseBase.java","64262","137380","201642"
"2015-08-19","QueryTestCaseBase.java","106016","190492","296508"
"2015-05-19","QueryTestCaseBase.java","48816","112901","161717"
"2015-08-20","QueryTestCaseBase.java","106260","191338","297598"
"2015-09-17","QueryTestCaseBase.java","113411","220287","333698"
"2015-07-22","QueryTestCaseBase.java","65125","138846","203971"
"2015-05-27","QueryTestCaseBase.java","51399","117170","168569"
"2015-06-25","QueryTestCaseBase.java","56229","128887","185116"
"2015-08-14","QueryTestCaseBase.java","105955","189402","295357"
"2015-08-25","QueryTestCaseBase.java","106697","192567","299264"
"2015-08-04","QueryTestCaseBase.java","70443","149637","220080"
"2015-04-05","QueryTestCaseBase.java","34492","49882","84374"
"2015-08-13","QueryTestCaseBase.java","71495","152828","224323"
"2015-09-23","QueryTestCaseBase.java","113925","222994","336919"
"2015-09-03","QueryTestCaseBase.java","109889","196552","306441"
"2015-07-30","QueryTestCaseBase.java","69968","146894","216862"
"2015-12-24","Repartitioner.java","7801","13554","21355"
"2015-07-20","QueryTestCaseBase.java","29163","38196","67359"
"2015-08-19","QueryTestCaseBase.java","116126","136517","252643"
"2015-08-20","QueryTestCaseBase.java","116505","137498","254003"
"2015-09-17","QueryTestCaseBase.java","125292","168083","293375"
"2015-07-22","QueryTestCaseBase.java","30115","39751","69866"
"2015-05-27","QueryTestCaseBase.java","3318","5004","8322"
"2015-06-25","QueryTestCaseBase.java","13723","22296","36019"
"2015-08-14","QueryTestCaseBase.java","116010","135372","251382"
"2015-08-25","QueryTestCaseBase.java","117163","138948","256111"
"2015-08-04","QueryTestCaseBase.java","36773","51882","88655"
"2015-08-13","QueryTestCaseBase.java","38321","55569","93890"
"2015-09-23","QueryTestCaseBase.java","126247","171231","297478"
"2015-09-03","QueryTestCaseBase.java","121085","143663","264748"
"2015-07-30","QueryTestCaseBase.java","36007","48848","84855"
"2015-08-13","Repartitioner.java","104771","282620","387391"
"2015-12-24","Repartitioner.java","135880","353534","489414"
"2014-10-25","Repartitioner.java","35704","104863","140567"
"2014-12-22","Repartitioner.java","68201","165500","233701"
"2015-06-24","Repartitioner.java","96696","265768","362464"
"2014-07-11","Repartitioner.java","56","468","524"
"2015-11-17","Repartitioner.java","135514","347415","482929"
"2015-05-27","Repartitioner.java","94770","259657","354427"
"2015-03-03","Repartitioner.java","79066","183457","262523"
"2014-10-09","Repartitioner.java","6058","76311","82369"
"2015-09-23","Repartitioner.java","134886","340471","475357"
"2015-01-06","Repartitioner.java","69984","172612","242596"
"2014-08-21","Repartitioner.java","3601","17089","20690"
"2015-10-09","Repartitioner.java","135083","345049","480132"
"2014-12-12","Repartitioner.java","63454","159970","223424"
"2015-09-28","Repartitioner.java","134947","344211","479158"
"2014-07-15","Repartitioner.java","323","1586","1909"
"2014-08-04","Repartitioner.java","1837","8033","9870"
"2014-12-18","Repartitioner.java","66042","162841","228883"
"2014-10-08","Repartitioner.java","5948","74647","80595"
"2014-07-28","Repartitioner.java","1606","6585","8191"
"2014-07-15","Repartitioner.java","298","1384","1682"
"2014-08-11","Repartitioner.java","3000","11162","14162"
"2015-06-23","Repartitioner.java","96592","264659","361251"
"2015-08-13","Repartitioner.java","32782","45744","78526"
"2015-12-24","Repartitioner.java","130708","183475","314183"
"2015-06-24","Repartitioner.java","6558","10743","17301"
"2015-11-17","Repartitioner.java","128880","175894","304774"
"2015-09-23","Repartitioner.java","126486","167184","293670"
"2015-10-09","Repartitioner.java","127224","172303","299527"
"2015-09-28","Repartitioner.java","126846","171223","298069"
"2015-06-23","Repartitioner.java","4357","7537","11894"
"2015-09-17","QueryTestCaseBase.java","19834","41632","61466"
"2015-08-25","QueryTestCaseBase.java","6912","7704","14616"
"2015-09-23","QueryTestCaseBase.java","21370","45361","66731"
"2015-09-03","QueryTestCaseBase.java","11515","13100","24615"
"2015-03-24","QueryTestCaseBase.java","144740","293228","437968"
"2015-07-20","QueryTestCaseBase.java","148435","356165","504600"
"2015-08-19","QueryTestCaseBase.java","149437","368525","517962"
"2014-10-08","QueryTestCaseBase.java","116855","223931","340786"
"2014-12-12","QueryTestCaseBase.java","141143","275755","416898"
"2015-05-19","QueryTestCaseBase.java","146888","345585","492473"
"2015-08-20","QueryTestCaseBase.java","149604","369294","518898"
"2015-09-17","QueryTestCaseBase.java","150311","391799","542110"
"2014-04-18","QueryTestCaseBase.java","3266","16407","19673"
"2014-08-11","QueryTestCaseBase.java","116292","162550","278842"
"2015-07-22","QueryTestCaseBase.java","148435","356768","505203"
"2015-05-27","QueryTestCaseBase.java","146889","347272","494161"
"2014-04-30","QueryTestCaseBase.java","113924","129894","243818"
"2015-06-25","QueryTestCaseBase.java","147333","354603","501936"
"2014-06-24","QueryTestCaseBase.java","114900","149718","264618"
"2015-08-14","QueryTestCaseBase.java","149394","367453","516847"
"2015-08-25","QueryTestCaseBase.java","149606","370088","519694"
"2014-05-12","QueryTestCaseBase.java","114468","134996","249464"
"2014-12-12","QueryTestCaseBase.java","128562","255110","383672"
"2014-04-10","QueryTestCaseBase.java","2451","12939","15390"
"2014-03-31","QueryTestCaseBase.java","1166","6028","7194"
"2015-08-04","QueryTestCaseBase.java","148691","362497","511188"
"2015-04-05","QueryTestCaseBase.java","145044","295046","440090"
"2014-05-28","QueryTestCaseBase.java","114813","145414","260227"
"2015-08-13","QueryTestCaseBase.java","149312","365257","514569"
"2014-12-08","QueryTestCaseBase.java","128524","252014","380538"
"2015-09-23","QueryTestCaseBase.java","150362","394043","544405"
"2015-09-03","QueryTestCaseBase.java","149915","371190","521105"
"2014-05-08","QueryTestCaseBase.java","114424","133167","247591"
"2015-07-30","QueryTestCaseBase.java","148637","360175","508812"
"2014-06-02","QueryTestCaseBase.java","114825","146367","261192"
"2014-07-15","QueryTestCaseBase.java","115277","156830","272107"
"2015-09-23","QueryTestCaseBase.java","1713","3906","5619"
"2015-08-13","Repartitioner.java","50584","124042","174626"
"2015-12-24","Repartitioner.java","99870","213133","313003"
"2015-06-24","Repartitioner.java","31954","96635","128589"
"2015-11-17","Repartitioner.java","98435","205945","304380"
"2015-05-27","Repartitioner.java","27500","87996","115496"
"2015-09-23","Repartitioner.java","96372","197566","293938"
"2015-10-09","Repartitioner.java","96978","202553","299531"
"2015-09-28","Repartitioner.java","96635","201508","298143"
"2015-06-23","Repartitioner.java","30872","94548","125420"
"2015-03-24","QueryTestCaseBase.java","154032","289379","443411"
"2015-07-20","QueryTestCaseBase.java","158298","352887","511185"
"2015-08-19","QueryTestCaseBase.java","159321","365268","524589"
"2014-10-08","QueryTestCaseBase.java","121432","215367","336799"
"2014-12-12","QueryTestCaseBase.java","150312","271783","422095"
"2015-05-19","QueryTestCaseBase.java","156619","342175","498794"
"2015-08-20","QueryTestCaseBase.java","159503","366052","525555"
"2015-09-17","QueryTestCaseBase.java","160339","388686","549025"
"2014-08-11","QueryTestCaseBase.java","120794","153911","274705"
"2015-07-22","QueryTestCaseBase.java","158298","353490","511788"
"2015-05-27","QueryTestCaseBase.java","156620","343862","500482"
"2014-04-30","QueryTestCaseBase.java","118144","120973","239117"
"2015-06-25","QueryTestCaseBase.java","157067","351196","508263"
"2014-06-24","QueryTestCaseBase.java","119261","140938","260199"
"2015-08-14","QueryTestCaseBase.java","159277","364195","523472"
"2015-08-25","QueryTestCaseBase.java","159505","366846","526351"
"2014-05-12","QueryTestCaseBase.java","118746","126133","244879"
"2014-12-12","QueryTestCaseBase.java","134221","247628","381849"
"2015-08-04","QueryTestCaseBase.java","158576","359241","517817"
"2015-04-05","QueryTestCaseBase.java","154458","291319","445777"
"2014-05-28","QueryTestCaseBase.java","119165","136625","255790"
"2015-08-13","QueryTestCaseBase.java","159194","361998","521192"
"2014-12-08","QueryTestCaseBase.java","134147","244496","378643"
"2015-09-23","QueryTestCaseBase.java","160406","390946","551352"
"2015-09-03","QueryTestCaseBase.java","159913","368047","527960"
"2014-05-08","QueryTestCaseBase.java","118702","124304","243006"
"2015-07-30","QueryTestCaseBase.java","158529","356926","515455"
"2014-06-02","QueryTestCaseBase.java","119177","137578","256755"
"2014-07-15","QueryTestCaseBase.java","119669","148081","267750"
"2015-08-13","Repartitioner.java","114729","222325","337054"
"2015-12-24","Repartitioner.java","151056","298457","449513"
"2014-10-25","Repartitioner.java","32790","31696","64486"
"2014-12-22","Repartitioner.java","71497","98543","170040"
"2015-06-24","Repartitioner.java","105577","204396","309973"
"2015-11-17","Repartitioner.java","150527","292175","442702"
"2015-05-27","Repartitioner.java","103095","197729","300824"
"2015-03-03","Repartitioner.java","84425","118563","202988"
"2015-09-23","Repartitioner.java","149787","285119","434906"
"2015-01-06","Repartitioner.java","73499","105874","179373"
"2015-10-09","Repartitioner.java","150022","289735","439757"
"2014-12-12","Repartitioner.java","65928","92191","158119"
"2015-09-28","Repartitioner.java","149861","288872","438733"
"2014-12-18","Repartitioner.java","69054","95600","164654"
"2015-06-23","Repartitioner.java","105521","203335","308856"
"2015-04-29","StreamingUtil.java","1668","4550","6218"
"2015-06-02","TextFieldSerializerDeserializer.java","19920","63865","83785"
"2015-05-14","TextFieldSerializerDeserializer.java","4551","8001","12552"
"2015-04-29","TextFieldSerializerDeserializer.java","1668","4550","6218"
"2015-03-24","QueryTestCaseBase.java","84289","186519","270808"
"2015-07-20","QueryTestCaseBase.java","104821","266293","371114"
"2015-08-19","QueryTestCaseBase.java","133822","306652","440474"
"2014-10-08","QueryTestCaseBase.java","3408","64226","67634"
"2014-12-12","QueryTestCaseBase.java","64622","152976","217598"
"2015-05-19","QueryTestCaseBase.java","96106","248545","344651"
"2015-08-20","QueryTestCaseBase.java","134023","307455","441478"
"2015-09-17","QueryTestCaseBase.java","139183","334413","473596"
"2015-07-22","QueryTestCaseBase.java","105001","267076","372077"
"2015-05-27","QueryTestCaseBase.java","96257","250382","346639"
"2015-06-25","QueryTestCaseBase.java","99093","260105","359198"
"2015-08-14","QueryTestCaseBase.java","133774","305575","439349"
"2015-08-25","QueryTestCaseBase.java","134306","308530","442836"
"2014-12-12","QueryTestCaseBase.java","45863","126153","172016"
"2015-08-04","QueryTestCaseBase.java","106544","274092","380636"
"2015-04-05","QueryTestCaseBase.java","85958","189702","275660"
"2015-08-13","QueryTestCaseBase.java","107276","276963","384239"
"2014-12-08","QueryTestCaseBase.java","43624","120856","164480"
"2015-09-23","QueryTestCaseBase.java","139331","336754","476085"
"2015-09-03","QueryTestCaseBase.java","134725","309742","444467"
"2015-07-30","QueryTestCaseBase.java","106242","271522","377764"
"2015-12-24","Repartitioner.java","11692","23761","35453"
"2015-11-17","Repartitioner.java","4100","10416","14516"
"2015-10-09","Repartitioner.java","1719","6100","7819"
"2015-09-28","Repartitioner.java","809","4488","5297"
"2015-06-02","TextFieldSerializerDeserializer.java","15331","55826","71157"
"2015-08-19","QueryTestCaseBase.java","102999","113754","216753"
"2015-08-20","QueryTestCaseBase.java","103469","114826","218295"
"2015-09-17","QueryTestCaseBase.java","113038","146193","259231"
"2015-08-14","QueryTestCaseBase.java","102881","112607","215488"
"2015-08-25","QueryTestCaseBase.java","104542","116691","221233"
"2015-08-04","QueryTestCaseBase.java","7820","13293","21113"
"2015-08-13","QueryTestCaseBase.java","10549","18161","28710"
"2015-09-23","QueryTestCaseBase.java","114263","149611","263874"
"2015-09-03","QueryTestCaseBase.java","108469","121411","229880"
"2015-07-30","QueryTestCaseBase.java","6598","9803","16401"
"2015-08-13","Repartitioner.java","68074","143295","211369"
"2015-12-24","Repartitioner.java","114550","229576","344126"
"2015-06-24","Repartitioner.java","51660","118104","169764"
"2015-11-17","Repartitioner.java","113258","222531","335789"
"2015-05-27","Repartitioner.java","47476","109735","157211"
"2015-03-03","Repartitioner.java","21122","22885","44007"
"2015-09-23","Repartitioner.java","111251","214208","325459"
"2015-10-09","Repartitioner.java","111814","219152","330966"
"2015-09-28","Repartitioner.java","111479","218115","329594"
"2015-06-23","Repartitioner.java","50650","116089","166739"
"2015-08-13","Repartitioner.java","111198","275559","386757"
"2015-12-24","Repartitioner.java","145037","349203","494240"
"2014-10-25","Repartitioner.java","35021","90692","125713"
"2014-12-22","Repartitioner.java","72107","155918","228025"
"2015-06-24","Repartitioner.java","102934","258518","361452"
"2015-11-17","Repartitioner.java","144643","343056","487699"
"2015-05-27","Repartitioner.java","100838","252237","353075"
"2015-03-03","Repartitioner.java","84308","175211","259519"
"2014-10-09","Repartitioner.java","2904","59669","62573"
"2015-09-23","Repartitioner.java","143976","336073","480049"
"2015-01-06","Repartitioner.java","73906","163046","236952"
"2015-10-09","Repartitioner.java","144174","340652","484826"
"2014-12-12","Repartitioner.java","66670","149698","216368"
"2015-09-28","Repartitioner.java","144038","339814","483852"
"2014-12-18","Repartitioner.java","69756","153067","222823"
"2014-10-08","Repartitioner.java","2791","58002","60793"
"2015-06-23","Repartitioner.java","102837","257416","360253"
"2015-06-02","TextFieldSerializerDeserializer.java","18369","59432","77801"
"2015-05-14","TextFieldSerializerDeserializer.java","2923","3491","6414"
"2015-07-20","QueryTestCaseBase.java","26677","34024","60701"
"2015-08-19","QueryTestCaseBase.java","114152","132857","247009"
"2015-08-20","QueryTestCaseBase.java","114531","133838","248369"
"2015-09-17","QueryTestCaseBase.java","123626","164731","288357"
"2015-07-22","QueryTestCaseBase.java","27635","35585","63220"
"2015-06-25","QueryTestCaseBase.java","11024","17911","28935"
"2015-08-14","QueryTestCaseBase.java","114036","131712","245748"
"2015-08-25","QueryTestCaseBase.java","115422","135521","250943"
"2015-08-04","QueryTestCaseBase.java","34297","47720","82017"
"2015-08-13","QueryTestCaseBase.java","35876","51438","87314"
"2015-09-23","QueryTestCaseBase.java","124608","167906","292514"
"2015-09-03","QueryTestCaseBase.java","119345","140237","259582"
"2015-07-30","QueryTestCaseBase.java","33530","44685","78215"
"2015-03-24","QueryTestCaseBase.java","83270","215788","299058"
"2015-07-20","QueryTestCaseBase.java","98654","290414","389068"
"2015-08-19","QueryTestCaseBase.java","119984","323102","443086"
"2014-10-08","QueryTestCaseBase.java","13870","104976","118846"
"2014-12-12","QueryTestCaseBase.java","65584","184226","249810"
"2015-05-19","QueryTestCaseBase.java","91418","274145","365563"
"2015-08-20","QueryTestCaseBase.java","120168","323888","444056"
"2015-09-17","QueryTestCaseBase.java","124773","350291","475064"
"2014-08-11","QueryTestCaseBase.java","11282","41570","52852"
"2015-07-22","QueryTestCaseBase.java","98823","291186","390009"
"2015-05-27","QueryTestCaseBase.java","91569","275982","367551"
"2015-06-25","QueryTestCaseBase.java","93562","284862","378424"
"2014-06-24","QueryTestCaseBase.java","3677","22525","26202"
"2015-08-14","QueryTestCaseBase.java","119936","322025","441961"
"2015-08-25","QueryTestCaseBase.java","120450","324962","445412"
"2014-05-12","QueryTestCaseBase.java","1287","5845","7132"
"2014-12-12","QueryTestCaseBase.java","49093","159671","208764"
"2015-08-04","QueryTestCaseBase.java","100122","297958","398080"
"2015-04-05","QueryTestCaseBase.java","84486","218518","303004"
"2014-05-28","QueryTestCaseBase.java","2834","17465","20299"
"2015-08-13","QueryTestCaseBase.java","100826","300801","401627"
"2014-12-08","QueryTestCaseBase.java","46944","154464","201408"
"2015-09-23","QueryTestCaseBase.java","124889","352600","477489"
"2015-09-03","QueryTestCaseBase.java","120868","326173","447041"
"2014-05-08","QueryTestCaseBase.java","1157","3930","5087"
"2015-07-30","QueryTestCaseBase.java","99847","295415","395262"
"2014-06-02","QueryTestCaseBase.java","3239","18811","22050"
"2014-07-15","QueryTestCaseBase.java","9143","34726","43869"
"2015-12-24","Repartitioner.java","10168","17856","28024"
"2015-11-17","Repartitioner.java","2449","4384","6833"
"2015-07-20","QueryTestCaseBase.java","18029","18489","36518"
"2015-08-19","QueryTestCaseBase.java","113329","125147","238476"
"2015-08-20","QueryTestCaseBase.java","113761","126181","239942"
"2015-09-17","QueryTestCaseBase.java","123084","157302","280386"
"2015-07-22","QueryTestCaseBase.java","19007","20070","39077"
"2015-08-14","QueryTestCaseBase.java","113213","124002","237215"
"2015-08-25","QueryTestCaseBase.java","114776","127988","242764"
"2015-08-04","QueryTestCaseBase.java","26243","32779","59022"
"2015-08-13","QueryTestCaseBase.java","27871","36546","64417"
"2015-09-23","QueryTestCaseBase.java","124229","160640","284869"
"2015-09-03","QueryTestCaseBase.java","118621","132626","251247"
"2015-07-30","QueryTestCaseBase.java","25423","29691","55114"
"2015-03-24","QueryTestCaseBase.java","85543","199213","284756"
"2015-07-20","QueryTestCaseBase.java","103065","275977","379042"
"2015-08-19","QueryTestCaseBase.java","128335","312605","440940"
"2014-10-08","QueryTestCaseBase.java","11374","83632","95006"
"2014-12-12","QueryTestCaseBase.java","66716","166510","233226"
"2015-05-19","QueryTestCaseBase.java","94875","258754","353629"
"2015-08-20","QueryTestCaseBase.java","128535","313407","441942"
"2015-09-17","QueryTestCaseBase.java","133367","340037","473404"
"2014-08-11","QueryTestCaseBase.java","8451","19891","28342"
"2015-07-22","QueryTestCaseBase.java","103241","276756","379997"
"2015-05-27","QueryTestCaseBase.java","95026","260591","355617"
"2015-06-25","QueryTestCaseBase.java","97412","269864","367276"
"2015-08-14","QueryTestCaseBase.java","128287","311528","439815"
"2015-08-25","QueryTestCaseBase.java","128816","314480","443296"
"2014-12-12","QueryTestCaseBase.java","50104","141834","191938"
"2015-08-04","QueryTestCaseBase.java","104707","283695","388402"
"2015-04-05","QueryTestCaseBase.java","86856","202040","288896"
"2015-08-13","QueryTestCaseBase.java","105429","286556","391985"
"2014-12-08","QueryTestCaseBase.java","47910","136582","184492"
"2015-09-23","QueryTestCaseBase.java","133504","342367","475871"
"2015-09-03","QueryTestCaseBase.java","129235","315692","444927"
"2015-07-30","QueryTestCaseBase.java","104419","281139","385558"
"2014-07-15","QueryTestCaseBase.java","5969","12704","18673"
"2015-04-29","TextLineDeserializer.java","1668","4550","6218"
"2015-07-22","TextLineSerDe.java","36014","85285","121299"
"2015-04-29","TextLineSerializer.java","1668","4550","6218"
"2015-08-19","QueryTestCaseBase.java","212","1241","1453"
"2015-08-20","QueryTestCaseBase.java","2429","4060","6489"
"2015-09-17","QueryTestCaseBase.java","22194","45623","67817"
"2015-08-25","QueryTestCaseBase.java","9337","11760","21097"
"2015-09-23","QueryTestCaseBase.java","23722","49344","73066"
"2015-09-03","QueryTestCaseBase.java","13917","17133","31050"
"2015-09-17","QueryTestCaseBase.java","13086","34092","47178"
"2015-09-23","QueryTestCaseBase.java","14625","37824","52449"
"2015-09-03","QueryTestCaseBase.java","4609","5402","10011"
"2015-07-20","GreedyHeuristicJoinOrderAlgorithm.java","114909","376647","491556"
"2013-12-05","GreedyHeuristicJoinOrderAlgorithm.java","17848","29313","47161"
"2015-03-20","GreedyHeuristicJoinOrderAlgorithm.java","114885","313549","428434"
"2015-10-20","GreedyHeuristicJoinOrderAlgorithm.java","116131","415696","531827"
"2015-02-17","GreedyHeuristicJoinOrderAlgorithm.java","113871","306954","420825"
"2014-02-04","GreedyHeuristicJoinOrderAlgorithm.java","44945","80031","124976"
"2015-07-22","GreedyHeuristicJoinOrderAlgorithm.java","115400","375098","490498"
"2015-07-29","GreedyHeuristicJoinOrderAlgorithm.java","115403","376935","492338"
"2015-11-10","GreedyHeuristicJoinOrderAlgorithm.java","116175","417011","533186"
"2014-06-24","GreedyHeuristicJoinOrderAlgorithm.java","112844","199027","311871"
"2015-08-25","GreedyHeuristicJoinOrderAlgorithm.java","115724","387571","503295"
"2015-08-14","GreedyHeuristicJoinOrderAlgorithm.java","115689","384636","500325"
"2013-12-18","GreedyHeuristicJoinOrderAlgorithm.java","18852","39197","58049"
"2013-10-27","GreedyHeuristicJoinOrderAlgorithm.java","12108","11702","23810"
"2013-12-15","GreedyHeuristicJoinOrderAlgorithm.java","18273","36396","54669"
"2015-10-20","GreedyHeuristicJoinOrderAlgorithm.java","125414","163241","288655"
"2015-07-22","GreedyHeuristicJoinOrderAlgorithm.java","13334","11294","24628"
"2015-07-29","GreedyHeuristicJoinOrderAlgorithm.java","16978","16772","33750"
"2015-11-10","GreedyHeuristicJoinOrderAlgorithm.java","126024","165122","291146"
"2015-08-25","GreedyHeuristicJoinOrderAlgorithm.java","114860","124969","239829"
"2015-08-14","GreedyHeuristicJoinOrderAlgorithm.java","22597","29806","52403"
"2015-07-20","GreedyHeuristicJoinOrderAlgorithm.java","123110","373383","496493"
"2015-03-20","GreedyHeuristicJoinOrderAlgorithm.java","122822","310021","432843"
"2015-10-20","GreedyHeuristicJoinOrderAlgorithm.java","124352","412452","536804"
"2015-02-17","GreedyHeuristicJoinOrderAlgorithm.java","120320","301938","422258"
"2014-02-04","GreedyHeuristicJoinOrderAlgorithm.java","39147","62768","101915"
"2015-07-22","GreedyHeuristicJoinOrderAlgorithm.java","123570","371803","495373"
"2015-07-29","GreedyHeuristicJoinOrderAlgorithm.java","123574","373641","497215"
"2015-11-10","GreedyHeuristicJoinOrderAlgorithm.java","124398","413769","538167"
"2014-06-24","GreedyHeuristicJoinOrderAlgorithm.java","118917","193635","312552"
"2015-08-25","GreedyHeuristicJoinOrderAlgorithm.java","123932","384314","508246"
"2015-08-14","GreedyHeuristicJoinOrderAlgorithm.java","123897","381379","505276"
"2013-12-18","GreedyHeuristicJoinOrderAlgorithm.java","3030","11910","14940"
"2013-12-15","GreedyHeuristicJoinOrderAlgorithm.java","1356","8014","9370"
"2015-07-20","GreedyHeuristicJoinOrderAlgorithm.java","30112","93186","123298"
"2015-10-20","GreedyHeuristicJoinOrderAlgorithm.java","94849","195750","290599"
"2015-07-22","GreedyHeuristicJoinOrderAlgorithm.java","40411","101445","141856"
"2015-07-29","GreedyHeuristicJoinOrderAlgorithm.java","43149","106017","149166"
"2015-11-10","GreedyHeuristicJoinOrderAlgorithm.java","95359","197531","292890"
"2015-08-25","GreedyHeuristicJoinOrderAlgorithm.java","85945","159128","245073"
"2015-08-14","GreedyHeuristicJoinOrderAlgorithm.java","47887","118170","166057"
"2015-11-10","GreedyHeuristicJoinOrderAlgorithm.java","902","2173","3075"
"2014-01-02","Repartitioner.java","30276","81193","111469"
"2014-02-27","Repartitioner.java","52005","118425","170430"
"2015-08-13","Repartitioner.java","92742","386574","479316"
"2015-12-24","Repartitioner.java","93176","426813","519989"
"2014-10-25","Repartitioner.java","90841","275983","366824"
"2014-12-22","Repartitioner.java","91070","304352","395422"
"2014-04-05","Repartitioner.java","54105","140977","195082"
"2014-07-07","Repartitioner.java","90189","200133","290322"
"2015-06-24","Repartitioner.java","92058","377113","469171"
"2014-02-27","Repartitioner.java","52002","118342","170344"
"2014-07-11","Repartitioner.java","90186","206581","296767"
"2014-06-30","Repartitioner.java","90189","199839","290028"
"2014-06-27","Repartitioner.java","90189","199733","289922"
"2015-11-17","Repartitioner.java","93152","421036","514188"
"2014-07-09","Repartitioner.java","90186","206169","296355"
"2015-05-27","Repartitioner.java","92072","372942","465014"
"2015-03-03","Repartitioner.java","91066","311440","402506"
"2014-10-09","Repartitioner.java","90658","276894","367552"
"2015-09-23","Repartitioner.java","93091","414659","507750"
"2015-01-06","Repartitioner.java","91071","309682","400753"
"2014-08-21","Repartitioner.java","90597","220068","310665"
"2015-10-09","Repartitioner.java","93119","419068","512187"
"2014-06-12","Repartitioner.java","90192","201308","291500"
"2014-06-26","Repartitioner.java","90189","199539","289728"
"2014-04-28","Repartitioner.java","89851","183375","273226"
"2014-01-07","Repartitioner.java","32017","83226","115243"
"2014-12-12","Repartitioner.java","90885","303384","394269"
"2015-09-28","Repartitioner.java","93099","418346","511445"
"2014-07-15","Repartitioner.java","90186","207432","297618"
"2014-08-04","Repartitioner.java","90565","212744","303309"
"2014-12-18","Repartitioner.java","91070","303852","394922"
"2014-10-08","Repartitioner.java","90653","275335","365988"
"2014-07-28","Repartitioner.java","90488","211450","301938"
"2014-06-11","Repartitioner.java","90192","201021","291213"
"2014-07-15","Repartitioner.java","90186","207255","297441"
"2014-08-11","Repartitioner.java","90587","214732","305319"
"2015-06-23","Repartitioner.java","92058","376108","468166"
"2014-01-07","Repartitioner.java","30814","81926","112740"
"2014-01-02","Repartitioner.java","30737","81818","112555"
"2015-08-13","Repartitioner.java","104218","286934","391152"
"2015-12-24","Repartitioner.java","132999","355520","488519"
"2014-10-25","Repartitioner.java","38574","112600","151174"
"2014-12-22","Repartitioner.java","70886","173052","243938"
"2014-07-07","Repartitioner.java","4758","3586","8344"
"2015-06-24","Repartitioner.java","96215","270154","366369"
"2014-07-11","Repartitioner.java","5574","10853","16427"
"2014-06-30","Repartitioner.java","4733","3267","8000"
"2014-06-27","Repartitioner.java","4726","3154","7880"
"2015-11-17","Repartitioner.java","132641","349409","482050"
"2014-07-09","Repartitioner.java","5527","10394","15921"
"2015-05-27","Repartitioner.java","94319","264073","358392"
"2015-03-03","Repartitioner.java","81449","190707","272156"
"2014-10-09","Repartitioner.java","11294","86414","97708"
"2015-09-23","Repartitioner.java","132015","342467","474482"
"2015-01-06","Repartitioner.java","72641","180136","252777"
"2014-08-21","Repartitioner.java","8861","27216","36077"
"2015-10-09","Repartitioner.java","132210","347043","479253"
"2014-06-26","Repartitioner.java","4703","2937","7640"
"2014-12-12","Repartitioner.java","66183","167566","233749"
"2015-09-28","Repartitioner.java","132074","346205","478279"
"2014-07-15","Repartitioner.java","5834","11964","17798"
"2014-08-04","Repartitioner.java","7268","18331","25599"
"2014-12-18","Repartitioner.java","68744","170410","239154"
"2014-10-08","Repartitioner.java","11194","84760","95954"
"2014-07-28","Repartitioner.java","7041","16887","23928"
"2014-07-15","Repartitioner.java","5811","11764","17575"
"2014-08-11","Repartitioner.java","8336","21365","29701"
"2015-06-23","Repartitioner.java","96113","269047","365160"
"2015-07-20","GreedyHeuristicJoinOrderAlgorithm.java","33581","102236","135817"
"2015-03-20","GreedyHeuristicJoinOrderAlgorithm.java","5435","11016","16451"
"2015-10-20","GreedyHeuristicJoinOrderAlgorithm.java","97040","203522","300562"
"2015-07-22","GreedyHeuristicJoinOrderAlgorithm.java","43696","110311","154007"
"2015-07-29","GreedyHeuristicJoinOrderAlgorithm.java","46384","114833","161217"
"2015-11-10","GreedyHeuristicJoinOrderAlgorithm.java","97547","205300","302847"
"2015-08-25","GreedyHeuristicJoinOrderAlgorithm.java","88442","167206","255648"
"2015-08-14","GreedyHeuristicJoinOrderAlgorithm.java","50981","126845","177826"
"2015-07-20","GreedyHeuristicJoinOrderAlgorithm.java","137690","364342","502032"
"2015-03-20","GreedyHeuristicJoinOrderAlgorithm.java","135938","299516","435454"
"2015-10-20","GreedyHeuristicJoinOrderAlgorithm.java","139496","403975","543471"
"2015-02-17","GreedyHeuristicJoinOrderAlgorithm.java","133403","291400","424803"
"2015-07-22","GreedyHeuristicJoinOrderAlgorithm.java","138279","362891","501170"
"2015-07-29","GreedyHeuristicJoinOrderAlgorithm.java","138281","364727","503008"
"2015-11-10","GreedyHeuristicJoinOrderAlgorithm.java","139538","405288","544826"
"2014-06-24","GreedyHeuristicJoinOrderAlgorithm.java","110062","161159","271221"
"2015-08-25","GreedyHeuristicJoinOrderAlgorithm.java","138909","375670","514579"
"2015-08-14","GreedyHeuristicJoinOrderAlgorithm.java","138711","372572","511283"
"2015-03-24","QueryTestCaseBase.java","83745","211705","295450"
"2015-07-20","QueryTestCaseBase.java","99353","286555","385908"
"2015-08-19","QueryTestCaseBase.java","122638","321198","443836"
"2014-10-08","QueryTestCaseBase.java","12847","99395","112242"
"2014-12-12","QueryTestCaseBase.java","65999","180083","246082"
"2015-05-19","QueryTestCaseBase.java","92010","270179","362189"
"2015-08-20","QueryTestCaseBase.java","122838","322000","444838"
"2015-09-17","QueryTestCaseBase.java","127504","348464","475968"
"2014-08-11","QueryTestCaseBase.java","10188","35918","46106"
"2015-07-22","QueryTestCaseBase.java","99523","287328","386851"
"2015-05-27","QueryTestCaseBase.java","92161","272016","364177"
"2015-06-25","QueryTestCaseBase.java","94251","280993","375244"
"2014-06-24","QueryTestCaseBase.java","2410","16700","19110"
"2015-08-14","QueryTestCaseBase.java","122590","320121","442711"
"2015-08-25","QueryTestCaseBase.java","123120","323074","446194"
"2014-12-12","QueryTestCaseBase.java","49495","155515","205010"
"2015-08-04","QueryTestCaseBase.java","100885","294163","395048"
"2015-04-05","QueryTestCaseBase.java","84966","214440","299406"
"2014-05-28","QueryTestCaseBase.java","1556","11629","13185"
"2015-08-13","QueryTestCaseBase.java","101592","297009","398601"
"2014-12-08","QueryTestCaseBase.java","47344","150306","197650"
"2015-09-23","QueryTestCaseBase.java","127621","350774","478395"
"2015-09-03","QueryTestCaseBase.java","123538","324285","447823"
"2015-07-30","QueryTestCaseBase.java","100601","291611","392212"
"2014-06-02","QueryTestCaseBase.java","1961","12975","14936"
"2014-07-15","QueryTestCaseBase.java","7928","28953","36881"
"2015-08-13","Repartitioner.java","101459","285941","387400"
"2015-12-24","Repartitioner.java","130841","355128","485969"
"2014-10-25","Repartitioner.java","34788","110580","145368"
"2014-12-22","Repartitioner.java","67207","171139","238346"
"2014-07-07","Repartitioner.java","97","691","788"
"2015-06-24","Repartitioner.java","93433","269138","362571"
"2014-07-11","Repartitioner.java","1198","8243","9441"
"2014-06-30","Repartitioner.java","70","370","440"
"2014-06-27","Repartitioner.java","62","256","318"
"2015-11-17","Repartitioner.java","130482","349016","479498"
"2014-07-09","Repartitioner.java","1151","7784","8935"
"2015-05-27","Repartitioner.java","91531","263051","354582"
"2015-03-03","Repartitioner.java","77860","188884","266744"
"2014-10-09","Repartitioner.java","6998","83884","90882"
"2015-09-23","Repartitioner.java","129855","342073","471928"
"2015-01-06","Repartitioner.java","68989","178250","247239"
"2014-08-21","Repartitioner.java","4565","24686","29251"
"2015-10-09","Repartitioner.java","130051","346650","476701"
"2014-12-12","Repartitioner.java","62491","165640","228131"
"2015-09-28","Repartitioner.java","129915","345812","475727"
"2014-07-15","Repartitioner.java","1465","9361","10826"
"2014-08-04","Repartitioner.java","2928","15757","18685"
"2014-12-18","Repartitioner.java","65063","168495","233558"
"2014-10-08","Repartitioner.java","6898","82230","89128"
"2014-07-28","Repartitioner.java","2698","14310","17008"
"2014-07-15","Repartitioner.java","1440","9159","10599"
"2014-08-11","Repartitioner.java","4027","18822","22849"
"2015-06-23","Repartitioner.java","93331","268031","361362"
"2015-03-24","QueryTestCaseBase.java","58461","80401","138862"
"2015-07-20","QueryTestCaseBase.java","86085","167267","253352"
"2015-08-19","QueryTestCaseBase.java","122042","214582","336624"
"2015-05-19","QueryTestCaseBase.java","74374","146523","220897"
"2015-08-20","QueryTestCaseBase.java","122271","215413","337684"
"2015-09-17","QueryTestCaseBase.java","128335","243275","371610"
"2015-07-22","QueryTestCaseBase.java","86945","168730","255675"
"2015-05-27","QueryTestCaseBase.java","74538","148373","222911"
"2015-06-25","QueryTestCaseBase.java","78101","158823","236924"
"2015-08-14","QueryTestCaseBase.java","121991","213502","335493"
"2015-08-25","QueryTestCaseBase.java","122707","216641","339348"
"2015-08-04","QueryTestCaseBase.java","89109","176367","265476"
"2015-04-05","QueryTestCaseBase.java","61328","84782","146110"
"2015-08-13","QueryTestCaseBase.java","90018","179415","269433"
"2015-09-23","QueryTestCaseBase.java","128790","245923","374713"
"2015-09-03","QueryTestCaseBase.java","123177","217904","341081"
"2015-07-30","QueryTestCaseBase.java","88641","173631","262272"
"2015-10-20","GreedyHeuristicJoinOrderAlgorithm.java","115582","155449","271031"
"2015-07-29","GreedyHeuristicJoinOrderAlgorithm.java","3739","5573","9312"
"2015-11-10","GreedyHeuristicJoinOrderAlgorithm.java","116198","157336","273534"
"2015-08-25","GreedyHeuristicJoinOrderAlgorithm.java","104542","116691","221233"
"2015-08-14","GreedyHeuristicJoinOrderAlgorithm.java","10815","20064","30879"
"2015-03-24","QueryTestCaseBase.java","141413","299217","440630"
"2015-07-20","QueryTestCaseBase.java","144032","361078","505110"
"2015-08-19","QueryTestCaseBase.java","144586","372990","517576"
"2014-10-08","QueryTestCaseBase.java","115438","231830","347268"
"2014-12-12","QueryTestCaseBase.java","138158","282086","420244"
"2015-05-19","QueryTestCaseBase.java","142890","350903","493793"
"2015-08-20","QueryTestCaseBase.java","144752","373758","518510"
"2014-03-20","QueryTestCaseBase.java","4805","14121","18926"
"2015-09-17","QueryTestCaseBase.java","145221","396025","541246"
"2014-04-18","QueryTestCaseBase.java","7511","29968","37479"
"2014-08-11","QueryTestCaseBase.java","115137","170711","285848"
"2015-07-22","QueryTestCaseBase.java","144032","361681","505713"
"2015-05-27","QueryTestCaseBase.java","142891","352590","495481"
"2014-04-30","QueryTestCaseBase.java","112945","138231","251176"
"2015-06-25","QueryTestCaseBase.java","143293","359879","503172"
"2014-06-24","QueryTestCaseBase.java","113850","157984","271834"
"2015-08-14","QueryTestCaseBase.java","144584","371959","516543"
"2015-08-25","QueryTestCaseBase.java","144754","374552","519306"
"2014-05-12","QueryTestCaseBase.java","113432","143276","256708"
"2014-12-12","QueryTestCaseBase.java","125686","261550","387236"
"2014-04-10","QueryTestCaseBase.java","6781","26585","33366"
"2014-03-31","QueryTestCaseBase.java","5756","19934","25690"
"2015-08-04","QueryTestCaseBase.java","144165","367287","511452"
"2015-04-05","QueryTestCaseBase.java","141628","300946","442574"
"2014-05-28","QueryTestCaseBase.java","113769","153686","267455"
"2015-08-13","QueryTestCaseBase.java","144502","369763","514265"
"2014-12-08","QueryTestCaseBase.java","125681","258487","384168"
"2015-09-23","QueryTestCaseBase.java","145259","398256","543515"
"2015-09-03","QueryTestCaseBase.java","144872","375463","520335"
"2014-05-08","QueryTestCaseBase.java","113401","141460","254861"
"2015-07-30","QueryTestCaseBase.java","144154","365008","509162"
"2014-06-02","QueryTestCaseBase.java","113780","154638","268418"
"2014-07-15","QueryTestCaseBase.java","114156","165025","279181"
"2015-03-24","QueryTestCaseBase.java","152541","290541","443082"
"2015-07-20","QueryTestCaseBase.java","156647","353889","510536"
"2015-08-19","QueryTestCaseBase.java","157618","366218","523836"
"2014-10-08","QueryTestCaseBase.java","121344","217932","339276"
"2014-12-12","QueryTestCaseBase.java","148853","272977","421830"
"2015-05-19","QueryTestCaseBase.java","155033","343242","498275"
"2015-08-20","QueryTestCaseBase.java","157785","366987","524772"
"2015-09-17","QueryTestCaseBase.java","158588","389588","548176"
"2014-04-18","QueryTestCaseBase.java","1044","3697","4741"
"2014-08-11","QueryTestCaseBase.java","120719","156489","277208"
"2015-07-22","QueryTestCaseBase.java","156647","354492","511139"
"2015-05-27","QueryTestCaseBase.java","155034","344929","499963"
"2014-04-30","QueryTestCaseBase.java","118152","123634","241786"
"2015-06-25","QueryTestCaseBase.java","155480","352262","507742"
"2014-06-24","QueryTestCaseBase.java","119251","143581","262832"
"2015-08-14","QueryTestCaseBase.java","157574","365145","522719"
"2015-08-25","QueryTestCaseBase.java","157787","367781","525568"
"2014-05-12","QueryTestCaseBase.java","118745","128785","247530"
"2014-12-12","QueryTestCaseBase.java","133529","249589","383118"
"2015-08-04","QueryTestCaseBase.java","156911","360229","517140"
"2015-04-05","QueryTestCaseBase.java","152965","292479","445444"
"2014-05-28","QueryTestCaseBase.java","119157","139270","258427"
"2015-08-13","QueryTestCaseBase.java","157491","362948","520439"
"2014-12-08","QueryTestCaseBase.java","133455","246457","379912"
"2015-09-23","QueryTestCaseBase.java","158642","391835","550477"
"2015-09-03","QueryTestCaseBase.java","158168","368955","527123"
"2014-05-08","QueryTestCaseBase.java","118701","126956","245657"
"2015-07-30","QueryTestCaseBase.java","156865","357915","514780"
"2014-06-02","QueryTestCaseBase.java","119169","140223","259392"
"2014-07-15","QueryTestCaseBase.java","119647","150712","270359"
"2015-08-13","Repartitioner.java","100835","301143","401978"
"2015-12-24","Repartitioner.java","125631","365744","491375"
"2014-10-25","Repartitioner.java","39173","130791","169964"
"2014-12-22","Repartitioner.java","70020","189778","259798"
"2014-07-07","Repartitioner.java","8316","24736","33052"
"2015-06-24","Repartitioner.java","93574","285105","378679"
"2014-07-11","Repartitioner.java","9040","31911","40951"
"2014-06-30","Repartitioner.java","8291","24417","32708"
"2014-06-27","Repartitioner.java","8285","24305","32590"
"2015-11-17","Repartitioner.java","125349","359709","485058"
"2014-07-09","Repartitioner.java","9009","31468","40477"
"2015-05-27","Repartitioner.java","91989","279335","371324"
"2015-03-03","Repartitioner.java","79814","206664","286478"
"2014-10-09","Repartitioner.java","14031","106743","120774"
"2015-09-23","Repartitioner.java","124750","352794","477544"
"2015-01-06","Repartitioner.java","71719","196806","268525"
"2014-08-21","Repartitioner.java","11888","47835","59723"
"2015-10-09","Repartitioner.java","124933","357358","482291"
"2014-06-12","Repartitioner.java","3638","21230","24868"
"2014-06-26","Repartitioner.java","8262","24088","32350"
"2014-12-12","Repartitioner.java","65615","184590","250205"
"2015-09-28","Repartitioner.java","124807","356530","481337"
"2014-07-15","Repartitioner.java","9216","32938","42154"
"2014-08-04","Repartitioner.java","10598","39253","49851"
"2014-12-18","Repartitioner.java","68077","187335","255412"
"2014-10-08","Repartitioner.java","13933","105091","119024"
"2014-07-28","Repartitioner.java","10416","37854","48270"
"2014-06-11","Repartitioner.java","3574","20879","24453"
"2014-07-15","Repartitioner.java","9193","32738","41931"
"2014-08-11","Repartitioner.java","11407","42028","53435"
"2015-06-23","Repartitioner.java","93478","284004","377482"
"2015-10-20","GreedyHeuristicJoinOrderAlgorithm.java","113348","151381","264729"
"2015-11-10","GreedyHeuristicJoinOrderAlgorithm.java","113971","153275","267246"
"2015-08-25","GreedyHeuristicJoinOrderAlgorithm.java","101906","112221","214127"
"2015-08-14","GreedyHeuristicJoinOrderAlgorithm.java","7202","14617","21819"
"2015-03-24","QueryTestCaseBase.java","148165","291791","439956"
"2015-07-20","QueryTestCaseBase.java","152080","354948","507028"
"2015-08-19","QueryTestCaseBase.java","153041","367267","520308"
"2014-10-08","QueryTestCaseBase.java","118288","220502","338790"
"2014-12-12","QueryTestCaseBase.java","144518","274268","418786"
"2015-05-19","QueryTestCaseBase.java","150468","344303","494771"
"2015-08-20","QueryTestCaseBase.java","153208","368036","521244"
"2015-09-17","QueryTestCaseBase.java","153997","390623","544620"
"2014-04-18","QueryTestCaseBase.java","2315","10594","12909"
"2014-08-11","QueryTestCaseBase.java","117705","159101","276806"
"2015-07-22","QueryTestCaseBase.java","152080","355551","507631"
"2015-05-27","QueryTestCaseBase.java","150469","345990","496459"
"2014-04-30","QueryTestCaseBase.java","115242","126350","241592"
"2015-06-25","QueryTestCaseBase.java","150913","353321","504234"
"2014-06-24","QueryTestCaseBase.java","116292","146248","262540"
"2015-08-14","QueryTestCaseBase.java","152997","366194","519191"
"2015-08-25","QueryTestCaseBase.java","153210","368830","522040"
"2014-05-12","QueryTestCaseBase.java","115795","131461","247256"
"2014-12-12","QueryTestCaseBase.java","130138","251824","381962"
"2014-04-10","QueryTestCaseBase.java","1413","7039","8452"
"2015-08-04","QueryTestCaseBase.java","152339","361283","513622"
"2015-04-05","QueryTestCaseBase.java","148486","293626","442112"
"2014-05-28","QueryTestCaseBase.java","116204","141943","258147"
"2015-08-13","QueryTestCaseBase.java","152914","363997","516911"
"2014-12-08","QueryTestCaseBase.java","130066","248694","378760"
"2015-09-23","QueryTestCaseBase.java","154050","392869","546919"
"2015-09-03","QueryTestCaseBase.java","153591","370004","523595"
"2014-05-08","QueryTestCaseBase.java","115751","129632","245383"
"2015-07-30","QueryTestCaseBase.java","152293","358969","511262"
"2014-06-02","QueryTestCaseBase.java","116216","142896","259112"
"2014-07-15","QueryTestCaseBase.java","116689","153380","270069"
"2015-08-19","QueryTestCaseBase.java","97990","103272","201262"
"2015-08-20","QueryTestCaseBase.java","98488","104372","202860"
"2015-09-17","QueryTestCaseBase.java","110501","138183","248684"
"2015-08-14","QueryTestCaseBase.java","97857","102110","199967"
"2015-08-25","QueryTestCaseBase.java","99683","106359","206042"
"2015-08-13","QueryTestCaseBase.java","3446","5585","9031"
"2015-09-23","QueryTestCaseBase.java","111769","141644","253413"
"2015-09-03","QueryTestCaseBase.java","103969","111438","215407"
"2014-02-27","Repartitioner.java","36990","52201","89191"
"2015-08-13","Repartitioner.java","131185","373808","504993"
"2015-12-24","Repartitioner.java","132014","414442","546456"
"2014-10-25","Repartitioner.java","124907","258840","383747"
"2014-12-22","Repartitioner.java","126289","288362","414651"
"2014-04-05","Repartitioner.java","41992","77655","119647"
"2014-07-07","Repartitioner.java","123837","182572","306409"
"2015-06-24","Repartitioner.java","130254","364100","494354"
"2014-02-27","Repartitioner.java","36973","52104","89077"
"2014-07-11","Repartitioner.java","123926","189112","313038"
"2014-06-30","Repartitioner.java","123837","182278","306115"
"2014-06-27","Repartitioner.java","123837","182172","306009"
"2015-11-17","Repartitioner.java","131980","408655","540635"
"2014-07-09","Repartitioner.java","123926","188700","312626"
"2015-05-27","Repartitioner.java","129874","359535","489409"
"2015-03-03","Repartitioner.java","126501","295666","422167"
"2014-10-09","Repartitioner.java","124636","259663","384299"
"2015-09-23","Repartitioner.java","131828","402187","534015"
"2015-01-06","Repartitioner.java","126303","293705","420008"
"2014-08-21","Repartitioner.java","124516","202778","327294"
"2015-10-09","Repartitioner.java","131905","406645","538550"
"2014-06-12","Repartitioner.java","123807","183714","307521"
"2014-06-26","Repartitioner.java","123837","181978","305815"
"2014-04-28","Repartitioner.java","123048","165363","288411"
"2014-12-12","Repartitioner.java","126095","287385","413480"
"2015-09-28","Repartitioner.java","131854","405892","537746"
"2014-07-15","Repartitioner.java","123953","189990","313943"
"2014-08-04","Repartitioner.java","124440","195410","319850"
"2014-12-18","Repartitioner.java","126286","287859","414145"
"2014-10-08","Repartitioner.java","124617","258090","382707"
"2014-07-28","Repartitioner.java","124347","194100","318447"
"2014-06-11","Repartitioner.java","123807","183427","307234"
"2014-07-15","Repartitioner.java","123949","189809","313758"
"2014-08-11","Repartitioner.java","124499","197435","321934"
"2015-06-23","Repartitioner.java","130255","363096","493351"
"2015-07-20","QueryTestCaseBase.java","37239","94967","132206"
"2015-08-19","QueryTestCaseBase.java","84125","153211","237336"
"2015-05-19","QueryTestCaseBase.java","18064","66759","84823"
"2015-08-20","QueryTestCaseBase.java","84416","154104","238520"
"2015-09-17","QueryTestCaseBase.java","92685","184171","276856"
"2015-07-22","QueryTestCaseBase.java","38172","96503","134675"
"2015-05-27","QueryTestCaseBase.java","20743","71124","91867"
"2015-06-25","QueryTestCaseBase.java","26513","83781","110294"
"2015-08-14","QueryTestCaseBase.java","84016","152073","236089"
"2015-08-25","QueryTestCaseBase.java","85030","155510","240540"
"2015-08-04","QueryTestCaseBase.java","44357","108161","152518"
"2015-08-13","QueryTestCaseBase.java","45758","111701","157459"
"2015-09-23","QueryTestCaseBase.java","93361","187040","280401"
"2015-09-03","QueryTestCaseBase.java","88563","159836","248399"
"2015-07-30","QueryTestCaseBase.java","43607","105143","148750"
"2015-03-24","QueryTestCaseBase.java","84915","202802","287717"
"2015-07-20","QueryTestCaseBase.java","101053","278182","379235"
"2015-08-19","QueryTestCaseBase.java","125295","313782","439077"
"2014-10-08","QueryTestCaseBase.java","11771","88246","100017"
"2014-12-12","QueryTestCaseBase.java","66381","170392","236773"
"2015-05-19","QueryTestCaseBase.java","93365","261461","354826"
"2015-08-20","QueryTestCaseBase.java","125495","314584","440079"
"2015-09-17","QueryTestCaseBase.java","130191","341078","471269"
"2014-08-11","QueryTestCaseBase.java","8924","24581","33505"
"2015-07-22","QueryTestCaseBase.java","101226","278958","380184"
"2015-05-27","QueryTestCaseBase.java","93516","263298","356814"
"2015-06-25","QueryTestCaseBase.java","95791","272460","368251"
"2014-06-24","QueryTestCaseBase.java","887","5104","5991"
"2015-08-14","QueryTestCaseBase.java","125247","312705","437952"
"2015-08-25","QueryTestCaseBase.java","125777","315658","441435"
"2014-12-12","QueryTestCaseBase.java","49864","145811","195675"
"2015-08-04","QueryTestCaseBase.java","102671","285876","388547"
"2015-04-05","QueryTestCaseBase.java","86153","205554","291707"
"2015-08-13","QueryTestCaseBase.java","103381","288725","392106"
"2014-12-08","QueryTestCaseBase.java","47672","140561","188233"
"2015-09-23","QueryTestCaseBase.java","130327","343407","473734"
"2015-09-03","QueryTestCaseBase.java","126195","316869","443064"
"2015-07-30","QueryTestCaseBase.java","102386","283323","385709"
"2014-06-02","QueryTestCaseBase.java","408","1349","1757"
"2014-07-15","QueryTestCaseBase.java","6522","17474","23996"
"2015-08-13","Repartitioner.java","71495","152828","224323"
"2015-12-24","Repartitioner.java","117042","238180","355222"
"2014-12-22","Repartitioner.java","6883","7666","14549"
"2015-06-24","Repartitioner.java","56224","128780","185004"
"2015-11-17","Repartitioner.java","115807","231192","346999"
"2015-05-27","Repartitioner.java","52243","120614","172857"
"2015-03-03","Repartitioner.java","26759","34634","61393"
"2015-09-23","Repartitioner.java","113925","222994","336919"
"2015-01-06","Repartitioner.java","10127","16239","26366"
"2015-10-09","Repartitioner.java","114448","227898","342346"
"2015-09-28","Repartitioner.java","114154","226902","341056"
"2014-12-18","Repartitioner.java","3812","4095","7907"
"2015-06-23","Repartitioner.java","55370","126921","182291"
"2015-07-20","GreedyHeuristicJoinOrderAlgorithm.java","97768","273323","371091"
"2015-03-20","GreedyHeuristicJoinOrderAlgorithm.java","85513","197994","283507"
"2015-10-20","GreedyHeuristicJoinOrderAlgorithm.java","133731","347113","480844"
"2015-02-17","GreedyHeuristicJoinOrderAlgorithm.java","81790","188690","270480"
"2015-07-22","GreedyHeuristicJoinOrderAlgorithm.java","103241","276756","379997"
"2015-07-29","GreedyHeuristicJoinOrderAlgorithm.java","103835","279184","383019"
"2015-11-10","GreedyHeuristicJoinOrderAlgorithm.java","134098","348751","482849"
"2015-08-25","GreedyHeuristicJoinOrderAlgorithm.java","128816","314480","443296"
"2015-08-14","GreedyHeuristicJoinOrderAlgorithm.java","105497","288261","393758"
"2015-12-24","Repartitioner.java","11122","19512","30634"
"2015-11-17","Repartitioner.java","3416","6053","9469"
"2015-10-09","Repartitioner.java","980","1682","2662"
"2015-08-19","QueryTestCaseBase.java","95278","98421","193699"
"2015-08-20","QueryTestCaseBase.java","95828","99573","195401"
"2015-09-17","QueryTestCaseBase.java","108071","133614","241685"
"2015-08-14","QueryTestCaseBase.java","95142","97256","192398"
"2015-08-25","QueryTestCaseBase.java","97026","101563","198589"
"2015-09-23","QueryTestCaseBase.java","109350","137086","246436"
"2015-09-03","QueryTestCaseBase.java","101425","106755","208180"
"2015-10-20","GreedyHeuristicJoinOrderAlgorithm.java","16321","44039","60360"
"2015-11-10","GreedyHeuristicJoinOrderAlgorithm.java","17123","46112","63235"
"2015-03-24","QueryTestCaseBase.java","136922","300292","437214"
"2015-07-20","QueryTestCaseBase.java","139286","361898","501184"
"2015-08-19","QueryTestCaseBase.java","139749","373719","513468"
"2014-10-08","QueryTestCaseBase.java","111602","233560","345162"
"2014-12-12","QueryTestCaseBase.java","133905","283399","417304"
"2015-05-19","QueryTestCaseBase.java","138212","351791","490003"
"2015-08-20","QueryTestCaseBase.java","139915","374487","514402"
"2014-03-20","QueryTestCaseBase.java","14413","29295","43708"
"2015-09-17","QueryTestCaseBase.java","140367","396737","537104"
"2014-04-18","QueryTestCaseBase.java","16943","44966","61909"
"2014-08-11","QueryTestCaseBase.java","111351","172491","283842"
"2015-07-22","QueryTestCaseBase.java","139286","362501","501787"
"2015-05-27","QueryTestCaseBase.java","138212","353477","491689"
"2014-04-30","QueryTestCaseBase.java","109661","140513","250174"
"2015-06-25","QueryTestCaseBase.java","138600","360752","499352"
"2014-06-24","QueryTestCaseBase.java","110521","160221","270742"
"2015-08-14","QueryTestCaseBase.java","139747","372688","512435"
"2015-08-25","QueryTestCaseBase.java","139917","375281","515198"
"2014-05-12","QueryTestCaseBase.java","110139","145549","255688"
"2014-12-12","QueryTestCaseBase.java","121647","263077","384724"
"2014-03-01","QueryTestCaseBase.java","10783","16349","27132"
"2014-04-10","QueryTestCaseBase.java","16213","41583","57796"
"2014-03-31","QueryTestCaseBase.java","15223","34967","50190"
"2015-08-04","QueryTestCaseBase.java","139406","368094","507500"
"2015-04-05","QueryTestCaseBase.java","137050","301934","438984"
"2014-05-28","QueryTestCaseBase.java","110470","155953","266423"
"2015-08-13","QueryTestCaseBase.java","139665","370492","510157"
"2014-12-08","QueryTestCaseBase.java","121642","260014","381656"
"2015-09-23","QueryTestCaseBase.java","140409","398972","539381"
"2015-09-03","QueryTestCaseBase.java","140031","376188","516219"
"2014-05-08","QueryTestCaseBase.java","110108","143733","253841"
"2015-07-30","QueryTestCaseBase.java","139400","365820","505220"
"2014-06-02","QueryTestCaseBase.java","110452","156876","267328"
"2014-07-15","QueryTestCaseBase.java","110734","167169","277903"
"2015-10-20","GreedyHeuristicJoinOrderAlgorithm.java","111268","141886","253154"
"2015-11-10","GreedyHeuristicJoinOrderAlgorithm.java","111900","143789","255689"
"2015-08-25","GreedyHeuristicJoinOrderAlgorithm.java","97351","100251","197602"
"2015-03-24","QueryTestCaseBase.java","60972","85970","146942"
"2015-07-20","QueryTestCaseBase.java","87891","172131","260022"
"2015-08-19","QueryTestCaseBase.java","123401","218999","342400"
"2014-12-12","QueryTestCaseBase.java","30818","41940","72758"
"2015-05-19","QueryTestCaseBase.java","76235","151442","227677"
"2015-08-20","QueryTestCaseBase.java","123638","219838","343476"
"2015-09-17","QueryTestCaseBase.java","129640","247638","377278"
"2015-07-22","QueryTestCaseBase.java","88744","173587","262331"
"2015-05-27","QueryTestCaseBase.java","76399","153292","229691"
"2015-06-25","QueryTestCaseBase.java","79962","163742","243704"
"2015-08-14","QueryTestCaseBase.java","123350","217919","341269"
"2015-08-25","QueryTestCaseBase.java","124074","221066","345140"
"2014-12-12","QueryTestCaseBase.java","3149","6207","9356"
"2015-08-04","QueryTestCaseBase.java","90901","181217","272118"
"2015-04-05","QueryTestCaseBase.java","63250","89762","153012"
"2015-08-13","QueryTestCaseBase.java","91811","184266","276077"
"2015-09-23","QueryTestCaseBase.java","130043","250234","380277"
"2015-09-03","QueryTestCaseBase.java","124544","222329","346873"
"2015-07-30","QueryTestCaseBase.java","90431","178479","268910"
"2015-08-13","Repartitioner.java","105263","281849","387112"
"2015-12-24","Repartitioner.java","136780","353171","489951"
"2014-10-25","Repartitioner.java","35612","103508","139120"
"2014-12-22","Repartitioner.java","68257","164293","232550"
"2015-06-24","Repartitioner.java","97178","264987","362165"
"2015-11-17","Repartitioner.java","136413","347051","483464"
"2015-05-27","Repartitioner.java","95212","258836","354048"
"2015-03-03","Repartitioner.java","79190","182318","261508"
"2014-10-09","Repartitioner.java","5952","74942","80894"
"2015-09-23","Repartitioner.java","135785","340107","475892"
"2015-01-06","Repartitioner.java","70041","171406","241447"
"2014-08-21","Repartitioner.java","3424","15649","19073"
"2015-10-09","Repartitioner.java","135982","344685","480667"
"2014-12-12","Repartitioner.java","63469","158722","222191"
"2015-09-28","Repartitioner.java","135846","343847","479693"
"2014-08-04","Repartitioner.java","1542","6475","8017"
"2014-12-18","Repartitioner.java","66081","161617","227698"
"2014-10-08","Repartitioner.java","5842","73278","79120"
"2014-07-28","Repartitioner.java","1304","5020","6324"
"2014-08-11","Repartitioner.java","2758","9657","12415"
"2015-06-23","Repartitioner.java","97074","263878","360952"
"2015-09-17","QueryTestCaseBase.java","8598","28811","37409"
"2015-09-23","QueryTestCaseBase.java","10149","32555","42704"
"2015-03-24","QueryTestCaseBase.java","83667","213412","297079"
"2015-07-20","QueryTestCaseBase.java","99187","288174","387361"
"2015-08-19","QueryTestCaseBase.java","121387","321732","443119"
"2014-10-08","QueryTestCaseBase.java","12895","101228","114123"
"2014-12-12","QueryTestCaseBase.java","65953","181822","247775"
"2015-05-19","QueryTestCaseBase.java","91850","271804","363654"
"2015-08-20","QueryTestCaseBase.java","121583","322530","444113"
"2015-09-17","QueryTestCaseBase.java","126249","348994","475243"
"2014-08-11","QueryTestCaseBase.java","10249","37764","48013"
"2015-07-22","QueryTestCaseBase.java","99357","288947","388304"
"2015-05-27","QueryTestCaseBase.java","92001","273641","365642"
"2015-06-25","QueryTestCaseBase.java","94087","282614","376701"
"2014-06-24","QueryTestCaseBase.java","2534","18609","21143"
"2015-08-14","QueryTestCaseBase.java","121339","320655","441994"
"2015-08-25","QueryTestCaseBase.java","121865","323604","445469"
"2014-05-12","QueryTestCaseBase.java","131","1916","2047"
"2014-12-12","QueryTestCaseBase.java","49450","157255","206705"
"2015-08-04","QueryTestCaseBase.java","100676","295739","396415"
"2015-04-05","QueryTestCaseBase.java","84888","216147","301035"
"2014-05-28","QueryTestCaseBase.java","1682","13540","15222"
"2015-08-13","QueryTestCaseBase.java","101383","298585","399968"
"2014-12-08","QueryTestCaseBase.java","47299","152046","199345"
"2015-09-23","QueryTestCaseBase.java","126366","351304","477670"
"2015-09-03","QueryTestCaseBase.java","122283","324815","447098"
"2015-07-30","QueryTestCaseBase.java","100393","293188","393581"
"2014-06-02","QueryTestCaseBase.java","2087","14886","16973"
"2014-07-15","QueryTestCaseBase.java","8037","30847","38884"
"2015-08-19","QueryTestCaseBase.java","98108","105658","203766"
"2015-08-20","QueryTestCaseBase.java","98585","106737","205322"
"2015-09-17","QueryTestCaseBase.java","110487","140437","250924"
"2015-08-14","QueryTestCaseBase.java","97985","104506","202491"
"2015-08-25","QueryTestCaseBase.java","99780","108724","208504"
"2015-08-04","QueryTestCaseBase.java","1403","3671","5074"
"2015-08-13","QueryTestCaseBase.java","4268","8675","12943"
"2015-09-23","QueryTestCaseBase.java","111715","143858","255573"
"2015-09-03","QueryTestCaseBase.java","103966","113703","217669"
"2015-07-20","GreedyHeuristicJoinOrderAlgorithm.java","130899","372292","503191"
"2015-03-20","GreedyHeuristicJoinOrderAlgorithm.java","129970","308289","438259"
"2015-10-20","GreedyHeuristicJoinOrderAlgorithm.java","132185","411405","543590"
"2015-02-17","GreedyHeuristicJoinOrderAlgorithm.java","127466","300204","427670"
"2014-02-04","GreedyHeuristicJoinOrderAlgorithm.java","39115","53856","92971"
"2015-07-22","GreedyHeuristicJoinOrderAlgorithm.java","131358","370711","502069"
"2015-07-29","GreedyHeuristicJoinOrderAlgorithm.java","131362","372549","503911"
"2015-11-10","GreedyHeuristicJoinOrderAlgorithm.java","132231","412722","544953"
"2014-06-24","GreedyHeuristicJoinOrderAlgorithm.java","126050","191888","317938"
"2015-08-25","GreedyHeuristicJoinOrderAlgorithm.java","131743","383245","514988"
"2015-08-14","GreedyHeuristicJoinOrderAlgorithm.java","131708","380310","512018"
"2015-07-20","GreedyHeuristicJoinOrderAlgorithm.java","113539","375683","489222"
"2013-12-05","GreedyHeuristicJoinOrderAlgorithm.java","9064","20935","29999"
"2015-03-20","GreedyHeuristicJoinOrderAlgorithm.java","113416","312486","425902"
"2015-10-20","GreedyHeuristicJoinOrderAlgorithm.java","114792","414763","529555"
"2015-02-17","GreedyHeuristicJoinOrderAlgorithm.java","111465","304954","416419"
"2014-02-04","GreedyHeuristicJoinOrderAlgorithm.java","37197","72689","109886"
"2015-07-22","GreedyHeuristicJoinOrderAlgorithm.java","114033","374137","488170"
"2015-07-29","GreedyHeuristicJoinOrderAlgorithm.java","114037","375975","490012"
"2015-11-10","GreedyHeuristicJoinOrderAlgorithm.java","114837","416079","530916"
"2014-06-24","GreedyHeuristicJoinOrderAlgorithm.java","110323","196912","307235"
"2015-08-25","GreedyHeuristicJoinOrderAlgorithm.java","114372","386625","500997"
"2015-08-14","GreedyHeuristicJoinOrderAlgorithm.java","114337","383690","498027"
"2013-12-18","GreedyHeuristicJoinOrderAlgorithm.java","10136","30887","41023"
"2013-12-15","GreedyHeuristicJoinOrderAlgorithm.java","9553","28082","37635"
"2015-03-24","QueryTestCaseBase.java","84811","201757","286568"
"2015-07-20","QueryTestCaseBase.java","101371","277559","378930"
"2015-08-19","QueryTestCaseBase.java","125885","313431","439316"
"2014-10-08","QueryTestCaseBase.java","11462","86996","98458"
"2014-12-12","QueryTestCaseBase.java","66194","169264","235458"
"2015-05-19","QueryTestCaseBase.java","93262","260417","353679"
"2015-08-20","QueryTestCaseBase.java","126085","314233","440318"
"2015-09-17","QueryTestCaseBase.java","130781","340727","471508"
"2014-08-11","QueryTestCaseBase.java","8566","23282","31848"
"2015-07-22","QueryTestCaseBase.java","101547","278338","379885"
"2015-05-27","QueryTestCaseBase.java","93413","262254","355667"
"2015-06-25","QueryTestCaseBase.java","95728","271456","367184"
"2014-06-24","QueryTestCaseBase.java","480","3756","4236"
"2015-08-14","QueryTestCaseBase.java","125837","312354","438191"
"2015-08-25","QueryTestCaseBase.java","126367","315307","441674"
"2014-12-12","QueryTestCaseBase.java","49668","144674","194342"
"2015-08-04","QueryTestCaseBase.java","102992","285256","388248"
"2015-04-05","QueryTestCaseBase.java","86049","204509","290558"
"2015-08-13","QueryTestCaseBase.java","103702","288105","391807"
"2014-12-08","QueryTestCaseBase.java","47476","139424","186900"
"2015-09-23","QueryTestCaseBase.java","130918","343057","473975"
"2015-09-03","QueryTestCaseBase.java","126785","316518","443303"
"2015-07-30","QueryTestCaseBase.java","102707","282703","385410"
"2014-07-15","QueryTestCaseBase.java","6135","16146","22281"
"2015-08-13","Repartitioner.java","107019","278672","385691"
"2015-12-24","Repartitioner.java","139388","350846","490234"
"2014-10-25","Repartitioner.java","34914","97877","132791"
"2014-12-22","Repartitioner.java","69582","160685","230267"
"2015-06-24","Repartitioner.java","98883","261759","360642"
"2015-11-17","Repartitioner.java","139019","344724","483743"
"2015-05-27","Repartitioner.java","96905","255596","352501"
"2015-03-03","Repartitioner.java","80647","178842","259489"
"2014-10-09","Repartitioner.java","4524","68581","73105"
"2015-09-23","Repartitioner.java","138391","337780","476171"
"2015-01-06","Repartitioner.java","71366","167798","239164"
"2014-08-21","Repartitioner.java","1959","9251","11210"
"2015-10-09","Repartitioner.java","138588","342358","480946"
"2014-12-12","Repartitioner.java","64771","155091","219862"
"2015-09-28","Repartitioner.java","138452","341520","479972"
"2014-12-18","Repartitioner.java","67383","157986","225369"
"2014-10-08","Repartitioner.java","4412","66915","71327"
"2014-08-11","Repartitioner.java","1246","3212","4458"
"2015-06-23","Repartitioner.java","98778","260649","359427"
"2015-03-24","QueryTestCaseBase.java","84569","191504","276073"
"2015-07-20","QueryTestCaseBase.java","104679","270856","375535"
"2015-08-19","QueryTestCaseBase.java","132473","310008","442481"
"2014-10-08","QueryTestCaseBase.java","5842","71365","77207"
"2014-12-12","QueryTestCaseBase.java","65261","158320","223581"
"2015-05-19","QueryTestCaseBase.java","96159","253303","349462"
"2015-08-20","QueryTestCaseBase.java","132674","310811","443485"
"2015-09-17","QueryTestCaseBase.java","137813","337748","475561"
"2014-08-11","QueryTestCaseBase.java","2682","7387","10069"
"2015-07-22","QueryTestCaseBase.java","104858","271638","376496"
"2015-05-27","QueryTestCaseBase.java","96310","255140","351450"
"2015-06-25","QueryTestCaseBase.java","98990","264707","363697"
"2015-08-14","QueryTestCaseBase.java","132425","308931","441356"
"2015-08-25","QueryTestCaseBase.java","132955","311884","444839"
"2014-12-12","QueryTestCaseBase.java","46714","131709","178423"
"2015-08-04","QueryTestCaseBase.java","106375","278628","385003"
"2015-04-05","QueryTestCaseBase.java","86237","194686","280923"
"2015-08-13","QueryTestCaseBase.java","107097","281489","388586"
"2014-12-08","QueryTestCaseBase.java","44501","126438","170939"
"2015-09-23","QueryTestCaseBase.java","137958","340086","478044"
"2015-09-03","QueryTestCaseBase.java","133374","313096","446470"
"2015-07-30","QueryTestCaseBase.java","106073","276058","382131"
"2015-07-20","GreedyHeuristicJoinOrderAlgorithm.java","128902","372517","501419"
"2015-03-20","GreedyHeuristicJoinOrderAlgorithm.java","128061","308602","436663"
"2015-10-20","GreedyHeuristicJoinOrderAlgorithm.java","130189","411631","541820"
"2015-02-17","GreedyHeuristicJoinOrderAlgorithm.java","125561","300521","426082"
"2014-02-04","GreedyHeuristicJoinOrderAlgorithm.java","39263","56226","95489"
"2015-07-22","GreedyHeuristicJoinOrderAlgorithm.java","129362","370937","500299"
"2015-07-29","GreedyHeuristicJoinOrderAlgorithm.java","129366","372775","502141"
"2015-11-10","GreedyHeuristicJoinOrderAlgorithm.java","130235","412948","543183"
"2014-06-24","GreedyHeuristicJoinOrderAlgorithm.java","124144","192204","316348"
"2015-08-25","GreedyHeuristicJoinOrderAlgorithm.java","129748","383472","513220"
"2015-08-14","GreedyHeuristicJoinOrderAlgorithm.java","129713","380537","510250"
"2013-12-18","GreedyHeuristicJoinOrderAlgorithm.java","1923","4145","6068"
"2014-11-04","TajoTestingCluster.java","82578","281456","364034"
"2014-10-28","TajoTestingCluster.java","82572","279648","362220"
"2015-06-25","TajoTestingCluster.java","83566","379828","463394"
"2015-01-27","TajoTestingCluster.java","82709","311018","393727"
"2014-12-12","TajoTestingCluster.java","82600","306204","388804"
"2015-02-02","TajoTestingCluster.java","82709","311368","394077"
"2014-03-20","TajoTestingCluster.java","61564","150556","212120"
"2014-08-19","TajoTestingCluster.java","82348","220509","302857"
"2014-12-30","TajoTestingCluster.java","82701","309764","392465"
"2014-11-19","TajoTestingCluster.java","82589","292127","374716"
"2015-02-03","TajoTestingCluster.java","82704","311381","394085"
"2015-05-28","TajoTestingCluster.java","83580","375832","459412"
"2014-11-15","TajoTestingCluster.java","82585","292432","375017"
"2013-09-27","TajoTestingCluster.java","32315","43880","76195"
"2013-10-21","TajoTestingCluster.java","41906","78915","120821"
"2013-10-17","TajoTestingCluster.java","41469","78633","120102"
"2015-09-01","TajoTestingCluster.java","84320","393358","477678"
"2015-09-16","TajoTestingCluster.java","84372","399677","484049"
"2015-11-06","TajoTestingCluster.java","84573","422596","507169"
"2015-04-17","TajoTestingCluster.java","83604","328038","411642"
"2015-06-24","TajoTestingCluster.java","83566","379726","463292"
"2015-04-01","TajoTestingCluster.java","83604","321755","405359"
"2013-08-26","TajoTestingCluster.java","25900","25205","51105"
"2013-10-25","TajoTestingCluster.java","42335","80217","122552"
"2014-03-01","TajoTestingCluster.java","60888","140564","201452"
"2013-10-16","TajoTestingCluster.java","39383","76723","116106"
"2013-10-16","TajoTestingCluster.java","39189","76703","115892"
"2015-01-08","TajoTestingCluster.java","82704","312330","395034"
"2014-09-22","TajoTestingCluster.java","82389","274013","356402"
"2014-06-27","TajoTestingCluster.java","82124","202773","284897"
"2014-06-24","TajoTestingCluster.java","82129","205939","288068"
"2014-08-22","TajoTestingCluster.java","82350","224257","306607"
"2015-01-27","TajoTestingCluster.java","82709","311091","393800"
"2014-09-15","TajoTestingCluster.java","82390","272511","354901"
"2015-06-25","TajoTestingCluster.java","75427","172811","248238"
"2015-01-27","TajoTestingCluster.java","47631","77062","124693"
"2014-12-12","TajoTestingCluster.java","28989","53715","82704"
"2015-02-02","TajoTestingCluster.java","47856","77637","125493"
"2014-12-30","TajoTestingCluster.java","36996","65181","102177"
"2014-11-19","TajoTestingCluster.java","2697","13357","16054"
"2015-02-03","TajoTestingCluster.java","47977","77776","125753"
"2015-05-28","TajoTestingCluster.java","72796","166170","238966"
"2014-11-15","TajoTestingCluster.java","2118","13087","15205"
"2015-09-01","TajoTestingCluster.java","117952","228112","346064"
"2015-09-16","TajoTestingCluster.java","122609","239036","361645"
"2015-11-06","TajoTestingCluster.java","124219","263364","387583"
"2015-04-17","TajoTestingCluster.java","62302","107858","170160"
"2015-06-24","TajoTestingCluster.java","75424","172706","248130"
"2015-04-01","TajoTestingCluster.java","57935","97208","155143"
"2015-01-08","TajoTestingCluster.java","38054","68802","106856"
"2015-01-27","TajoTestingCluster.java","47622","77126","124748"
"2015-07-20","JoinEdge.java","100877","377154","478031"
"2013-10-11","JoinEdge.java","6018","20557","26575"
"2014-11-04","TajoTestingCluster.java","4993","6795","11788"
"2015-06-25","TajoTestingCluster.java","76424","175610","252034"
"2015-01-27","TajoTestingCluster.java","52540","83773","136313"
"2014-12-12","TajoTestingCluster.java","33931","60459","94390"
"2015-02-02","TajoTestingCluster.java","52759","84342","137101"
"2014-12-30","TajoTestingCluster.java","41918","71905","113823"
"2014-11-19","TajoTestingCluster.java","7667","20129","27796"
"2015-02-03","TajoTestingCluster.java","52878","84479","137357"
"2015-05-28","TajoTestingCluster.java","73795","168971","242766"
"2014-11-15","TajoTestingCluster.java","7096","19867","26963"
"2015-09-01","TajoTestingCluster.java","117909","229871","347780"
"2015-09-16","TajoTestingCluster.java","122565","240794","363359"
"2015-11-06","TajoTestingCluster.java","124160","265107","389267"
"2015-04-17","TajoTestingCluster.java","63316","110674","173990"
"2015-06-24","TajoTestingCluster.java","76421","175505","251926"
"2015-04-01","TajoTestingCluster.java","58975","100050","159025"
"2015-01-08","TajoTestingCluster.java","42968","75518","118486"
"2015-01-27","TajoTestingCluster.java","52531","83837","136368"
"2015-09-01","TajoTestingCluster.java","115464","128240","243704"
"2015-09-16","TajoTestingCluster.java","122409","141452","263861"
"2015-11-06","TajoTestingCluster.java","125771","167532","293303"
"2015-06-25","TajoTestingCluster.java","38003","105956","143959"
"2015-02-02","TajoTestingCluster.java","1124","1474","2598"
"2015-02-03","TajoTestingCluster.java","1296","1664","2960"
"2015-05-28","TajoTestingCluster.java","33511","97454","130965"
"2015-09-01","TajoTestingCluster.java","93192","173921","267113"
"2015-09-16","TajoTestingCluster.java","99156","186152","285308"
"2015-11-06","TajoTestingCluster.java","101429","211143","312572"
"2015-04-17","TajoTestingCluster.java","17993","34118","52111"
"2015-06-24","TajoTestingCluster.java","37706","105557","143263"
"2015-04-01","TajoTestingCluster.java","13194","23036","36230"
"2015-06-25","TajoTestingCluster.java","56229","128887","185116"
"2015-01-27","TajoTestingCluster.java","21259","25964","47223"
"2015-02-02","TajoTestingCluster.java","21693","26748","48441"
"2014-12-30","TajoTestingCluster.java","9352","12811","22163"
"2015-02-03","TajoTestingCluster.java","21858","26931","48789"
"2015-05-28","TajoTestingCluster.java","52306","120954","173260"
"2015-09-01","TajoTestingCluster.java","107150","192584","299734"
"2015-09-16","TajoTestingCluster.java","112995","204696","317691"
"2015-11-06","TajoTestingCluster.java","114937","229356","344293"
"2015-04-17","TajoTestingCluster.java","37862","58692","96554"
"2015-06-24","TajoTestingCluster.java","56224","128780","185004"
"2015-04-01","TajoTestingCluster.java","33206","47753","80959"
"2015-01-08","TajoTestingCluster.java","10498","16520","27018"
"2015-01-27","TajoTestingCluster.java","21252","26030","47282"
"2015-06-25","TajoTestingCluster.java","37203","104806","142009"
"2015-02-03","TajoTestingCluster.java","175","193","368"
"2015-05-28","TajoTestingCluster.java","32656","96249","128905"
"2015-09-01","TajoTestingCluster.java","92563","172942","265505"
"2015-09-16","TajoTestingCluster.java","98544","185190","283734"
"2015-11-06","TajoTestingCluster.java","100822","210186","311008"
"2015-04-17","TajoTestingCluster.java","16911","32686","49597"
"2015-06-24","TajoTestingCluster.java","36904","104405","141309"
"2015-04-01","TajoTestingCluster.java","12102","21594","33696"
"2014-11-04","TajoTestingCluster.java","126273","236159","362432"
"2014-10-28","TajoTestingCluster.java","124390","232474","356864"
"2015-06-25","TajoTestingCluster.java","147333","354603","501936"
"2015-01-27","TajoTestingCluster.java","141656","280973","422629"
"2014-12-12","TajoTestingCluster.java","141143","275755","416898"
"2015-02-02","TajoTestingCluster.java","141658","281325","422983"
"2014-08-19","TajoTestingCluster.java","116376","165545","281921"
"2014-12-30","TajoTestingCluster.java","141361","279432","420793"
"2014-11-19","TajoTestingCluster.java","127488","248034","375522"
"2015-02-03","TajoTestingCluster.java","141653","281338","422991"
"2015-05-28","TajoTestingCluster.java","146889","350149","497038"
"2014-11-15","TajoTestingCluster.java","127063","247918","374981"
"2015-09-01","TajoTestingCluster.java","149918","369964","519882"
"2015-09-16","TajoTestingCluster.java","150042","376355","526397"
"2015-11-06","TajoTestingCluster.java","150560","399591","550151"
"2015-04-17","TajoTestingCluster.java","146543","301985","448528"
"2015-06-24","TajoTestingCluster.java","147333","354501","501834"
"2015-04-01","TajoTestingCluster.java","144981","294140","439121"
"2015-01-08","TajoTestingCluster.java","141599","282233","423832"
"2014-09-22","TajoTestingCluster.java","116582","219214","335796"
"2014-06-27","TajoTestingCluster.java","114945","146602","261547"
"2014-06-24","TajoTestingCluster.java","114900","149718","264618"
"2014-08-22","TajoTestingCluster.java","116391","169306","285697"
"2015-01-27","TajoTestingCluster.java","141656","281046","422702"
"2014-09-15","TajoTestingCluster.java","116493","217622","334115"
"2015-08-13","Repartitioner.java","70192","151242","221434"
"2015-12-24","Repartitioner.java","115986","236841","352827"
"2014-12-22","Repartitioner.java","3167","3667","6834"
"2015-06-24","Repartitioner.java","54725","126998","181723"
"2015-11-17","Repartitioner.java","114734","229836","344570"
"2015-05-27","Repartitioner.java","50729","118817","169546"
"2015-03-03","Repartitioner.java","24963","32555","57518"
"2015-09-23","Repartitioner.java","112836","221622","334458"
"2015-01-06","Repartitioner.java","6449","12278","18727"
"2015-10-09","Repartitioner.java","113360","226527","339887"
"2015-09-28","Repartitioner.java","113065","225530","338595"
"2015-06-23","Repartitioner.java","53874","125142","179016"
"2015-07-20","JoinEdge.java","114909","376647","491556"
"2014-11-04","TajoTestingCluster.java","40430","101147","141577"
"2014-10-28","TajoTestingCluster.java","35650","94565","130215"
"2015-06-25","TajoTestingCluster.java","101176","259277","360453"
"2015-01-27","TajoTestingCluster.java","81578","171726","253304"
"2014-12-12","TajoTestingCluster.java","65381","150824","216205"
"2015-02-02","TajoTestingCluster.java","81747","172245","253992"
"2014-12-30","TajoTestingCluster.java","72047","160949","232996"
"2014-11-19","TajoTestingCluster.java","42223","113600","155823"
"2015-02-03","TajoTestingCluster.java","81848","172364","254212"
"2015-05-28","TajoTestingCluster.java","99118","253209","352327"
"2014-11-15","TajoTestingCluster.java","41661","113347","155008"
"2015-09-01","TajoTestingCluster.java","137106","307983","445089"
"2015-09-16","TajoTestingCluster.java","141196","318340","459536"
"2015-11-06","TajoTestingCluster.java","142294","342156","484450"
"2015-04-17","TajoTestingCluster.java","90618","196891","287509"
"2015-06-24","TajoTestingCluster.java","101173","259172","360345"
"2015-04-01","TajoTestingCluster.java","86999","186989","273988"
"2015-01-08","TajoTestingCluster.java","72774","164239","237013"
"2014-09-22","TajoTestingCluster.java","2429","55892","58321"
"2014-08-22","TajoTestingCluster.java","627","4373","5000"
"2015-01-27","TajoTestingCluster.java","81578","171799","253377"
"2014-09-15","TajoTestingCluster.java","1056","53016","54072"
"2015-06-25","TajoTestingCluster.java","51197","120396","171593"
"2015-01-27","TajoTestingCluster.java","15381","16627","32008"
"2015-02-02","TajoTestingCluster.java","15872","17468","33340"
"2015-02-03","TajoTestingCluster.java","16037","17651","33688"
"2015-05-28","TajoTestingCluster.java","47115","112304","159419"
"2015-09-01","TajoTestingCluster.java","103138","185113","288251"
"2015-09-16","TajoTestingCluster.java","109001","197243","306244"
"2015-11-06","TajoTestingCluster.java","111006","221966","332972"
"2015-04-17","TajoTestingCluster.java","32193","49564","81757"
"2015-06-24","TajoTestingCluster.java","51225","120322","171547"
"2015-04-01","TajoTestingCluster.java","27525","38613","66138"
"2015-01-08","TajoTestingCluster.java","1171","3734","4905"
"2015-01-27","TajoTestingCluster.java","15374","16693","32067"
"2015-06-25","TajoTestingCluster.java","79142","165866","245008"
"2015-01-27","TajoTestingCluster.java","50972","69743","120715"
"2014-12-12","TajoTestingCluster.java","31008","45074","76082"
"2015-02-02","TajoTestingCluster.java","51223","70344","121567"
"2014-12-30","TajoTestingCluster.java","39977","57502","97479"
"2015-02-03","TajoTestingCluster.java","51344","70483","121827"
"2015-05-28","TajoTestingCluster.java","76595","159309","235904"
"2015-09-01","TajoTestingCluster.java","122322","221822","344144"
"2015-09-16","TajoTestingCluster.java","127003","232770","359773"
"2015-11-06","TajoTestingCluster.java","128666","257151","385817"
"2015-04-17","TajoTestingCluster.java","65852","100748","166600"
"2015-06-24","TajoTestingCluster.java","79139","165761","244900"
"2015-04-01","TajoTestingCluster.java","61374","89987","151361"
"2015-01-08","TajoTestingCluster.java","41076","61164","102240"
"2015-01-27","TajoTestingCluster.java","50965","69809","120774"
"2015-06-25","TajoTestingCluster.java","37067","104652","141719"
"2015-05-28","TajoTestingCluster.java","32519","96094","128613"
"2015-09-01","TajoTestingCluster.java","92560","172921","265481"
"2015-09-16","TajoTestingCluster.java","98541","185169","283710"
"2015-11-06","TajoTestingCluster.java","100820","210166","310986"
"2015-04-17","TajoTestingCluster.java","16755","32512","49267"
"2015-06-24","TajoTestingCluster.java","36768","104251","141019"
"2015-04-01","TajoTestingCluster.java","11944","21418","33362"
"2015-06-25","TajoTestingCluster.java","6821","10831","17652"
"2015-09-01","TajoTestingCluster.java","117949","134735","252684"
"2015-09-16","TajoTestingCluster.java","124941","147994","272935"
"2015-11-06","TajoTestingCluster.java","127910","173681","301591"
"2015-06-24","TajoTestingCluster.java","6376","10284","16660"
"2015-08-13","Repartitioner.java","113593","222743","336336"
"2015-12-24","Repartitioner.java","149795","298750","448545"
"2014-10-25","Repartitioner.java","32887","33347","66234"
"2014-12-22","Repartitioner.java","71490","100090","171580"
"2015-06-24","Repartitioner.java","104456","204829","309285"
"2015-11-17","Repartitioner.java","149268","292470","441738"
"2015-05-27","Repartitioner.java","101974","198162","300136"
"2015-03-03","Repartitioner.java","84390","120082","204472"
"2014-10-09","Repartitioner.java","204","1758","1962"
"2015-09-23","Repartitioner.java","148528","285414","433942"
"2015-01-06","Repartitioner.java","73492","107421","180913"
"2015-10-09","Repartitioner.java","148763","290030","438793"
"2014-12-12","Repartitioner.java","65923","93740","159663"
"2015-09-28","Repartitioner.java","148602","289167","437769"
"2014-12-18","Repartitioner.java","69049","97149","166198"
"2015-06-23","Repartitioner.java","104400","203768","308168"
"2015-06-25","TajoTestingCluster.java","79683","166098","245781"
"2015-01-27","TajoTestingCluster.java","51526","69988","121514"
"2014-12-12","TajoTestingCluster.java","31583","45340","76923"
"2015-02-02","TajoTestingCluster.java","51777","70589","122366"
"2014-12-30","TajoTestingCluster.java","40538","57754","98292"
"2014-11-19","TajoTestingCluster.java","595","286","881"
"2015-02-03","TajoTestingCluster.java","51898","70728","122626"
"2015-05-28","TajoTestingCluster.java","77136","159541","236677"
"2015-09-01","TajoTestingCluster.java","122820","222011","344831"
"2015-09-16","TajoTestingCluster.java","127499","232957","360456"
"2015-11-06","TajoTestingCluster.java","129162","257338","386500"
"2015-04-17","TajoTestingCluster.java","66396","100983","167379"
"2015-06-24","TajoTestingCluster.java","79680","165993","245673"
"2015-04-01","TajoTestingCluster.java","61918","90222","152140"
"2015-01-08","TajoTestingCluster.java","41637","61416","103053"
"2015-01-27","TajoTestingCluster.java","51519","70054","121573"
"2015-07-20","JoinGraph.java","100877","377154","478031"
"2015-08-14","JoinGraph.java","101586","385072","486658"
"2014-06-24","JoinGraph.java","98907","199629","298536"
"2015-08-14","JoinGraph.java","22597","29806","52403"
"2015-08-13","Repartitioner.java","107104","279974","387078"
"2015-12-24","Repartitioner.java","139286","351961","491247"
"2014-10-25","Repartitioner.java","35132","99312","134444"
"2014-12-22","Repartitioner.java","69796","162116","231912"
"2015-06-24","Repartitioner.java","98984","263077","362061"
"2015-11-17","Repartitioner.java","138917","345839","484756"
"2015-05-27","Repartitioner.java","97009","256917","353926"
"2015-03-03","Repartitioner.java","80758","180170","260928"
"2014-10-09","Repartitioner.java","4743","70017","74760"
"2015-09-23","Repartitioner.java","138289","338895","477184"
"2015-01-06","Repartitioner.java","71580","169229","240809"
"2014-08-21","Repartitioner.java","2178","10687","12865"
"2015-10-09","Repartitioner.java","138486","343473","481959"
"2014-12-12","Repartitioner.java","64988","156525","221513"
"2015-09-28","Repartitioner.java","138350","342635","480985"
"2014-08-04","Repartitioner.java","241","1458","1699"
"2014-12-18","Repartitioner.java","67600","159420","227020"
"2014-10-08","Repartitioner.java","4631","68351","72982"
"2014-08-11","Repartitioner.java","1469","4652","6121"
"2015-06-23","Repartitioner.java","98880","261968","360848"
"2015-08-13","Repartitioner.java","103980","286983","390963"
"2015-12-24","Repartitioner.java","132758","355566","488324"
"2014-10-25","Repartitioner.java","38598","112911","151509"
"2014-12-22","Repartitioner.java","70890","173343","244233"
"2014-07-07","Repartitioner.java","4816","3931","8747"
"2015-06-24","Repartitioner.java","95983","270209","366192"
"2014-07-11","Repartitioner.java","5618","11184","16802"
"2014-06-30","Repartitioner.java","4791","3612","8403"
"2014-06-27","Repartitioner.java","4784","3499","8283"
"2015-11-17","Repartitioner.java","132400","349455","481855"
"2014-07-09","Repartitioner.java","5571","10725","16296"
"2015-05-27","Repartitioner.java","94100","264141","358241"
"2015-03-03","Repartitioner.java","81411","190956","272367"
"2014-10-09","Repartitioner.java","11330","86737","98067"
"2015-09-23","Repartitioner.java","131774","342513","474287"
"2015-01-06","Repartitioner.java","72645","180427","253072"
"2014-08-21","Repartitioner.java","8897","27539","36436"
"2015-10-09","Repartitioner.java","131969","347089","479058"
"2014-06-12","Repartitioner.java","64","351","415"
"2014-06-26","Repartitioner.java","4761","3282","8043"
"2014-12-12","Repartitioner.java","66194","167864","234058"
"2015-09-28","Repartitioner.java","131833","346251","478084"
"2014-07-15","Repartitioner.java","5878","12295","18173"
"2014-08-04","Repartitioner.java","7304","18654","25958"
"2014-12-18","Repartitioner.java","68749","170702","239451"
"2014-10-08","Repartitioner.java","11230","85083","96313"
"2014-07-28","Repartitioner.java","7077","17210","24287"
"2014-07-15","Repartitioner.java","5855","12095","17950"
"2014-08-11","Repartitioner.java","8372","21688","30060"
"2015-06-23","Repartitioner.java","95881","269102","364983"
"2015-07-20","JoinGraph.java","97768","273323","371091"
"2015-08-14","JoinGraph.java","105497","288261","393758"
"2015-08-13","Repartitioner.java","105180","281943","387123"
"2015-12-24","Repartitioner.java","136666","353234","489900"
"2014-10-25","Repartitioner.java","35608","103681","139289"
"2014-12-22","Repartitioner.java","68187","164400","232587"
"2015-06-24","Repartitioner.java","97095","265081","362176"
"2015-11-17","Repartitioner.java","136301","347116","483417"
"2015-05-27","Repartitioner.java","95131","258932","354063"
"2015-03-03","Repartitioner.java","79110","182415","261525"
"2014-10-09","Repartitioner.java","5951","75118","81069"
"2015-09-23","Repartitioner.java","135673","340172","475845"
"2015-01-06","Repartitioner.java","69971","171513","241484"
"2014-08-21","Repartitioner.java","3441","15843","19284"
"2015-10-09","Repartitioner.java","135870","344750","480620"
"2014-12-12","Repartitioner.java","63397","158827","222224"
"2015-09-28","Repartitioner.java","135734","343912","479646"
"2014-08-04","Repartitioner.java","1567","6677","8244"
"2014-12-18","Repartitioner.java","66011","161724","227735"
"2014-10-08","Repartitioner.java","5841","73454","79295"
"2014-07-28","Repartitioner.java","1329","5222","6551"
"2014-08-11","Repartitioner.java","2775","9851","12626"
"2015-06-23","Repartitioner.java","96991","263972","360963"
"2015-07-30","JoinGraphContext.java","18640","16847","35487"
"2015-10-20","JoinGraphContext.java","125414","163241","288655"
"2014-11-04","TajoTestingCluster.java","91153","278466","369619"
"2014-10-28","TajoTestingCluster.java","91146","276657","367803"
"2015-06-25","TajoTestingCluster.java","92369","377066","469435"
"2015-01-27","TajoTestingCluster.java","91383","308127","399510"
"2014-12-12","TajoTestingCluster.java","91190","303229","394419"
"2015-02-02","TajoTestingCluster.java","91383","308477","399860"
"2014-03-20","TajoTestingCluster.java","51886","129313","181199"
"2014-08-19","TajoTestingCluster.java","90901","217497","308398"
"2014-12-30","TajoTestingCluster.java","91373","306871","398244"
"2014-11-19","TajoTestingCluster.java","91183","289156","380339"
"2015-02-03","TajoTestingCluster.java","91378","308490","399868"
"2015-05-28","TajoTestingCluster.java","92383","373070","465453"
"2014-11-15","TajoTestingCluster.java","91175","289457","380632"
"2013-10-21","TajoTestingCluster.java","16320","41764","58084"
"2013-10-17","TajoTestingCluster.java","15388","40987","56375"
"2015-09-01","TajoTestingCluster.java","93166","390639","483805"
"2015-09-16","TajoTestingCluster.java","93225","396965","490190"
"2015-11-06","TajoTestingCluster.java","93456","419914","513370"
"2015-04-17","TajoTestingCluster.java","92397","325266","417663"
"2015-06-24","TajoTestingCluster.java","92369","376964","469333"
"2015-04-01","TajoTestingCluster.java","92397","318983","411380"
"2013-10-25","TajoTestingCluster.java","17031","43348","60379"
"2014-03-01","TajoTestingCluster.java","50726","118837","169563"
"2013-10-16","TajoTestingCluster.java","13008","38783","51791"
"2013-10-16","TajoTestingCluster.java","12794","38743","51537"
"2015-01-08","TajoTestingCluster.java","91376","309437","400813"
"2014-09-22","TajoTestingCluster.java","90957","271016","361973"
"2014-06-27","TajoTestingCluster.java","90494","199578","290072"
"2014-06-24","TajoTestingCluster.java","90497","202742","293239"
"2014-08-22","TajoTestingCluster.java","90903","221245","312148"
"2015-01-27","TajoTestingCluster.java","91383","308200","399583"
"2014-09-15","TajoTestingCluster.java","90958","269514","360472"
"2015-10-20","JoinGraphContext.java","113354","152974","266328"
"2014-11-04","TajoTestingCluster.java","111702","273571","385273"
"2014-10-28","TajoTestingCluster.java","111673","271740","383413"
"2015-06-25","TajoTestingCluster.java","113944","373197","487141"
"2015-01-27","TajoTestingCluster.java","111977","303277","415254"
"2014-12-12","TajoTestingCluster.java","111772","298367","410139"
"2015-02-02","TajoTestingCluster.java","111977","303627","415604"
"2014-03-20","TajoTestingCluster.java","48710","100693","149403"
"2014-08-19","TajoTestingCluster.java","111379","212531","323910"
"2014-12-30","TajoTestingCluster.java","111957","302011","413968"
"2014-11-19","TajoTestingCluster.java","111763","284292","396055"
"2015-02-03","TajoTestingCluster.java","111972","303640","415612"
"2015-05-28","TajoTestingCluster.java","113948","369191","483139"
"2014-11-15","TajoTestingCluster.java","111755","284593","396348"
"2015-09-01","TajoTestingCluster.java","114868","386897","501765"
"2015-09-16","TajoTestingCluster.java","114931","393227","508158"
"2015-11-06","TajoTestingCluster.java","115223","416237","531460"
"2015-04-17","TajoTestingCluster.java","113950","321375","435325"
"2015-06-24","TajoTestingCluster.java","113944","373095","487039"
"2015-04-01","TajoTestingCluster.java","113951","315093","429044"
"2013-10-25","TajoTestingCluster.java","870","1743","2613"
"2014-03-01","TajoTestingCluster.java","47382","90049","137431"
"2015-01-08","TajoTestingCluster.java","111963","304580","416543"
"2014-09-22","TajoTestingCluster.java","111445","266060","377505"
"2014-06-27","TajoTestingCluster.java","110906","194546","305452"
"2014-06-24","TajoTestingCluster.java","110879","197680","308559"
"2014-08-22","TajoTestingCluster.java","111380","216278","327658"
"2015-01-27","TajoTestingCluster.java","111977","303350","415327"
"2014-09-15","TajoTestingCluster.java","111440","264552","375992"
"2014-11-04","TajoTestingCluster.java","112053","273767","385820"
"2014-10-28","TajoTestingCluster.java","112045","271957","384002"
"2015-06-25","TajoTestingCluster.java","114289","373387","487676"
"2015-01-27","TajoTestingCluster.java","112327","303472","415799"
"2014-12-12","TajoTestingCluster.java","112123","298563","410686"
"2015-02-02","TajoTestingCluster.java","112327","303822","416149"
"2014-03-20","TajoTestingCluster.java","49378","101206","150584"
"2014-08-19","TajoTestingCluster.java","111755","212752","324507"
"2014-12-30","TajoTestingCluster.java","112308","302207","414515"
"2014-11-19","TajoTestingCluster.java","112114","284488","396602"
"2015-02-03","TajoTestingCluster.java","112322","303835","416157"
"2015-05-28","TajoTestingCluster.java","114293","369381","483674"
"2014-11-15","TajoTestingCluster.java","112106","284789","396895"
"2013-10-21","TajoTestingCluster.java","1052","897","1949"
"2015-09-01","TajoTestingCluster.java","115209","387083","502292"
"2015-09-16","TajoTestingCluster.java","115269","393410","508679"
"2015-11-06","TajoTestingCluster.java","115561","416420","531981"
"2015-04-17","TajoTestingCluster.java","114295","321565","435860"
"2015-06-24","TajoTestingCluster.java","114289","373285","487574"
"2015-04-01","TajoTestingCluster.java","114296","315283","429579"
"2013-10-25","TajoTestingCluster.java","1854","2572","4426"
"2014-03-01","TajoTestingCluster.java","48046","90558","138604"
"2015-01-08","TajoTestingCluster.java","112314","304776","417090"
"2014-09-22","TajoTestingCluster.java","111822","266282","378104"
"2014-06-27","TajoTestingCluster.java","111299","194784","306083"
"2014-06-24","TajoTestingCluster.java","111272","197918","309190"
"2014-08-22","TajoTestingCluster.java","111757","216500","328257"
"2015-01-27","TajoTestingCluster.java","112327","303545","415872"
"2014-09-15","TajoTestingCluster.java","111817","264774","376591"
"2015-09-16","TajoTestingCluster.java","11172","17439","28611"
"2015-11-06","TajoTestingCluster.java","16066","45051","61117"
"2014-10-25","JoinOrderAlgorithm.java","113608","272228","385836"
"2013-12-05","JoinOrderAlgorithm.java","17848","29313","47161"
"2015-07-20","JoinOrderAlgorithm.java","114909","376647","491556"
"2015-11-06","TajoTestingCluster.java","5237","27955","33192"
"2015-07-20","JoinOrderAlgorithm.java","78093","181211","259304"
"2014-10-25","JoinOrderAlgorithm.java","119906","267061","386967"
"2015-07-20","JoinOrderAlgorithm.java","123110","373383","496493"
"2015-08-14","JoinOrderingUtil.java","22597","29806","52403"
"2015-06-25","TajoTestingCluster.java","22854","74682","97536"
"2015-05-28","TajoTestingCluster.java","17993","65811","83804"
"2015-09-01","TajoTestingCluster.java","84404","149008","233412"
"2015-09-16","TajoTestingCluster.java","90968","161839","252807"
"2015-11-06","TajoTestingCluster.java","93513","187102","280615"
"2015-06-24","TajoTestingCluster.java","22532","74258","96790"
"2015-08-13","Repartitioner.java","107276","276963","384239"
"2015-12-24","Repartitioner.java","140335","349827","490162"
"2014-10-25","Repartitioner.java","33915","94912","128827"
"2014-12-22","Repartitioner.java","69483","158620","228103"
"2015-06-24","Repartitioner.java","99090","260000","359090"
"2015-11-17","Repartitioner.java","139961","343700","483661"
"2015-05-27","Repartitioner.java","96977","253702","350679"
"2015-03-03","Repartitioner.java","80622","176851","257473"
"2014-10-09","Repartitioner.java","3457","65548","69005"
"2015-09-23","Repartitioner.java","139331","336754","476085"
"2015-01-06","Repartitioner.java","71269","165735","237004"
"2014-08-21","Repartitioner.java","748","6074","6822"
"2015-10-09","Repartitioner.java","139529","341333","480862"
"2014-12-12","Repartitioner.java","64622","152976","217598"
"2015-09-28","Repartitioner.java","139393","340495","479888"
"2014-12-18","Repartitioner.java","67239","155876","223115"
"2014-10-08","Repartitioner.java","3344","63881","67225"
"2015-06-23","Repartitioner.java","98952","258857","357809"
"2015-08-13","Repartitioner.java","30333","40115","70448"
"2015-12-24","Repartitioner.java","130040","179627","309667"
"2015-06-24","Repartitioner.java","2205","3210","5415"
"2015-11-17","Repartitioner.java","128137","171971","300108"
"2015-09-23","Repartitioner.java","125705","163223","288928"
"2015-10-09","Repartitioner.java","126449","168348","294797"
"2015-09-28","Repartitioner.java","126063","167260","293323"
"2015-06-25","TajoTestingCluster.java","1142","1244","2386"
"2015-09-01","TajoTestingCluster.java","116338","129216","245554"
"2015-09-16","TajoTestingCluster.java","123278","142423","265701"
"2015-11-06","TajoTestingCluster.java","126540","168403","294943"
"2015-04-05","AlterTableNode.java","148486","293626","442112"
"2015-07-31","AlterTableNode.java","152328","359676","512004"
"2014-12-30","AlterTableNode.java","144736","277945","422681"
"2015-07-17","AlterTableNode.java","151019","355352","506371"
"2015-03-20","AlterTableNode.java","148149","290586","438735"
"2015-06-25","TajoTestingCluster.java","27900","86011","113911"
"2015-05-28","TajoTestingCluster.java","23201","77302","100503"
"2015-09-01","TajoTestingCluster.java","86747","157634","244381"
"2015-09-16","TajoTestingCluster.java","93253","170407","263660"
"2015-11-06","TajoTestingCluster.java","95590","195462","291052"
"2015-04-17","TajoTestingCluster.java","5960","12243","18203"
"2015-06-24","TajoTestingCluster.java","27578","85587","113165"
"2015-07-31","AlterTableNode.java","43826","106034","149860"
"2015-07-17","AlterTableNode.java","27280","86473","113753"
"2015-04-05","AlterTableNode.java","28814","40745","69559"
"2015-07-31","AlterTableNode.java","65433","139572","205005"
"2015-07-17","AlterTableNode.java","51709","122833","174542"
"2015-03-20","AlterTableNode.java","25842","35070","60912"
"2015-07-31","AlterTableNode.java","24737","27752","52489"
"2015-04-05","AlterTableNode.java","3395","6098","9493"
"2015-07-31","AlterTableNode.java","45806","110717","156523"
"2015-07-17","AlterTableNode.java","29670","91566","121236"
"2014-12-30","AlterTablespaceNode.java","149801","276116","425917"
"2014-11-04","TajoTestingCluster.java","79762","279335","359097"
"2014-10-28","TajoTestingCluster.java","79756","277527","357283"
"2015-06-25","TajoTestingCluster.java","80935","377892","458827"
"2015-01-27","TajoTestingCluster.java","79976","308980","388956"
"2014-12-12","TajoTestingCluster.java","79783","304082","383865"
"2015-02-02","TajoTestingCluster.java","79976","309330","389306"
"2014-03-20","TajoTestingCluster.java","46725","136412","183137"
"2014-08-19","TajoTestingCluster.java","79512","218368","297880"
"2014-12-30","TajoTestingCluster.java","79966","307724","387690"
"2014-11-19","TajoTestingCluster.java","79777","290010","369787"
"2015-02-03","TajoTestingCluster.java","79971","309343","389314"
"2015-05-28","TajoTestingCluster.java","80949","373896","454845"
"2014-11-15","TajoTestingCluster.java","79769","290311","370080"
"2013-09-27","TajoTestingCluster.java","10066","22326","32392"
"2013-10-21","TajoTestingCluster.java","21282","58986","80268"
"2013-10-17","TajoTestingCluster.java","20549","58408","78957"
"2015-09-01","TajoTestingCluster.java","81727","391460","473187"
"2015-09-16","TajoTestingCluster.java","81780","397780","479560"
"2015-11-06","TajoTestingCluster.java","81993","420711","502704"
"2015-04-17","TajoTestingCluster.java","80973","326102","407075"
"2015-06-24","TajoTestingCluster.java","80935","377790","458725"
"2015-04-01","TajoTestingCluster.java","80973","319819","400792"
"2013-10-25","TajoTestingCluster.java","21922","60499","82421"
"2014-03-01","TajoTestingCluster.java","45672","126043","171715"
"2013-10-16","TajoTestingCluster.java","18292","56327","74619"
"2013-10-16","TajoTestingCluster.java","18094","56303","74397"
"2015-01-08","TajoTestingCluster.java","79969","310290","390259"
"2014-09-22","TajoTestingCluster.java","79566","271885","351451"
"2014-06-27","TajoTestingCluster.java","79277","200621","279898"
"2014-06-24","TajoTestingCluster.java","79282","203787","283069"
"2014-08-22","TajoTestingCluster.java","79514","222116","301630"
"2015-01-27","TajoTestingCluster.java","79976","309053","389029"
"2014-09-15","TajoTestingCluster.java","79567","270383","349950"
"2013-09-16","BinaryNode.java","30877","41982","72859"
"2013-08-19","BinaryNode.java","24236","19338","43574"
"2013-10-21","BinaryNode.java","41932","78996","120928"
"2014-11-04","TajoTestingCluster.java","112516","273512","386028"
"2014-10-28","TajoTestingCluster.java","112485","271679","384164"
"2015-06-25","TajoTestingCluster.java","114767","373147","487914"
"2015-01-27","TajoTestingCluster.java","112789","303216","416005"
"2014-12-12","TajoTestingCluster.java","112586","298308","410894"
"2015-02-02","TajoTestingCluster.java","112789","303566","416355"
"2014-03-20","TajoTestingCluster.java","48379","99489","147868"
"2014-08-19","TajoTestingCluster.java","112190","212469","324659"
"2014-12-30","TajoTestingCluster.java","112771","301952","414723"
"2014-11-19","TajoTestingCluster.java","112577","284233","396810"
"2015-02-03","TajoTestingCluster.java","112784","303579","416363"
"2015-05-28","TajoTestingCluster.java","114771","369141","483912"
"2014-11-15","TajoTestingCluster.java","112569","284534","397103"
"2015-09-01","TajoTestingCluster.java","115693","386849","502542"
"2015-09-16","TajoTestingCluster.java","115756","393179","508935"
"2015-11-06","TajoTestingCluster.java","116049","416190","532239"
"2015-04-17","TajoTestingCluster.java","114773","321325","436098"
"2015-06-24","TajoTestingCluster.java","114767","373045","487812"
"2015-04-01","TajoTestingCluster.java","114774","315043","429817"
"2014-03-01","TajoTestingCluster.java","47028","88822","135850"
"2015-01-08","TajoTestingCluster.java","112775","304519","417294"
"2014-09-22","TajoTestingCluster.java","112257","265999","378256"
"2014-06-27","TajoTestingCluster.java","111717","194484","306201"
"2014-06-24","TajoTestingCluster.java","111690","197618","309308"
"2014-08-22","TajoTestingCluster.java","112191","216216","328407"
"2015-01-27","TajoTestingCluster.java","112789","303289","416078"
"2014-09-15","TajoTestingCluster.java","112252","264491","376743"
"2013-10-21","BinaryNode.java","19100","45059","64159"
"2013-09-16","BinaryNode.java","10352","26355","36707"
"2013-10-21","BinaryNode.java","24175","66137","90312"
"2014-11-04","TajoTestingCluster.java","123666","242868","366534"
"2014-10-28","TajoTestingCluster.java","122534","239934","362468"
"2015-06-25","TajoTestingCluster.java","143293","359879","503172"
"2015-01-27","TajoTestingCluster.java","138418","287051","425469"
"2014-12-12","TajoTestingCluster.java","138158","282086","420244"
"2015-02-02","TajoTestingCluster.java","138420","287403","425823"
"2014-03-20","TajoTestingCluster.java","4805","14121","18926"
"2014-08-19","TajoTestingCluster.java","115162","173647","288809"
"2014-12-30","TajoTestingCluster.java","138374","285761","424135"
"2014-11-19","TajoTestingCluster.java","124672","254534","379206"
"2015-02-03","TajoTestingCluster.java","138415","287416","425831"
"2015-05-28","TajoTestingCluster.java","142891","355467","498358"
"2014-11-15","TajoTestingCluster.java","124247","254418","378665"
"2015-09-01","TajoTestingCluster.java","144875","374237","519112"
"2015-09-16","TajoTestingCluster.java","144974","380603","525577"
"2015-11-06","TajoTestingCluster.java","145411","403758","549169"
"2015-04-17","TajoTestingCluster.java","142634","307392","450026"
"2015-06-24","TajoTestingCluster.java","143293","359777","503070"
"2015-04-01","TajoTestingCluster.java","141625","300100","441725"
"2015-01-08","TajoTestingCluster.java","138382","288332","426714"
"2014-09-22","TajoTestingCluster.java","115345","227293","342638"
"2014-06-27","TajoTestingCluster.java","113895","154868","268763"
"2014-06-24","TajoTestingCluster.java","113850","157984","271834"
"2014-08-22","TajoTestingCluster.java","115171","177402","292573"
"2015-01-27","TajoTestingCluster.java","138418","287124","425542"
"2014-09-15","TajoTestingCluster.java","115264","225709","340973"
"2014-12-30","CreateDatabaseNode.java","141361","279432","420793"
"2014-03-20","CreateTableNode.java","61564","150556","212120"
"2014-01-26","CreateTableNode.java","51164","121407","172571"
"2015-06-24","CreateTableNode.java","83566","379726","463292"
"2013-09-16","CreateTableNode.java","30877","41982","72859"
"2015-09-23","CreateTableNode.java","84545","416586","501131"
"2014-12-30","CreateTableNode.java","82701","309764","392465"
"2015-09-28","CreateTableNode.java","84555","420907","505462"
"2014-01-22","CreateTableNode.java","50605","120404","171009"
"2014-11-04","TajoTestingCluster.java","113255","274793","388048"
"2014-10-28","TajoTestingCluster.java","113247","272983","386230"
"2015-06-25","TajoTestingCluster.java","114546","373468","488014"
"2015-01-27","TajoTestingCluster.java","113521","304490","418011"
"2014-12-12","TajoTestingCluster.java","113323","299587","412910"
"2015-02-02","TajoTestingCluster.java","113521","304840","418361"
"2014-03-20","TajoTestingCluster.java","51446","103098","154544"
"2014-08-19","TajoTestingCluster.java","112963","213784","326747"
"2014-12-30","TajoTestingCluster.java","113508","303231","416739"
"2014-11-19","TajoTestingCluster.java","113316","285514","398830"
"2015-02-03","TajoTestingCluster.java","113516","304853","418369"
"2015-05-28","TajoTestingCluster.java","114550","369462","484012"
"2014-11-15","TajoTestingCluster.java","113308","285815","399123"
"2013-10-21","TajoTestingCluster.java","3481","3150","6631"
"2013-10-17","TajoTestingCluster.java","2431","2255","4686"
"2015-09-01","TajoTestingCluster.java","115466","387164","502630"
"2015-09-16","TajoTestingCluster.java","115526","393491","509017"
"2015-11-06","TajoTestingCluster.java","115818","416501","532319"
"2015-04-17","TajoTestingCluster.java","114552","321646","436198"
"2015-06-24","TajoTestingCluster.java","114546","373366","487912"
"2015-04-01","TajoTestingCluster.java","114553","315364","429917"
"2013-10-25","TajoTestingCluster.java","4278","4820","9098"
"2014-03-01","TajoTestingCluster.java","50126","92462","142588"
"2015-01-08","TajoTestingCluster.java","113514","305800","419314"
"2014-09-22","TajoTestingCluster.java","113024","267308","380332"
"2014-06-27","TajoTestingCluster.java","112509","195818","308327"
"2014-06-24","TajoTestingCluster.java","112482","198952","311434"
"2014-08-22","TajoTestingCluster.java","112965","217532","330497"
"2015-01-27","TajoTestingCluster.java","113521","304563","418084"
"2014-09-15","TajoTestingCluster.java","113025","265806","378831"
"2014-11-04","TajoTestingCluster.java","113430","274794","388224"
"2014-10-28","TajoTestingCluster.java","113422","272984","386406"
"2015-06-25","TajoTestingCluster.java","114721","373469","488190"
"2015-01-27","TajoTestingCluster.java","113696","304491","418187"
"2014-12-12","TajoTestingCluster.java","113498","299588","413086"
"2015-02-02","TajoTestingCluster.java","113696","304841","418537"
"2014-03-20","TajoTestingCluster.java","51666","103144","154810"
"2014-08-19","TajoTestingCluster.java","113139","213786","326925"
"2014-12-30","TajoTestingCluster.java","113683","303232","416915"
"2014-11-19","TajoTestingCluster.java","113491","285515","399006"
"2015-02-03","TajoTestingCluster.java","113691","304854","418545"
"2015-05-28","TajoTestingCluster.java","114725","369463","484188"
"2014-11-15","TajoTestingCluster.java","113483","285816","399299"
"2013-10-21","TajoTestingCluster.java","3703","3198","6901"
"2013-10-17","TajoTestingCluster.java","2659","2309","4968"
"2015-09-01","TajoTestingCluster.java","115641","387165","502806"
"2015-09-16","TajoTestingCluster.java","115701","393492","509193"
"2015-11-06","TajoTestingCluster.java","115993","416502","532495"
"2015-04-17","TajoTestingCluster.java","114727","321647","436374"
"2015-06-24","TajoTestingCluster.java","114721","373367","488088"
"2015-04-01","TajoTestingCluster.java","114728","315365","430093"
"2013-10-25","TajoTestingCluster.java","4498","4866","9364"
"2014-03-01","TajoTestingCluster.java","50341","92503","142844"
"2015-01-08","TajoTestingCluster.java","113689","305801","419490"
"2014-09-22","TajoTestingCluster.java","113199","267309","380508"
"2014-06-27","TajoTestingCluster.java","112685","195820","308505"
"2014-06-24","TajoTestingCluster.java","112658","198954","311612"
"2014-08-22","TajoTestingCluster.java","113141","217534","330675"
"2015-01-27","TajoTestingCluster.java","113696","304564","418260"
"2014-09-15","TajoTestingCluster.java","113200","265807","379007"
"2014-02-27","Repartitioner.java","38578","53886","92464"
"2015-08-13","Repartitioner.java","131088","373808","504896"
"2015-12-24","Repartitioner.java","131917","414442","546359"
"2014-10-25","Repartitioner.java","124810","258840","383650"
"2014-12-22","Repartitioner.java","126192","288362","414554"
"2014-04-05","Repartitioner.java","43577","79337","122914"
"2014-07-07","Repartitioner.java","123740","182572","306312"
"2015-06-24","Repartitioner.java","130157","364100","494257"
"2014-02-27","Repartitioner.java","38561","53789","92350"
"2014-07-11","Repartitioner.java","123829","189112","312941"
"2014-06-30","Repartitioner.java","123740","182278","306018"
"2014-06-27","Repartitioner.java","123740","182172","305912"
"2015-11-17","Repartitioner.java","131883","408655","540538"
"2014-07-09","Repartitioner.java","123829","188700","312529"
"2015-05-27","Repartitioner.java","129777","359535","489312"
"2015-03-03","Repartitioner.java","126404","295666","422070"
"2014-10-09","Repartitioner.java","124539","259663","384202"
"2015-09-23","Repartitioner.java","131731","402187","533918"
"2015-01-06","Repartitioner.java","126206","293705","419911"
"2014-08-21","Repartitioner.java","124419","202778","327197"
"2015-10-09","Repartitioner.java","131808","406645","538453"
"2014-06-12","Repartitioner.java","123710","183714","307424"
"2014-06-26","Repartitioner.java","123740","181978","305718"
"2014-04-28","Repartitioner.java","122951","165363","288314"
"2014-12-12","Repartitioner.java","125998","287385","413383"
"2015-09-28","Repartitioner.java","131757","405892","537649"
"2014-07-15","Repartitioner.java","123856","189990","313846"
"2014-08-04","Repartitioner.java","124343","195410","319753"
"2014-12-18","Repartitioner.java","126189","287859","414048"
"2014-10-08","Repartitioner.java","124520","258090","382610"
"2014-07-28","Repartitioner.java","124250","194100","318350"
"2014-06-11","Repartitioner.java","123710","183427","307137"
"2014-07-15","Repartitioner.java","123852","189809","313661"
"2014-08-11","Repartitioner.java","124402","197435","321837"
"2015-06-23","Repartitioner.java","130158","363096","493254"
"2015-06-24","CreateTableNode.java","147333","354501","501834"
"2015-09-23","CreateTableNode.java","150344","393393","543737"
"2014-12-30","CreateTableNode.java","141361","279432","420793"
"2015-09-28","CreateTableNode.java","150270","397630","547900"
"2014-03-20","CreateTableNode.java","34723","53472","88195"
"2015-06-24","CreateTableNode.java","135540","361457","496997"
"2015-09-23","CreateTableNode.java","137248","399046","536294"
"2014-12-30","CreateTableNode.java","131114","287934","419048"
"2015-09-28","CreateTableNode.java","137292","403401","540693"
"2015-09-23","CreateTableNode.java","124199","160080","284279"
"2015-09-28","CreateTableNode.java","125417","165609","291026"
"2015-06-25","TajoTestingCluster.java","51586","118222","169808"
"2015-01-27","TajoTestingCluster.java","15207","13890","29097"
"2015-02-02","TajoTestingCluster.java","15716","14749","30465"
"2015-02-03","TajoTestingCluster.java","15881","14932","30813"
"2015-05-28","TajoTestingCluster.java","47267","109893","157160"
"2015-09-01","TajoTestingCluster.java","104193","183605","287798"
"2015-09-16","TajoTestingCluster.java","110022","195701","305723"
"2015-11-06","TajoTestingCluster.java","112165","220562","332727"
"2015-04-17","TajoTestingCluster.java","32203","47011","79214"
"2015-06-24","TajoTestingCluster.java","51391","117925","169316"
"2015-04-01","TajoTestingCluster.java","27471","35996","63467"
"2015-01-27","TajoTestingCluster.java","15217","13973","29190"
"2014-03-20","CreateTableNode.java","53620","131507","185127"
"2014-01-26","CreateTableNode.java","35049","94187","129236"
"2015-06-24","CreateTableNode.java","92058","377113","469171"
"2015-09-23","CreateTableNode.java","93088","414024","507112"
"2014-12-30","CreateTableNode.java","91068","307026","398094"
"2015-09-28","CreateTableNode.java","93099","418346","511445"
"2014-01-22","CreateTableNode.java","34327","93021","127348"
"2014-02-27","Repartitioner.java","38667","54006","92673"
"2015-08-13","Repartitioner.java","131075","373826","504901"
"2015-12-24","Repartitioner.java","131904","414460","546364"
"2014-10-25","Repartitioner.java","124797","258858","383655"
"2014-12-22","Repartitioner.java","126179","288380","414559"
"2014-04-05","Repartitioner.java","43652","79443","123095"
"2014-07-07","Repartitioner.java","123727","182590","306317"
"2015-06-24","Repartitioner.java","130144","364118","494262"
"2014-02-27","Repartitioner.java","38650","53909","92559"
"2014-07-11","Repartitioner.java","123816","189130","312946"
"2014-06-30","Repartitioner.java","123727","182296","306023"
"2014-06-27","Repartitioner.java","123727","182190","305917"
"2015-11-17","Repartitioner.java","131870","408673","540543"
"2014-07-09","Repartitioner.java","123816","188718","312534"
"2015-05-27","Repartitioner.java","129764","359553","489317"
"2015-03-03","Repartitioner.java","126391","295684","422075"
"2014-10-09","Repartitioner.java","124526","259681","384207"
"2015-09-23","Repartitioner.java","131718","402205","533923"
"2015-01-06","Repartitioner.java","126193","293723","419916"
"2014-08-21","Repartitioner.java","124406","202796","327202"
"2015-10-09","Repartitioner.java","131795","406663","538458"
"2014-06-12","Repartitioner.java","123697","183732","307429"
"2014-06-26","Repartitioner.java","123727","181996","305723"
"2014-04-28","Repartitioner.java","122938","165381","288319"
"2014-01-07","Repartitioner.java","2081","2209","4290"
"2014-12-12","Repartitioner.java","125985","287403","413388"
"2015-09-28","Repartitioner.java","131744","405910","537654"
"2014-07-15","Repartitioner.java","123843","190008","313851"
"2014-08-04","Repartitioner.java","124330","195428","319758"
"2014-12-18","Repartitioner.java","126176","287877","414053"
"2014-10-08","Repartitioner.java","124507","258108","382615"
"2014-07-28","Repartitioner.java","124237","194118","318355"
"2014-06-11","Repartitioner.java","123697","183445","307142"
"2014-07-15","Repartitioner.java","123839","189827","313666"
"2014-08-11","Repartitioner.java","124389","197453","321842"
"2015-06-23","Repartitioner.java","130145","363114","493259"
"2014-01-07","Repartitioner.java","146","177","323"
"2015-09-28","CreateTableNode.java","1892","6203","8095"
"2014-11-04","TajoTestingCluster.java","39672","46926","86598"
"2014-10-28","TajoTestingCluster.java","34849","40301","75150"
"2015-06-25","TajoTestingCluster.java","104000","208638","312638"
"2015-01-27","TajoTestingCluster.java","83162","119847","203009"
"2014-12-12","TajoTestingCluster.java","65945","97925","163870"
"2015-02-02","TajoTestingCluster.java","83326","120361","203687"
"2014-12-30","TajoTestingCluster.java","72868","108307","181175"
"2014-11-19","TajoTestingCluster.java","41502","59416","100918"
"2015-02-03","TajoTestingCluster.java","83432","120485","203917"
"2015-05-28","TajoTestingCluster.java","101735","202363","304098"
"2014-11-15","TajoTestingCluster.java","40935","59158","100093"
"2015-09-01","TajoTestingCluster.java","142778","260192","402970"
"2015-09-16","TajoTestingCluster.java","146907","270588","417495"
"2015-11-06","TajoTestingCluster.java","148162","294561","442723"
"2015-04-17","TajoTestingCluster.java","93071","145881","238952"
"2015-06-24","TajoTestingCluster.java","103997","208533","312530"
"2015-04-01","TajoTestingCluster.java","88995","135522","224517"
"2015-01-08","TajoTestingCluster.java","73766","111768","185534"
"2015-01-27","TajoTestingCluster.java","83154","119912","203066"
"2015-06-24","CreateTableNode.java","51225","120322","171547"
"2015-09-23","CreateTableNode.java","109580","214558","324138"
"2015-09-28","CreateTableNode.java","110204","219493","329697"
"2014-11-04","TajoTestingCluster.java","39885","118114","157999"
"2014-10-28","TajoTestingCluster.java","36120","112547","148667"
"2015-06-25","TajoTestingCluster.java","93551","269164","362715"
"2015-01-27","TajoTestingCluster.java","77075","184735","261810"
"2014-12-12","TajoTestingCluster.java","62491","165446","227937"
"2015-02-02","TajoTestingCluster.java","77159","185169","262328"
"2014-08-19","TajoTestingCluster.java","4318","21830","26148"
"2014-12-30","TajoTestingCluster.java","68595","175009","243604"
"2014-11-19","TajoTestingCluster.java","41552","130441","171993"
"2015-02-03","TajoTestingCluster.java","77260","185288","262548"
"2015-05-28","TajoTestingCluster.java","91692","263295","354987"
"2014-11-15","TajoTestingCluster.java","41009","130207","171216"
"2015-09-01","TajoTestingCluster.java","125769","314158","439927"
"2015-09-16","TajoTestingCluster.java","129533","324189","453722"
"2015-11-06","TajoTestingCluster.java","130620","347994","478614"
"2015-04-17","TajoTestingCluster.java","85300","209085","294385"
"2015-06-24","TajoTestingCluster.java","93549","269060","362609"
"2015-04-01","TajoTestingCluster.java","82135","199637","281772"
"2015-01-08","TajoTestingCluster.java","69313","178290","247603"
"2014-09-22","TajoTestingCluster.java","6358","77333","83691"
"2014-08-22","TajoTestingCluster.java","4651","25909","30560"
"2015-01-27","TajoTestingCluster.java","77075","184808","261883"
"2014-09-15","TajoTestingCluster.java","5051","74523","79574"
"2014-03-20","CreateTableNode.java","37186","56379","93565"
"2014-01-26","CreateTableNode.java","3433","3877","7310"
"2015-06-24","CreateTableNode.java","135755","362116","497871"
"2015-09-23","CreateTableNode.java","137312","399554","536866"
"2014-12-30","CreateTableNode.java","131478","288742","420220"
"2015-09-28","CreateTableNode.java","137353","403906","541259"
"2014-11-04","TajoTestingCluster.java","44124","119192","163316"
"2014-10-28","TajoTestingCluster.java","40373","113639","154012"
"2015-06-25","TajoTestingCluster.java","97412","269864","367276"
"2015-01-27","TajoTestingCluster.java","81199","185698","266897"
"2014-12-12","TajoTestingCluster.java","66716","166510","233226"
"2015-02-02","TajoTestingCluster.java","81283","186132","267415"
"2014-08-19","TajoTestingCluster.java","8764","23115","31879"
"2014-12-30","TajoTestingCluster.java","72788","176041","248829"
"2014-11-19","TajoTestingCluster.java","45791","131519","177310"
"2015-02-03","TajoTestingCluster.java","81382","186249","267631"
"2015-05-28","TajoTestingCluster.java","95562","264004","359566"
"2014-11-15","TajoTestingCluster.java","45248","131285","176533"
"2015-09-01","TajoTestingCluster.java","129238","314466","443704"
"2015-09-16","TajoTestingCluster.java","133002","324497","457499"
"2015-11-06","TajoTestingCluster.java","134087","348300","482387"
"2015-04-17","TajoTestingCluster.java","89416","210040","299456"
"2015-06-24","TajoTestingCluster.java","97410","269760","367170"
"2015-04-01","TajoTestingCluster.java","86252","200593","286845"
"2015-01-08","TajoTestingCluster.java","73497","179313","252810"
"2014-09-22","TajoTestingCluster.java","10791","78605","89396"
"2014-06-27","TajoTestingCluster.java","4552","1391","5943"
"2014-08-22","TajoTestingCluster.java","9094","27191","36285"
"2015-01-27","TajoTestingCluster.java","81199","185771","266970"
"2014-09-15","TajoTestingCluster.java","9494","75805","85299"
"2015-05-11","DistinctGroupbyNode.java","88444","228769","317213"
"2014-12-30","DistinctGroupbyNode.java","72201","187836","260037"
"2014-10-08","DistinctGroupbyNode.java","12726","97085","109811"
"2015-12-03","DistinctGroupbyNode.java","129324","358895","488219"
"2015-09-23","DistinctGroupbyNode.java","128510","349755","478265"
"2015-11-18","DistinctGroupbyNode.java","129169","356823","485992"
"2015-03-20","DistinctGroupbyNode.java","84248","209111","293359"
"2014-11-04","TajoTestingCluster.java","41019","97990","139009"
"2014-10-28","TajoTestingCluster.java","36239","91408","127647"
"2015-06-25","TajoTestingCluster.java","102963","257318","360281"
"2015-01-27","TajoTestingCluster.java","83253","169655","252908"
"2014-12-12","TajoTestingCluster.java","66552","148249","214801"
"2015-02-02","TajoTestingCluster.java","83417","170169","253586"
"2014-12-30","TajoTestingCluster.java","73384","158540","231924"
"2014-11-19","TajoTestingCluster.java","42841","110472","153313"
"2015-02-03","TajoTestingCluster.java","83521","170291","253812"
"2015-05-28","TajoTestingCluster.java","100843","251188","352031"
"2014-11-15","TajoTestingCluster.java","42277","110217","152494"
"2015-09-01","TajoTestingCluster.java","140243","307374","447617"
"2015-09-16","TajoTestingCluster.java","144334","317732","462066"
"2015-11-06","TajoTestingCluster.java","145436","341552","486988"
"2015-04-17","TajoTestingCluster.java","92292","194819","287111"
"2015-06-24","TajoTestingCluster.java","102960","257213","360173"
"2015-04-01","TajoTestingCluster.java","88674","184918","273592"
"2015-01-08","TajoTestingCluster.java","74138","161857","235995"
"2014-09-22","TajoTestingCluster.java","1962","51679","53641"
"2015-01-27","TajoTestingCluster.java","83248","169723","252971"
"2014-09-15","TajoTestingCluster.java","443","48657","49100"
"2015-09-03","Stage.java","105032","189746","294778"
"2015-07-20","Stage.java","59850","130389","190239"
"2015-09-23","Stage.java","111460","219745","331205"
"2015-01-09","Stage.java","14826","20222","35048"
"2015-09-10","Stage.java","110142","198247","308389"
"2015-01-27","Stage.java","17882","21877","39759"
"2015-02-02","Stage.java","18380","22652","41032"
"2015-04-20","Stage.java","34831","58962","93793"
"2015-08-26","Stage.java","104568","189703","294271"
"2015-09-28","Stage.java","112068","224033","336101"
"2015-03-19","Stage.java","28235","39860","68095"
"2015-01-08","Stage.java","3696","8935","12631"
"2015-09-04","Stage.java","107784","193719","301503"
"2015-03-03","Stage.java","23457","30549","54006"
"2015-04-19","Stage.java","34830","58951","93781"
"2015-04-27","Stage.java","34864","59216","94080"
"2015-12-03","DistinctGroupbyNode.java","94838","184084","278922"
"2015-09-23","DistinctGroupbyNode.java","91608","172528","264136"
"2015-11-18","DistinctGroupbyNode.java","94212","181541","275753"
"2015-06-25","TajoTestingCluster.java","38003","105883","143886"
"2015-02-02","TajoTestingCluster.java","1107","1384","2491"
"2015-02-03","TajoTestingCluster.java","1279","1574","2853"
"2015-05-28","TajoTestingCluster.java","33510","97380","130890"
"2015-09-01","TajoTestingCluster.java","93255","173911","267166"
"2015-09-16","TajoTestingCluster.java","99219","186142","285361"
"2015-11-06","TajoTestingCluster.java","101492","211133","312625"
"2015-04-17","TajoTestingCluster.java","17976","34028","52004"
"2015-06-24","TajoTestingCluster.java","37706","105484","143190"
"2015-04-01","TajoTestingCluster.java","13177","22946","36123"
"2015-09-23","Stage.java","12652","36223","48875"
"2015-09-10","Stage.java","9009","12400","21409"
"2015-09-28","Stage.java","13980","41231","55211"
"2015-09-04","Stage.java","3311","4532","7843"
"2014-11-04","TajoTestingCluster.java","41051","49808","90859"
"2014-10-28","TajoTestingCluster.java","36262","43217","79479"
"2015-06-25","TajoTestingCluster.java","104017","210158","314175"
"2015-01-27","TajoTestingCluster.java","83750","121938","205688"
"2014-12-12","TajoTestingCluster.java","66887","100370","167257"
"2015-02-02","TajoTestingCluster.java","83912","122450","206362"
"2014-12-30","TajoTestingCluster.java","73753","110695","184448"
"2014-11-19","TajoTestingCluster.java","42873","62290","105163"
"2015-02-03","TajoTestingCluster.java","84016","122572","206588"
"2015-05-28","TajoTestingCluster.java","101857","203988","305845"
"2014-11-15","TajoTestingCluster.java","42309","62035","104344"
"2015-09-01","TajoTestingCluster.java","142165","261082","403247"
"2015-09-16","TajoTestingCluster.java","146257","271441","417698"
"2015-11-06","TajoTestingCluster.java","147481","295383","442864"
"2015-04-17","TajoTestingCluster.java","93299","147612","240911"
"2015-06-24","TajoTestingCluster.java","104014","210053","314067"
"2015-04-01","TajoTestingCluster.java","89227","137257","226484"
"2015-01-08","TajoTestingCluster.java","74530","114035","188565"
"2014-09-22","TajoTestingCluster.java","1714","3217","4931"
"2015-01-27","TajoTestingCluster.java","83742","122003","205745"
"2015-09-03","Stage.java","107059","121234","228293"
"2015-09-23","Stage.java","115192","152938","268130"
"2015-09-10","Stage.java","112747","130313","243060"
"2015-08-26","Stage.java","106182","120778","226960"
"2015-09-28","Stage.java","116211","157637","273848"
"2015-09-04","Stage.java","110082","125478","235560"
"2015-05-11","DistinctGroupbyNode.java","34019","58709","92728"
"2015-12-03","DistinctGroupbyNode.java","112632","226568","339200"
"2015-09-23","DistinctGroupbyNode.java","109952","215562","325514"
"2015-11-18","DistinctGroupbyNode.java","112182","224201","336383"
"2015-03-20","DistinctGroupbyNode.java","25842","35070","60912"
"2015-05-11","DistinctGroupbyNode.java","94018","149984","244002"
"2014-12-30","DistinctGroupbyNode.java","72906","104182","177088"
"2015-12-03","DistinctGroupbyNode.java","149607","294819","444426"
"2015-09-23","DistinctGroupbyNode.java","148528","285414","433942"
"2015-11-18","DistinctGroupbyNode.java","149342","292637","441979"
"2015-03-20","DistinctGroupbyNode.java","88372","128876","217248"
"2015-08-20","TpchTestBase.java","84219","392901","477120"
"2015-09-17","TpchTestBase.java","84545","415025","499570"
"2015-09-28","Stage.java","1512","5192","6704"
"2015-09-17","TpchTestBase.java","19834","41632","61466"
"2015-09-03","Stage.java","96014","175332","271346"
"2015-07-20","Stage.java","48777","113920","162697"
"2015-09-23","Stage.java","102463","205352","307815"
"2015-09-10","Stage.java","101125","183834","284959"
"2015-01-27","Stage.java","3757","2356","6113"
"2015-02-02","Stage.java","4786","3662","8448"
"2015-04-20","Stage.java","21776","40511","62287"
"2015-08-26","Stage.java","95339","175078","270417"
"2015-09-28","Stage.java","103245","209814","313059"
"2015-03-19","Stage.java","14786","21015","35801"
"2015-09-04","Stage.java","98768","179307","278075"
"2015-03-03","Stage.java","9969","11665","21634"
"2015-04-19","Stage.java","21773","40498","62271"
"2015-04-27","Stage.java","21812","40768","62580"
"2015-09-23","Stage.java","3873","24053","27926"
"2015-09-28","Stage.java","5270","29130","34400"
"2015-12-03","DistinctGroupbyNode.java","6211","14537","20748"
"2015-11-18","DistinctGroupbyNode.java","4523","10932","15455"
"2015-12-03","DistinctGroupbyNode.java","1844","3761","5605"
"2014-02-04","IPv4.java","59686","132242","191928"
"2015-09-03","Stage.java","93322","174041","267363"
"2015-07-20","Stage.java","45891","112435","158326"
"2015-09-23","Stage.java","99817","204107","303924"
"2015-09-10","Stage.java","98433","182543","280976"
"2015-02-02","Stage.java","1107","1384","2491"
"2015-04-20","Stage.java","18353","38489","56842"
"2015-08-26","Stage.java","92640","173780","266420"
"2015-09-28","Stage.java","100598","208568","309166"
"2015-03-19","Stage.java","11277","18907","30184"
"2015-09-04","Stage.java","96076","178016","274092"
"2015-03-03","Stage.java","6335","9432","15767"
"2015-04-19","Stage.java","18350","38476","56826"
"2015-04-27","Stage.java","18390","38747","57137"
"2015-05-11","DistinctGroupbyNode.java","10674","26136","36810"
"2015-12-03","DistinctGroupbyNode.java","97044","201752","298796"
"2015-09-23","DistinctGroupbyNode.java","94150","190532","284682"
"2015-11-18","DistinctGroupbyNode.java","96559","199350","295909"
"2014-12-12","TajoConf.java","12955","29699","42654"
"2015-07-20","TajoConf.java","81801","177931","259732"
"2015-09-04","TajoConf.java","117935","229461","347396"
"2015-12-24","TajoConf.java","125113","271059","396172"
"2015-09-14","TajoConf.java","122422","237834","360256"
"2015-09-21","TajoConf.java","123031","254807","377838"
"2015-09-23","TajoConf.java","123115","256991","380106"
"2015-03-18","TajoConf.java","57878","94964","152842"
"2014-12-30","TajoConf.java","41891","70158","112049"
"2014-11-11","TajoConf.java","5763","14189","19952"
"2014-12-12","TajoConf.java","33904","58712","92616"
"2015-07-31","TajoConf.java","85959","188365","274324"
"2015-12-17","TajoConf.java","124996","270460","395456"
"2015-11-17","TajoConf.java","124287","264480","388767"
"2015-10-30","TajoConf.java","124137","263177","387314"
"2015-07-30","TajoConf.java","85922","187656","273578"
"2015-09-25","TajoConf.java","123437","260875","384312"
"2015-06-23","TajoConf.java","76283","172642","248925"
"2015-04-08","TajoConf.java","60205","106170","166375"
"2014-12-01","TajoConf.java","9544","21982","31526"
"2015-09-03","TajoConf.java","117909","228272","346181"
"2014-10-28","TajoConf.java","82575","281371","363946"
"2013-09-09","TajoConf.java","28547","29065","57612"
"2014-05-22","TajoConf.java","82134","200335","282469"
"2014-12-12","TajoConf.java","82595","298135","380730"
"2013-10-21","TajoConf.java","41906","78915","120821"
"2014-08-11","TajoConf.java","82338","217588","299926"
"2013-12-02","TajoConf.java","47320","92989","140309"
"2015-07-20","TajoConf.java","83572","378498","462070"
"2015-09-04","TajoConf.java","84320","394642","478962"
"2015-12-24","TajoConf.java","84591","429333","513924"
"2015-09-14","TajoConf.java","84322","398530","482852"
"2015-09-21","TajoConf.java","84545","415117","499662"
"2015-09-23","TajoConf.java","84545","417217","501762"
"2015-03-18","TajoConf.java","83594","319476","403070"
"2014-12-30","TajoConf.java","82701","309764","392465"
"2014-11-11","TajoConf.java","82577","289799","372376"
"2014-12-12","TajoConf.java","82600","306204","388804"
"2015-07-31","TajoConf.java","84059","385261","469320"
"2015-12-17","TajoConf.java","84587","428847","513434"
"2015-11-17","TajoConf.java","84576","423565","508141"
"2015-10-30","TajoConf.java","84573","422409","506982"
"2015-07-30","TajoConf.java","84059","384589","468648"
"2015-09-25","TajoConf.java","84547","420781","505328"
"2015-06-23","TajoConf.java","83566","378721","462287"
"2015-04-08","TajoConf.java","83604","328365","411969"
"2014-08-19","TajoConf.java","82348","220509","302857"
"2014-12-01","TajoConf.java","82592","293826","376418"
"2015-09-03","TajoConf.java","84320","393479","477799"
"2014-10-28","TajoConf.java","80600","278878","359478"
"2014-05-22","TajoConf.java","80109","197792","277901"
"2014-12-12","TajoConf.java","80624","295646","376270"
"2013-10-21","TajoConf.java","18805","55296","74101"
"2014-08-11","TajoConf.java","80343","215075","295418"
"2013-12-02","TajoConf.java","25694","70845","96539"
"2015-07-20","TajoConf.java","81801","376209","458010"
"2015-09-04","TajoConf.java","82587","392391","474978"
"2015-12-24","TajoConf.java","82895","427119","510014"
"2015-09-14","TajoConf.java","82589","396279","478868"
"2015-09-21","TajoConf.java","82820","412874","495694"
"2015-09-23","TajoConf.java","82820","414974","497794"
"2015-03-18","TajoConf.java","81802","317166","398968"
"2014-12-30","TajoConf.java","80807","307352","388159"
"2014-11-11","TajoConf.java","80602","287306","367908"
"2014-12-12","TajoConf.java","80624","303710","384334"
"2015-07-31","TajoConf.java","82304","382988","465292"
"2015-12-17","TajoConf.java","82891","426633","509524"
"2015-11-17","TajoConf.java","82871","421342","504213"
"2015-10-30","TajoConf.java","82860","420178","503038"
"2015-07-30","TajoConf.java","82305","382317","464622"
"2015-09-25","TajoConf.java","82823","418539","501362"
"2015-06-23","TajoConf.java","81787","376424","458211"
"2015-04-08","TajoConf.java","81815","326058","407873"
"2014-08-19","TajoConf.java","80351","217994","298345"
"2014-12-01","TajoConf.java","80621","291337","371958"
"2015-09-03","TajoConf.java","82587","391228","473815"
"2015-09-03","Stage.java","92631","173073","265704"
"2015-07-20","Stage.java","45110","111377","156487"
"2015-09-23","Stage.java","99144","203157","302301"
"2015-09-10","Stage.java","97742","181575","279317"
"2015-04-20","Stage.java","17288","37147","54435"
"2015-08-26","Stage.java","91948","172811","264759"
"2015-09-28","Stage.java","99926","207619","307545"
"2015-03-19","Stage.java","10201","17554","27755"
"2015-09-04","Stage.java","95385","177048","272433"
"2015-03-03","Stage.java","5259","8079","13338"
"2015-04-19","Stage.java","17285","37134","54419"
"2015-04-27","Stage.java","17326","37406","54732"
"2014-10-28","TajoConf.java","39832","120427","160259"
"2014-12-12","TajoConf.java","49341","146680","196021"
"2014-08-11","TajoConf.java","9076","26125","35201"
"2015-07-20","TajoConf.java","99053","275778","374831"
"2015-09-04","TajoConf.java","124964","317085","442049"
"2015-12-24","TajoConf.java","130052","356593","486645"
"2015-09-14","TajoConf.java","128448","324455","452903"
"2015-09-21","TajoConf.java","128967","341338","470305"
"2015-09-23","TajoConf.java","129001","343472","472473"
"2015-03-18","TajoConf.java","84308","201989","286297"
"2014-12-30","TajoConf.java","71785","180647","252432"
"2014-11-11","TajoConf.java","43994","133015","177009"
"2014-12-12","TajoConf.java","65858","171261","237119"
"2015-07-31","TajoConf.java","101704","284705","386409"
"2015-12-17","TajoConf.java","129965","356024","485989"
"2015-11-17","TajoConf.java","129712","350500","480212"
"2015-10-30","TajoConf.java","129654","349289","478943"
"2015-07-30","TajoConf.java","101667","283996","385663"
"2015-09-25","TajoConf.java","129102","347135","476237"
"2015-06-23","TajoConf.java","94986","271940","366926"
"2015-04-08","TajoConf.java","85630","212190","297820"
"2014-08-19","TajoConf.java","9384","29344","38728"
"2014-12-01","TajoConf.java","46942","139975","186917"
"2015-09-03","TajoConf.java","124964","315922","440886"
"2015-07-20","TajoConf.java","84261","163647","247908"
"2015-09-04","TajoConf.java","123200","217982","341182"
"2015-12-24","TajoConf.java","130741","259943","390684"
"2015-09-14","TajoConf.java","127754","226422","354176"
"2015-09-21","TajoConf.java","128410","243442","371852"
"2015-09-23","TajoConf.java","128498","245630","374128"
"2015-03-18","TajoConf.java","58350","78692","137042"
"2014-12-30","TajoConf.java","36886","48409","85295"
"2015-07-31","TajoConf.java","88678","174340","263018"
"2015-12-17","TajoConf.java","130586","259306","389892"
"2015-11-17","TajoConf.java","129779","253228","383007"
"2015-10-30","TajoConf.java","129618","251914","381532"
"2015-07-30","TajoConf.java","88641","173631","262272"
"2015-09-25","TajoConf.java","128849","249543","378392"
"2015-06-23","TajoConf.java","77880","157495","235375"
"2015-04-08","TajoConf.java","61380","90601","151981"
"2015-09-03","TajoConf.java","123159","216778","339937"
"2015-09-03","Stage.java","84829","145412","230241"
"2015-07-20","Stage.java","31832","78240","110072"
"2015-09-23","Stage.java","92036","176190","268226"
"2015-09-10","Stage.java","90267","154241","244508"
"2015-08-26","Stage.java","84011","145015","229026"
"2015-09-28","Stage.java","92815","180649","273464"
"2015-09-04","Stage.java","87642","149446","237088"
"2015-04-27","Stage.java","50","271","321"
"2014-10-28","TajoConf.java","111698","273485","385183"
"2014-05-22","TajoConf.java","110880","192072","302952"
"2014-12-12","TajoConf.java","111772","290303","402075"
"2014-08-11","TajoConf.java","111370","209611","320981"
"2013-12-02","TajoConf.java","10959","19619","30578"
"2015-07-20","TajoConf.java","113959","371876","485835"
"2015-09-04","TajoConf.java","114871","388184","503055"
"2015-12-24","TajoConf.java","115260","422993","538253"
"2015-09-14","TajoConf.java","114873","392072","506945"
"2015-09-21","TajoConf.java","115107","408670","523777"
"2015-09-23","TajoConf.java","115112","410775","525887"
"2015-03-18","TajoConf.java","113925","312798","426723"
"2014-12-30","TajoConf.java","111957","302011","413968"
"2014-11-11","TajoConf.java","111701","281914","393615"
"2014-12-12","TajoConf.java","111772","298367","410139"
"2015-07-31","TajoConf.java","114524","378717","493241"
"2015-12-17","TajoConf.java","115256","422507","537763"
"2015-11-17","TajoConf.java","115234","417214","532448"
"2015-10-30","TajoConf.java","115223","416050","531273"
"2015-07-30","TajoConf.java","114526","378047","492573"
"2015-09-25","TajoConf.java","115133","414358","529491"
"2015-06-23","TajoConf.java","113934","372080","486014"
"2015-04-08","TajoConf.java","113950","321702","435652"
"2014-08-19","TajoConf.java","111379","212531","323910"
"2014-12-01","TajoConf.java","111768","285993","397761"
"2015-09-03","TajoConf.java","114868","387018","501886"
"2014-10-28","TajoConf.java","35320","98866","134186"
"2014-12-12","TajoConf.java","45863","126153","172016"
"2015-07-20","TajoConf.java","103527","263203","366730"
"2015-09-04","TajoConf.java","134748","309820","444568"
"2015-12-24","TajoConf.java","140335","349827","490162"
"2015-09-14","TajoConf.java","138678","317636","456314"
"2015-09-21","TajoConf.java","139200","334522","473722"
"2015-09-23","TajoConf.java","139235","336657","475892"
"2015-03-18","TajoConf.java","84250","184882","269132"
"2014-12-30","TajoConf.java","70872","162685","233557"
"2014-11-11","TajoConf.java","40337","112309","152646"
"2014-12-12","TajoConf.java","64622","152976","217598"
"2015-07-31","TajoConf.java","106279","272231","378510"
"2015-12-17","TajoConf.java","140238","349248","489486"
"2015-11-17","TajoConf.java","139961","343700","483661"
"2015-10-30","TajoConf.java","139902","342488","482390"
"2015-07-30","TajoConf.java","106242","271522","377764"
"2015-09-25","TajoConf.java","139348","340332","479680"
"2015-06-23","TajoConf.java","98952","258857","357809"
"2015-04-08","TajoConf.java","86003","195514","281517"
"2014-08-19","TajoConf.java","393","3304","3697"
"2014-12-01","TajoConf.java","43332","119316","162648"
"2015-09-03","TajoConf.java","134728","308637","443365"
"2014-12-30","DropDatabaseNode.java","141361","279432","420793"
"2015-09-03","Stage.java","1313","892","2205"
"2015-09-23","Stage.java","13928","37078","51006"
"2015-09-10","Stage.java","10311","13281","23592"
"2015-09-28","Stage.java","15258","42088","57346"
"2015-09-04","Stage.java","4624","5424","10048"
"2014-03-20","DropTableNode.java","51937","146878","198815"
"2014-12-30","DropTableNode.java","75817","308829","384646"
"2013-12-06","DropTableNode.java","36153","91701","127854"
"2013-09-16","DropTableNode.java","18148","35202","53350"
"2014-12-30","DropTableNode.java","141361","279432","420793"
"2014-10-28","TajoConf.java","116747","269874","386621"
"2014-05-22","TajoConf.java","115772","188304","304076"
"2014-12-12","TajoConf.java","116831","286702","403533"
"2014-08-11","TajoConf.java","116385","205966","322351"
"2015-07-20","TajoConf.java","119855","369112","488967"
"2015-09-04","TajoConf.java","120754","385407","506161"
"2015-12-24","TajoConf.java","121163","420236","541399"
"2015-09-14","TajoConf.java","120756","389295","510051"
"2015-09-21","TajoConf.java","120992","405895","526887"
"2015-09-23","TajoConf.java","121000","408003","529003"
"2015-03-18","TajoConf.java","119561","309774","429335"
"2014-12-30","TajoConf.java","117029","298423","415452"
"2014-11-11","TajoConf.java","116750","278303","395053"
"2014-12-12","TajoConf.java","116841","294776","411617"
"2015-07-31","TajoConf.java","120385","375918","496303"
"2015-12-17","TajoConf.java","121159","419750","540909"
"2015-11-17","TajoConf.java","121129","414449","535578"
"2015-10-30","TajoConf.java","121117","413284","534401"
"2015-07-30","TajoConf.java","120387","375248","495635"
"2015-09-25","TajoConf.java","121021","411586","532607"
"2015-06-23","TajoConf.java","119764","369250","489014"
"2015-04-08","TajoConf.java","119605","318697","438302"
"2014-08-19","TajoConf.java","116395","208887","325282"
"2014-12-01","TajoConf.java","116827","282392","399219"
"2015-09-03","TajoConf.java","120751","384241","504992"
"2014-03-20","DropTableNode.java","50135","89528","139663"
"2014-12-30","DropTableNode.java","120789","298253","419042"
"2015-09-04","TajoConf.java","110082","125478","235560"
"2015-12-24","TajoConf.java","120536","170352","290888"
"2015-09-14","TajoConf.java","113660","132942","246602"
"2015-09-21","TajoConf.java","114709","150355","265064"
"2015-09-23","TajoConf.java","115192","152938","268130"
"2015-07-31","TajoConf.java","10705","16981","27686"
"2015-12-17","TajoConf.java","120159","169493","289652"
"2015-11-17","TajoConf.java","118554","162617","281171"
"2015-10-30","TajoConf.java","117469","160379","277848"
"2015-07-30","TajoConf.java","10367","15971","26338"
"2015-09-25","TajoConf.java","115903","157211","273114"
"2015-09-03","TajoConf.java","106982","121215","228197"
"2014-03-20","DropTableNode.java","53620","131507","185127"
"2014-12-30","DropTableNode.java","91068","307026","398094"
"2013-12-06","DropTableNode.java","26658","65152","91810"
"2015-12-24","TajoConf.java","21133","55553","76686"
"2015-09-14","TajoConf.java","7233","11119","18352"
"2015-09-21","TajoConf.java","8698","28948","37646"
"2015-09-23","TajoConf.java","9436","31786","41222"
"2015-12-17","TajoConf.java","20703","54641","75344"
"2015-11-17","TajoConf.java","13844","42511","56355"
"2015-10-30","TajoConf.java","12406","39920","52326"
"2015-09-25","TajoConf.java","10383","36295","46678"
"2015-12-24","TajoConf.java","14280","44814","59094"
"2015-09-21","TajoConf.java","1487","17851","19338"
"2015-09-23","TajoConf.java","2287","20751","23038"
"2015-12-17","TajoConf.java","13850","43902","57752"
"2015-11-17","TajoConf.java","6830","31611","38441"
"2015-10-30","TajoConf.java","5379","29007","34386"
"2015-09-25","TajoConf.java","3285","25311","28596"
"2015-12-24","TajoConf.java","13021","27191","40212"
"2015-09-23","TajoConf.java","839","2939","3778"
"2015-12-17","TajoConf.java","12584","26272","38856"
"2015-11-17","TajoConf.java","5521","13938","19459"
"2015-10-30","TajoConf.java","4052","11316","15368"
"2015-09-25","TajoConf.java","1886","7548","9434"
"2015-12-24","TajoConf.java","12370","24440","36810"
"2015-12-17","TajoConf.java","11933","23521","35454"
"2015-11-17","TajoConf.java","4792","11109","15901"
"2015-10-30","TajoConf.java","3319","8483","11802"
"2015-09-25","TajoConf.java","1056","4618","5674"
"2015-07-20","TajoConf.java","37455","96499","133954"
"2015-09-04","TajoConf.java","89421","163861","253282"
"2015-12-24","TajoConf.java","97699","206559","304258"
"2015-09-14","TajoConf.java","92852","171178","264030"
"2015-09-21","TajoConf.java","93541","188231","281772"
"2015-09-23","TajoConf.java","93653","190443","284096"
"2015-07-31","TajoConf.java","45898","111218","157116"
"2015-12-17","TajoConf.java","97408","205786","303194"
"2015-11-17","TajoConf.java","96245","199352","295597"
"2015-10-30","TajoConf.java","95217","197171","292388"
"2015-07-30","TajoConf.java","45851","110499","156350"
"2015-09-25","TajoConf.java","94196","194548","288744"
"2015-06-23","TajoConf.java","27805","87078","114883"
"2015-04-08","TajoConf.java","3679","12558","16237"
"2015-09-03","TajoConf.java","86552","159829","246381"
"2015-09-03","Stage.java","86708","159797","246505"
"2015-07-20","Stage.java","37447","96361","133808"
"2015-09-23","Stage.java","93752","190412","284164"
"2015-09-10","Stage.java","92100","168580","260680"
"2015-04-20","Stage.java","8161","20667","28828"
"2015-08-26","Stage.java","86028","159538","245566"
"2015-09-28","Stage.java","94494","194834","289328"
"2015-09-04","Stage.java","89518","163828","253346"
"2015-04-19","Stage.java","8158","20654","28812"
"2015-04-27","Stage.java","8203","20930","29133"
"2015-05-11","EvalExprNode.java","83578","335331","418909"
"2015-11-18","EvalExprNode.java","84576","423658","508234"
"2014-01-17","EvalExprNode.java","50436","118362","168798"
"2013-07-26","EvalExprNode.java","13947","7998","21945"
"2015-03-20","EvalExprNode.java","83594","319885","403479"
"2013-08-08","EvalExprNode.java","16854","10029","26883"
"2015-07-20","TajoConf.java","57648","125511","183159"
"2015-09-04","TajoConf.java","105899","189158","295057"
"2015-12-24","TajoConf.java","113193","230872","344065"
"2015-09-14","TajoConf.java","108854","195999","304853"
"2015-09-21","TajoConf.java","109493","213002","322495"
"2015-09-23","TajoConf.java","109582","215191","324773"
"2015-03-18","TajoConf.java","25764","34583","60347"
"2015-07-31","TajoConf.java","65433","139572","205005"
"2015-12-17","TajoConf.java","113022","230219","343241"
"2015-11-17","TajoConf.java","111901","223827","335728"
"2015-10-30","TajoConf.java","110944","221717","332661"
"2015-07-30","TajoConf.java","65395","138862","204257"
"2015-09-25","TajoConf.java","110023","219194","329217"
"2015-06-23","TajoConf.java","50216","118308","168524"
"2015-04-08","TajoConf.java","28955","46653","75608"
"2015-09-03","TajoConf.java","103139","185235","288374"
"2015-09-03","Stage.java","104202","183677","287879"
"2015-07-20","Stage.java","58096","123396","181492"
"2015-09-23","Stage.java","110610","213656","324266"
"2015-01-09","Stage.java","12127","12284","24411"
"2015-09-10","Stage.java","109309","192175","301484"
"2015-01-27","Stage.java","15217","13973","29190"
"2015-02-02","Stage.java","15716","14749","30465"
"2015-04-20","Stage.java","32512","51404","83916"
"2015-08-26","Stage.java","103594","183490","287084"
"2015-09-28","Stage.java","111283","218009","329292"
"2015-03-19","Stage.java","25649","32035","57684"
"2015-09-04","Stage.java","106954","187650","294604"
"2015-03-03","Stage.java","20836","22689","43525"
"2015-04-19","Stage.java","32511","51393","83904"
"2015-04-27","Stage.java","32546","51659","84205"
"2015-11-18","EvalExprNode.java","94212","181541","275753"
"2014-12-12","TajoConf.java","7440","15758","23198"
"2015-07-20","TajoConf.java","86231","173935","260166"
"2015-09-04","TajoConf.java","123844","226944","350788"
"2015-12-24","TajoConf.java","131046","268566","399612"
"2015-09-14","TajoConf.java","128333","235319","363652"
"2015-09-21","TajoConf.java","128942","252292","381234"
"2015-09-23","TajoConf.java","129026","254476","383502"
"2015-03-18","TajoConf.java","61980","90640","152620"
"2014-12-30","TajoConf.java","41742","61583","103325"
"2014-12-12","TajoConf.java","32787","49169","81956"
"2015-07-31","TajoConf.java","90493","184473","274966"
"2015-12-17","TajoConf.java","130928","267966","398894"
"2015-11-17","TajoConf.java","130230","261997","392227"
"2015-10-30","TajoConf.java","130080","260694","390774"
"2015-07-30","TajoConf.java","90456","183764","274220"
"2015-09-25","TajoConf.java","129350","258362","387712"
"2015-06-23","TajoConf.java","80650","168583","249233"
"2015-04-08","TajoConf.java","64377","101916","166293"
"2014-12-01","TajoConf.java","3971","7983","11954"
"2015-09-03","TajoConf.java","123804","225741","349545"
"2015-05-11","EvalExprNode.java","133792","317619","451411"
"2015-11-18","EvalExprNode.java","135907","407063","542970"
"2015-03-20","EvalExprNode.java","132708","301073","433781"
"2015-07-20","TajoConf.java","62429","133751","196180"
"2015-09-04","TajoConf.java","109912","196630","306542"
"2015-12-24","TajoConf.java","117042","238180","355222"
"2015-09-14","TajoConf.java","112848","203452","316300"
"2015-09-21","TajoConf.java","113486","220454","333940"
"2015-09-23","TajoConf.java","113574","222642","336216"
"2015-03-18","TajoConf.java","31510","43788","75298"
"2014-12-30","TajoConf.java","9352","12811","22163"
"2015-07-31","TajoConf.java","70006","147604","217610"
"2015-12-17","TajoConf.java","116887","237543","354430"
"2015-11-17","TajoConf.java","115807","231192","346999"
"2015-10-30","TajoConf.java","114878","229110","343988"
"2015-07-30","TajoConf.java","69968","146894","216862"
"2015-09-25","TajoConf.java","113988","226618","340606"
"2015-06-23","TajoConf.java","55370","126921","182291"
"2015-04-08","TajoConf.java","34631","55788","90419"
"2015-09-03","TajoConf.java","107152","192707","299859"
"2015-05-11","EvalExprNode.java","76694","334396","411090"
"2015-11-18","EvalExprNode.java","77702","422733","500435"
"2014-01-17","EvalExprNode.java","40534","114409","154943"
"2015-03-20","EvalExprNode.java","76710","318950","395660"
"2013-08-08","EvalExprNode.java","3194","2318","5512"
"2015-09-04","TajoConf.java","104071","113191","217262"
"2015-12-24","TajoConf.java","117000","160540","277540"
"2015-09-14","TajoConf.java","109506","122512","232018"
"2015-09-21","TajoConf.java","110722","140092","250814"
"2015-09-23","TajoConf.java","111222","142692","253914"
"2015-12-17","TajoConf.java","116616","159674","276290"
"2015-11-17","TajoConf.java","114875","152662","267537"
"2015-10-30","TajoConf.java","113734","150368","264102"
"2015-09-25","TajoConf.java","112021","147053","259074"
"2015-09-03","TajoConf.java","100760","108717","209477"
"2015-12-24","TajoConf.java","505","987","1492"
"2015-05-11","EvalExprNode.java","10674","26136","36810"
"2015-11-18","EvalExprNode.java","96559","199350","295909"
"2015-12-24","TajoConf.java","7801","13554","21355"
"2015-12-17","TajoConf.java","7339","12610","19949"
"2015-05-11","EvalExprNode.java","75226","333804","409030"
"2015-11-18","EvalExprNode.java","76272","422179","498451"
"2014-01-17","EvalExprNode.java","38255","113006","151261"
"2015-03-20","EvalExprNode.java","75242","318358","393600"
"2013-09-16","ExceptNode.java","30877","41982","72859"
"2014-02-21","ExceptNode.java","60863","138506","199369"
"2015-12-24","TajoConf.java","9235","16141","25376"
"2015-12-17","TajoConf.java","8780","15204","23984"
"2015-11-17","TajoConf.java","1503","2656","4159"
"2014-02-21","ExceptNode.java","48964","115502","164466"
"2015-09-04","TajoConf.java","103994","113786","217780"
"2015-12-24","TajoConf.java","116889","161101","277990"
"2015-09-14","TajoConf.java","109425","123103","232528"
"2015-09-21","TajoConf.java","110637","140679","251316"
"2015-09-23","TajoConf.java","111137","143279","254416"
"2015-07-31","TajoConf.java","340","1012","1352"
"2015-12-17","TajoConf.java","116505","160235","276740"
"2015-11-17","TajoConf.java","114764","153223","267987"
"2015-10-30","TajoConf.java","113623","150929","264552"
"2015-09-25","TajoConf.java","111916","147620","259536"
"2015-09-03","TajoConf.java","100683","109312","209995"
"2015-12-24","TajoConf.java","11528","20036","31564"
"2015-12-17","TajoConf.java","11082","19108","30190"
"2015-11-17","TajoConf.java","3848","6603","10451"
"2015-10-30","TajoConf.java","2355","3957","6312"
"2015-05-11","GroupbyNode.java","83578","335331","418909"
"2014-01-25","GroupbyNode.java","51141","121619","172760"
"2013-07-26","GroupbyNode.java","13947","7998","21945"
"2014-01-17","GroupbyNode.java","50436","118362","168798"
"2015-11-18","GroupbyNode.java","84576","423658","508234"
"2013-08-19","GroupbyNode.java","24236","19338","43574"
"2014-02-21","GroupbyNode.java","60863","138506","199369"
"2015-03-20","GroupbyNode.java","83594","319885","403479"
"2013-08-08","GroupbyNode.java","16854","10029","26883"
"2014-12-30","GroupbyNode.java","82701","309764","392465"
"2015-12-03","GroupbyNode.java","84587","425586","510173"
"2014-05-16","GroupbyNode.java","82133","193561","275694"
"2013-09-16","GroupbyNode.java","30877","41982","72859"
"2014-02-04","GroupbyNode.java","59688","132401","192089"
"2013-09-21","GroupbyNode.java","31103","42514","73617"
"2014-05-26","GroupbyNode.java","82134","201035","283169"
"2015-09-23","Stage.java","9436","31786","41222"
"2015-09-10","Stage.java","5698","7868","13566"
"2015-09-28","Stage.java","10789","36819","47608"
"2015-07-20","TajoConf.java","17835","17606","35441"
"2015-09-04","TajoConf.java","120374","135541","255915"
"2015-12-24","TajoConf.java","130040","179627","309667"
"2015-09-14","TajoConf.java","123915","142968","266883"
"2015-09-21","TajoConf.java","124798","160215","285013"
"2015-09-23","TajoConf.java","125176","162693","287869"
"2015-07-31","TajoConf.java","28192","34239","62431"
"2015-12-17","TajoConf.java","129670","178775","308445"
"2015-11-17","TajoConf.java","128137","171971","300108"
"2015-10-30","TajoConf.java","127086","169767","296853"
"2015-07-30","TajoConf.java","27966","33341","61307"
"2015-09-25","TajoConf.java","125780","166859","292639"
"2015-09-03","TajoConf.java","117292","131296","248588"
"2015-11-18","GroupbyNode.java","94212","181541","275753"
"2015-12-03","GroupbyNode.java","94838","184084","278922"
"2015-05-11","GroupbyNode.java","135880","317155","453035"
"2015-11-18","GroupbyNode.java","138000","406604","544604"
"2014-02-21","GroupbyNode.java","26734","33899","60633"
"2015-03-20","GroupbyNode.java","134779","300592","435371"
"2014-12-30","GroupbyNode.java","132006","288591","420597"
"2015-12-03","GroupbyNode.java","138035","408556","546591"
"2014-05-16","GroupbyNode.java","128116","169066","297182"
"2014-02-04","GroupbyNode.java","22503","24738","47241"
"2014-05-26","GroupbyNode.java","128424","176847","305271"
"2015-05-11","GroupbyNode.java","76694","334396","411090"
"2014-01-25","GroupbyNode.java","41278","117705","158983"
"2014-01-17","GroupbyNode.java","40534","114409","154943"
"2015-11-18","GroupbyNode.java","77702","422733","500435"
"2013-08-19","GroupbyNode.java","11159","12210","23369"
"2014-02-21","GroupbyNode.java","51133","134725","185858"
"2015-03-20","GroupbyNode.java","76710","318950","395660"
"2013-08-08","GroupbyNode.java","3194","2318","5512"
"2014-12-30","GroupbyNode.java","75817","308829","384646"
"2015-12-03","GroupbyNode.java","77719","424667","502386"
"2014-05-16","GroupbyNode.java","75249","192626","267875"
"2013-09-16","GroupbyNode.java","18148","35202","53350"
"2014-02-04","GroupbyNode.java","49866","128528","178394"
"2013-09-21","GroupbyNode.java","18954","36314","55268"
"2014-05-26","GroupbyNode.java","75250","200100","275350"
"2015-05-11","GroupbyNode.java","133792","317619","451411"
"2014-01-25","GroupbyNode.java","3153","5705","8858"
"2015-11-18","GroupbyNode.java","135907","407063","542970"
"2014-02-21","GroupbyNode.java","29432","39149","68581"
"2015-03-20","GroupbyNode.java","132708","301073","433781"
"2014-12-30","GroupbyNode.java","129959","289096","419055"
"2015-12-03","GroupbyNode.java","135942","409015","544957"
"2014-05-16","GroupbyNode.java","126729","170231","296960"
"2014-02-04","GroupbyNode.java","25431","30218","55649"
"2014-05-26","GroupbyNode.java","127003","177978","304981"
"2015-12-03","GroupbyNode.java","1844","3761","5605"
"2015-05-11","GroupbyNode.java","77069","333720","410789"
"2014-01-25","GroupbyNode.java","36963","112339","149302"
"2014-01-17","GroupbyNode.java","36229","109053","145282"
"2015-11-18","GroupbyNode.java","78120","422100","500220"
"2014-02-21","GroupbyNode.java","47020","129561","176581"
"2015-03-20","GroupbyNode.java","77085","318274","395359"
"2014-12-30","GroupbyNode.java","76092","308053","384145"
"2015-12-03","GroupbyNode.java","78140","424037","502177"
"2014-05-16","GroupbyNode.java","75496","191822","267318"
"2013-09-16","GroupbyNode.java","10352","26355","36707"
"2014-02-04","GroupbyNode.java","45610","123221","168831"
"2013-09-21","GroupbyNode.java","11337","27646","38983"
"2014-05-26","GroupbyNode.java","75497","199296","274793"
"2015-05-11","GroupbyNode.java","141045","315155","456200"
"2015-11-18","GroupbyNode.java","143589","405028","548617"
"2015-03-20","GroupbyNode.java","139583","298231","437814"
"2014-12-30","GroupbyNode.java","136558","285978","422536"
"2015-12-03","GroupbyNode.java","143626","406982","550608"
"2014-05-16","GroupbyNode.java","111892","145677","257569"
"2014-05-26","GroupbyNode.java","112225","153483","265708"
"2015-09-03","Stage.java","89020","166642","255662"
"2015-07-20","Stage.java","40420","103867","144287"
"2015-09-23","Stage.java","95828","197021","292849"
"2015-09-10","Stage.java","94405","175418","269823"
"2015-04-20","Stage.java","12138","29177","41315"
"2015-08-26","Stage.java","88338","166381","254719"
"2015-09-28","Stage.java","96635","201508","298143"
"2015-03-19","Stage.java","4996","9529","14525"
"2015-09-04","Stage.java","91830","170673","262503"
"2015-04-19","Stage.java","12135","29164","41299"
"2015-04-27","Stage.java","12180","29440","41620"
"2015-05-11","GroupbyNode.java","10674","26136","36810"
"2015-11-18","GroupbyNode.java","96559","199350","295909"
"2015-12-03","GroupbyNode.java","97044","201752","298796"
"2015-05-11","GroupbyNode.java","75226","333804","409030"
"2014-01-25","GroupbyNode.java","38982","116285","155267"
"2014-01-17","GroupbyNode.java","38255","113006","151261"
"2015-11-18","GroupbyNode.java","76272","422179","498451"
"2013-08-19","GroupbyNode.java","8076","10003","18079"
"2014-02-21","GroupbyNode.java","48858","133326","182184"
"2015-03-20","GroupbyNode.java","75242","318358","393600"
"2014-12-30","GroupbyNode.java","74319","308207","382526"
"2015-12-03","GroupbyNode.java","76292","424116","500408"
"2014-05-16","GroupbyNode.java","73733","191986","265719"
"2013-09-16","GroupbyNode.java","15184","33114","48298"
"2014-02-04","GroupbyNode.java","47572","127110","174682"
"2013-09-21","GroupbyNode.java","16089","34325","50414"
"2014-05-26","GroupbyNode.java","73734","199460","273194"
"2015-05-11","GroupbyNode.java","34019","58709","92728"
"2015-11-18","GroupbyNode.java","112182","224201","336383"
"2015-03-20","GroupbyNode.java","25842","35070","60912"
"2015-12-03","GroupbyNode.java","112632","226568","339200"
"2015-09-03","Stage.java","84832","145425","230257"
"2015-07-20","Stage.java","31835","78253","110088"
"2015-09-23","Stage.java","92039","176203","268242"
"2015-09-10","Stage.java","90270","154254","244524"
"2015-04-20","Stage.java","3","13","16"
"2015-08-26","Stage.java","84014","145028","229042"
"2015-09-28","Stage.java","92818","180662","273480"
"2015-09-04","Stage.java","87645","149459","237104"
"2015-04-27","Stage.java","53","284","337"
"2015-07-20","TajoConf.java","35403","85568","120971"
"2015-09-04","TajoConf.java","90377","155938","246315"
"2015-12-24","TajoConf.java","98966","198947","297913"
"2015-09-14","TajoConf.java","93839","163286","257125"
"2015-09-21","TajoConf.java","94552","180363","274915"
"2015-09-23","TajoConf.java","94666","182577","277243"
"2015-07-31","TajoConf.java","44269","100710","144979"
"2015-12-17","TajoConf.java","98669","198168","296837"
"2015-11-17","TajoConf.java","97382","191610","288992"
"2015-10-30","TajoConf.java","96351","189426","285777"
"2015-07-30","TajoConf.java","44050","99819","143869"
"2015-09-25","TajoConf.java","95229","186702","281931"
"2015-06-23","TajoConf.java","25158","75552","100710"
"2015-09-03","TajoConf.java","87507","151905","239412"
"2015-05-11","GroupbyNode.java","88444","228769","317213"
"2015-11-18","GroupbyNode.java","129169","356823","485992"
"2015-03-20","GroupbyNode.java","84248","209111","293359"
"2014-12-30","GroupbyNode.java","72201","187836","260037"
"2015-12-03","GroupbyNode.java","129324","358895","488219"
"2014-05-26","GroupbyNode.java","1229","8702","9931"
"2015-05-11","GroupbyNode.java","92070","332718","424788"
"2014-01-25","GroupbyNode.java","34945","94318","129263"
"2014-01-17","GroupbyNode.java","33977","90798","124775"
"2015-11-18","GroupbyNode.java","93152","421129","514281"
"2014-02-21","GroupbyNode.java","48964","115502","164466"
"2015-03-20","GroupbyNode.java","92073","317259","409332"
"2014-12-30","GroupbyNode.java","91068","307026","398094"
"2015-12-03","GroupbyNode.java","93172","423066","516238"
"2014-05-16","GroupbyNode.java","90185","190508","280693"
"2014-02-04","GroupbyNode.java","47122","108730","155852"
"2013-09-21","GroupbyNode.java","1369","1675","3044"
"2014-05-26","GroupbyNode.java","90186","197982","288168"
"2015-05-11","GroupbyNode.java","137198","316238","453436"
"2015-11-18","GroupbyNode.java","139541","405910","545451"
"2014-02-21","GroupbyNode.java","5222","10152","15374"
"2015-03-20","GroupbyNode.java","135938","299516","435454"
"2014-12-30","GroupbyNode.java","133145","287495","420640"
"2015-12-03","GroupbyNode.java","139576","407862","547438"
"2014-05-16","GroupbyNode.java","109681","148396","258077"
"2014-05-26","GroupbyNode.java","110006","156194","266200"
"2015-09-03","Stage.java","84932","145294","230226"
"2015-07-20","Stage.java","31801","77988","109789"
"2015-09-23","Stage.java","92197","176130","268327"
"2015-09-10","Stage.java","90428","154181","244609"
"2015-08-26","Stage.java","84114","144897","229011"
"2015-09-28","Stage.java","92976","180589","273565"
"2015-09-04","Stage.java","87803","149386","237189"
"2014-10-28","TajoConf.java","35701","96336","132037"
"2014-12-12","TajoConf.java","46618","123997","170615"
"2015-07-20","TajoConf.java","105619","262384","368003"
"2015-09-04","TajoConf.java","137126","309287","446413"
"2015-12-24","TajoConf.java","142724","349305","492029"
"2015-09-14","TajoConf.java","141056","317103","458159"
"2015-09-21","TajoConf.java","141578","333989","475567"
"2015-09-23","TajoConf.java","141613","336124","477737"
"2015-03-18","TajoConf.java","86208","183929","270137"
"2014-12-30","TajoConf.java","72047","160949","232996"
"2014-11-11","TajoConf.java","41059","110120","151179"
"2014-12-12","TajoConf.java","65381","150824","216205"
"2015-07-31","TajoConf.java","108373","271414","379787"
"2015-12-17","TajoConf.java","142627","348726","491353"
"2015-11-17","TajoConf.java","142338","343166","485504"
"2015-10-30","TajoConf.java","142279","341954","484233"
"2015-07-30","TajoConf.java","108336","270705","379041"
"2015-09-25","TajoConf.java","141725","339798","481523"
"2015-06-23","TajoConf.java","101033","258027","359060"
"2015-04-08","TajoConf.java","87962","194562","282524"
"2014-12-01","TajoConf.java","44085","117158","161243"
"2015-09-03","TajoConf.java","137106","308104","445210"
"2015-05-11","GroupbyNode.java","92335","332677","425012"
"2014-01-25","GroupbyNode.java","34486","93553","128039"
"2014-01-17","GroupbyNode.java","33497","90012","123509"
"2015-11-18","GroupbyNode.java","93419","421090","514509"
"2014-02-21","GroupbyNode.java","48554","114786","163340"
"2015-03-20","GroupbyNode.java","92338","317218","409556"
"2014-12-30","GroupbyNode.java","91333","306985","398318"
"2015-12-03","GroupbyNode.java","93439","423027","516466"
"2014-05-16","GroupbyNode.java","90451","190468","280919"
"2014-02-04","GroupbyNode.java","46662","107964","154626"
"2014-05-26","GroupbyNode.java","90452","197942","288394"
"2014-12-12","TajoConf.java","3516","7822","11338"
"2015-07-20","TajoConf.java","85921","169613","255534"
"2015-09-04","TajoConf.java","123917","223005","346922"
"2015-12-24","TajoConf.java","131171","264679","395850"
"2015-09-14","TajoConf.java","128408","231382","359790"
"2015-09-21","TajoConf.java","129022","248360","377382"
"2015-09-23","TajoConf.java","129109","250547","379656"
"2015-03-18","TajoConf.java","60814","85462","146276"
"2014-12-30","TajoConf.java","39860","55689","95549"
"2014-12-12","TajoConf.java","30851","43221","74072"
"2015-07-31","TajoConf.java","90260","180228","270488"
"2015-12-17","TajoConf.java","131053","264079","395132"
"2015-11-17","TajoConf.java","130338","258093","388431"
"2015-10-30","TajoConf.java","130188","256790","386978"
"2015-07-30","TajoConf.java","90223","179519","269742"
"2015-09-25","TajoConf.java","129451","254451","383902"
"2015-06-23","TajoConf.java","79602","163523","243125"
"2015-04-08","TajoConf.java","63241","96768","160009"
"2015-09-03","TajoConf.java","123876","221801","345677"
"2015-05-11","GroupbyNode.java","89001","221853","310854"
"2015-11-18","GroupbyNode.java","130339","350520","480859"
"2015-03-20","GroupbyNode.java","84712","202102","286814"
"2014-12-30","GroupbyNode.java","72172","180334","252506"
"2015-12-03","GroupbyNode.java","130494","352592","483086"
"2015-09-04","TajoConf.java","3530","4693","8223"
"2015-12-24","TajoConf.java","24383","59966","84349"
"2015-09-14","TajoConf.java","10741","15790","26531"
"2015-09-21","TajoConf.java","12143","33556","45699"
"2015-09-23","TajoConf.java","12871","36384","49255"
"2015-12-17","TajoConf.java","23953","59054","83007"
"2015-11-17","TajoConf.java","17112","46942","64054"
"2015-10-30","TajoConf.java","15818","44495","60313"
"2015-09-25","TajoConf.java","13812","40887","54699"
"2014-02-17","StageState.java","60621","136457","197078"
"2014-01-17","GroupElement.java","40534","114409","154943"
"2014-01-02","Task.java","49312","111334","160646"
"2013-08-26","Task.java","25900","25205","51105"
"2015-07-20","Task.java","83572","378498","462070"
"2014-12-18","Task.java","82703","306590","389293"
"2013-10-27","Task.java","43599","80820","124419"
"2013-09-13","Task.java","29230","37699","66929"
"2014-02-17","Task.java","60621","136457","197078"
"2013-11-21","Task.java","46290","88221","134511"
"2014-10-10","Task.java","82395","279747","362142"
"2014-05-21","Task.java","82134","194345","276479"
"2015-01-27","Task.java","82709","311091","393800"
"2015-12-24","Task.java","84591","429333","513924"
"2014-11-11","Task.java","82577","289799","372376"
"2014-12-12","Task.java","82600","306204","388804"
"2014-04-05","Task.java","61926","159903","221829"
"2013-08-19","Task.java","24236","19338","43574"
"2013-12-15","Task.java","47419","103169","150588"
"2015-09-23","Task.java","84547","417220","501767"
"2014-03-13","Task.java","61013","144939","205952"
"2014-04-28","Task.java","81830","186459","268289"
"2013-12-31","Task.java","49312","109844","159156"
"2014-01-07","Task.java","49676","111893","161569"
"2014-01-25","Task.java","50607","121478","172085"
"2014-03-01","Task.java","60888","140564","201452"
"2014-12-22","Task.java","82703","307090","389793"
"2015-03-03","Task.java","82697","314176","396873"
"2014-04-23","Task.java","81830","184912","266742"
"2014-09-20","Task.java","82390","272971","355361"
"2014-07-23","Task.java","82247","213952","296199"
"2014-08-21","Task.java","82349","222925","305274"
"2014-06-26","Task.java","82124","202579","284703"
"2014-07-15","Task.java","82121","210295","292416"
"2014-04-18","Task.java","62067","164631","226698"
"2015-06-08","Task.java","83566","378764","462330"
"2015-07-22","Task.java","83983","381314","465297"
"2015-07-20","Task.java","130082","362986","493068"
"2014-12-18","Task.java","126012","287877","413889"
"2014-02-17","Task.java","32771","46585","79356"
"2014-10-10","Task.java","124362","259692","384054"
"2014-05-21","Task.java","123255","173444","296699"
"2015-01-27","Task.java","126055","292415","418470"
"2015-12-24","Task.java","131740","414460","546200"
"2014-11-11","Task.java","125628","270828","396456"
"2014-12-12","Task.java","125821","287403","413224"
"2014-04-05","Task.java","44152","80107","124259"
"2015-09-23","Task.java","131554","402205","533759"
"2014-03-13","Task.java","41136","63040","104176"
"2014-04-28","Task.java","122774","165381","288155"
"2014-01-07","Task.java","740","935","1675"
"2014-01-25","Task.java","7949","16798","24747"
"2014-03-01","Task.java","40598","58252","98850"
"2014-12-22","Task.java","126015","288380","414395"
"2015-03-03","Task.java","126227","295684","421911"
"2014-04-23","Task.java","122747","163807","286554"
"2014-09-20","Task.java","124300","252859","377159"
"2014-07-23","Task.java","124073","193756","317829"
"2014-08-21","Task.java","124242","202796","327038"
"2014-06-26","Task.java","123563","181996","305559"
"2014-07-15","Task.java","123675","189827","313502"
"2014-04-18","Task.java","45160","85702","130862"
"2015-06-08","Task.java","129691","362867","492558"
"2015-07-22","Task.java","130588","365897","496485"
"2013-09-14","BitDatum.java","29292","38661","67953"
"2013-12-23","BitDatum.java","48415","106732","155147"
"2014-01-02","Task.java","31420","94137","125557"
"2015-07-20","Task.java","80948","376569","457517"
"2014-12-18","Task.java","79968","304550","384518"
"2013-10-27","Task.java","23578","61494","85072"
"2013-09-13","Task.java","4776","13940","18716"
"2014-02-17","Task.java","44942","121473","166415"
"2013-11-21","Task.java","26532","69158","95690"
"2014-10-10","Task.java","79572","277619","357191"
"2014-05-21","Task.java","79276","192182","271458"
"2015-01-27","Task.java","79976","309053","389029"
"2015-12-24","Task.java","82028","427465","509493"
"2014-11-11","Task.java","79761","287678","367439"
"2014-12-12","Task.java","79783","304082","383865"
"2014-04-05","Task.java","47165","145837","193002"
"2013-12-15","Task.java","28190","84635","112825"
"2015-09-23","Task.java","81957","415325","497282"
"2014-03-13","Task.java","45808","130429","176237"
"2014-04-28","Task.java","78941","184265","263206"
"2013-12-31","Task.java","31280","92507","123787"
"2014-01-07","Task.java","31882","94794","126676"
"2014-01-25","Task.java","34493","106059","140552"
"2014-03-01","Task.java","45672","126043","171715"
"2014-12-22","Task.java","79968","305050","385018"
"2015-03-03","Task.java","79964","312138","392102"
"2014-04-23","Task.java","78941","182718","261659"
"2014-09-20","Task.java","79567","270843","350410"
"2014-07-23","Task.java","79413","211813","291226"
"2014-08-21","Task.java","79513","220784","300297"
"2014-06-26","Task.java","79277","200427","279704"
"2014-07-15","Task.java","79274","208143","287417"
"2014-04-18","Task.java","47374","150633","198007"
"2015-06-08","Task.java","80935","376828","457763"
"2015-07-22","Task.java","81367","379393","460760"
"2014-08-23","HavingNode.java","127846","249019","376865"
"2015-03-20","HavingNode.java","132708","301073","433781"
"2015-12-24","Task.java","120536","170352","290888"
"2015-09-23","Task.java","115773","153520","269293"
"2015-07-22","Task.java","3908","6313","10221"
"2015-03-20","HavingNode.java","88071","135263","223334"
"2013-12-23","BitDatum.java","29187","78135","107322"
"2015-07-20","Task.java","61116","132155","193271"
"2015-01-27","Task.java","19393","23888","43281"
"2015-12-24","Task.java","115986","236841","352827"
"2015-09-23","Task.java","112836","221622","334458"
"2014-12-22","Task.java","3167","3667","6834"
"2015-03-03","Task.java","24963","32555","57518"
"2015-06-08","Task.java","53486","124797","178283"
"2015-07-22","Task.java","63811","137255","201066"
"2014-01-02","Task.java","13944","38745","52689"
"2015-07-20","Task.java","113552","371257","484809"
"2014-12-18","Task.java","111450","298116","409566"
"2014-02-17","Task.java","38643","77258","115901"
"2013-11-21","Task.java","6249","10959","17208"
"2014-10-10","Task.java","110921","271052","381973"
"2014-05-21","Task.java","110324","185314","295638"
"2015-01-27","Task.java","111468","302629","414097"
"2015-12-24","Task.java","114874","422395","537269"
"2014-11-11","Task.java","111183","281184","392367"
"2014-12-12","Task.java","111265","297648","408913"
"2014-04-05","Task.java","47373","108129","155502"
"2013-12-15","Task.java","9553","28082","37635"
"2015-09-23","Task.java","114718","410170","524888"
"2014-03-13","Task.java","45485","92190","137675"
"2014-04-28","Task.java","109931","177339","287270"
"2013-12-31","Task.java","13769","37080","50849"
"2014-01-07","Task.java","14586","39582","54168"
"2014-01-25","Task.java","19574","53224","72798"
"2014-03-01","Task.java","45323","87778","133101"
"2014-12-22","Task.java","111452","298618","410070"
"2015-03-03","Task.java","111461","305719","417180"
"2014-04-23","Task.java","109931","175792","285723"
"2014-09-20","Task.java","110896","264256","375152"
"2014-07-23","Task.java","110694","205178","315872"
"2014-08-21","Task.java","110834","214189","325023"
"2014-06-26","Task.java","110350","193584","303934"
"2014-07-15","Task.java","110390","201343","311733"
"2014-04-18","Task.java","47831","113174","161005"
"2015-06-08","Task.java","113453","371430","484883"
"2015-07-22","Task.java","114033","374143","488176"
"2013-11-21","BlobDatum.java","46290","88181","134471"
"2015-04-18","BlobDatum.java","83614","332037","415651"
"2013-12-23","BlobDatum.java","48415","106732","155147"
"2015-03-20","IndexScanNode.java","83594","319885","403479"
"2015-07-30","IndexScanNode.java","84059","384589","468648"
"2013-09-23","IndexScanNode.java","31451","42960","74411"
"2015-07-30","IndexScanNode.java","45759","109998","155757"
"2014-01-02","Task.java","31287","84840","116127"
"2015-07-20","Task.java","89676","376133","465809"
"2014-12-18","Task.java","88684","304102","392786"
"2013-10-27","Task.java","22946","51698","74644"
"2014-02-17","Task.java","48248","115615","163863"
"2013-11-21","Task.java","26094","59556","85650"
"2014-10-10","Task.java","88288","277171","365459"
"2014-05-21","Task.java","87980","191722","279702"
"2015-01-27","Task.java","88692","308605","397297"
"2015-12-24","Task.java","90770","427043","517813"
"2014-11-11","Task.java","88477","287230","375707"
"2014-12-12","Task.java","88499","303634","392133"
"2014-04-05","Task.java","53847","143355","197202"
"2013-12-15","Task.java","27936","75217","103153"
"2015-09-23","Task.java","90698","414902","505600"
"2014-03-13","Task.java","52389","127846","180235"
"2014-04-28","Task.java","87645","183805","271450"
"2013-12-31","Task.java","31150","83213","114363"
"2014-01-07","Task.java","31761","85509","117270"
"2014-01-25","Task.java","34823","97225","132048"
"2014-03-01","Task.java","52250","123457","175707"
"2014-12-22","Task.java","88684","304602","393286"
"2015-03-03","Task.java","88680","311690","400370"
"2014-04-23","Task.java","87645","182258","269903"
"2014-09-20","Task.java","88283","270395","358678"
"2014-07-23","Task.java","88119","211355","299474"
"2014-08-21","Task.java","88227","220334","308561"
"2014-06-26","Task.java","87983","199969","287952"
"2014-07-15","Task.java","87980","207685","295665"
"2014-04-18","Task.java","54133","148228","202361"
"2015-06-08","Task.java","89662","376391","466053"
"2015-07-22","Task.java","90097","378959","469056"
"2015-04-18","BlobDatum.java","117705","324237","441942"
"2013-12-23","BlobDatum.java","6336","22762","29098"
"2015-07-20","Task.java","140321","359411","499732"
"2014-12-18","Task.java","135437","283488","418925"
"2014-10-10","Task.java","112904","234420","347324"
"2014-05-21","Task.java","111030","147405","258435"
"2015-01-27","Task.java","135537","288083","423620"
"2015-12-24","Task.java","142203","411109","553312"
"2014-11-11","Task.java","121334","252720","374054"
"2014-12-12","Task.java","135246","283014","418260"
"2014-04-05","Task.java","14252","36393","50645"
"2015-09-23","Task.java","142021","398858","540879"
"2014-03-13","Task.java","9821","17911","27732"
"2014-04-28","Task.java","110475","139268","249743"
"2014-03-01","Task.java","9162","13002","22164"
"2014-12-22","Task.java","135440","283991","419431"
"2015-03-03","Task.java","135735","291378","427113"
"2014-04-23","Task.java","110446","137692","248138"
"2014-09-20","Task.java","112754","227499","340253"
"2014-07-23","Task.java","112410","168279","280689"
"2014-08-21","Task.java","112615","177355","289970"
"2014-06-26","Task.java","111442","156061","267503"
"2014-07-15","Task.java","111609","163947","275556"
"2014-04-18","Task.java","15669","42397","58066"
"2015-06-08","Task.java","139929","359291","499220"
"2015-07-22","Task.java","140900","362395","503295"
"2014-01-02","Task.java","13839","33930","47769"
"2015-07-20","Task.java","117949","370944","488893"
"2014-12-18","Task.java","115127","297083","412210"
"2014-02-17","Task.java","40618","74523","115141"
"2014-10-10","Task.java","114583","270004","384587"
"2014-05-21","Task.java","113907","184187","298094"
"2015-01-27","Task.java","115159","301610","416769"
"2015-12-24","Task.java","119257","422068","541325"
"2014-11-11","Task.java","114849","280140","394989"
"2014-12-12","Task.java","114940","296613","411553"
"2014-04-05","Task.java","49769","105815","155584"
"2013-12-15","Task.java","4161","17980","22141"
"2015-09-23","Task.java","119101","409843","528944"
"2014-03-13","Task.java","47629","89624","137253"
"2014-04-28","Task.java","113511","176209","289720"
"2013-12-31","Task.java","13646","32247","45893"
"2014-01-07","Task.java","14485","34771","49256"
"2014-01-25","Task.java","19527","48467","67994"
"2014-03-01","Task.java","47431","85176","132607"
"2014-12-22","Task.java","115130","297586","412716"
"2015-03-03","Task.java","115152","304700","419852"
"2014-04-23","Task.java","113492","174643","288135"
"2014-09-20","Task.java","114557","263207","377764"
"2014-07-23","Task.java","114344","204118","318462"
"2014-08-21","Task.java","114495","213140","327635"
"2014-06-26","Task.java","113937","192461","306398"
"2014-07-15","Task.java","113993","200236","314229"
"2014-04-18","Task.java","50241","110874","161115"
"2015-06-08","Task.java","117859","371126","488985"
"2015-07-22","Task.java","118394","373794","492188"
"2015-03-20","IndexScanNode.java","92357","317139","409496"
"2015-07-30","IndexScanNode.java","92861","381882","474743"
"2015-04-18","BlobDatum.java","130561","320667","451228"
"2015-07-20","Task.java","110600","208174","318774"
"2014-12-18","Task.java","69052","95587","164639"
"2015-01-27","Task.java","83349","114379","197728"
"2015-12-24","Task.java","151055","298445","449500"
"2014-11-11","Task.java","39977","49847","89824"
"2014-12-12","Task.java","65918","92170","158088"
"2015-09-23","Task.java","149786","285107","434893"
"2014-12-22","Task.java","71496","98531","170027"
"2015-03-03","Task.java","84424","118551","202975"
"2015-06-08","Task.java","105154","203000","308154"
"2015-07-22","Task.java","112148","212127","324275"
"2013-12-23","BooleanDatum.java","48415","106732","155147"
"2013-09-30","BooleanDatum.java","32757","45342","78099"
"2015-07-20","Task.java","99249","281964","381213"
"2014-12-18","Task.java","68740","180416","249156"
"2014-10-10","Task.java","12703","97844","110547"
"2015-01-27","Task.java","80448","196619","277067"
"2015-12-24","Task.java","130121","362652","492773"
"2014-11-11","Task.java","44704","139715","184419"
"2014-12-12","Task.java","66259","177652","243911"
"2015-09-23","Task.java","129163","349625","478788"
"2014-12-22","Task.java","70824","183000","253824"
"2015-03-03","Task.java","81216","200484","281700"
"2014-09-20","Task.java","11987","90357","102344"
"2014-07-23","Task.java","8763","28257","37020"
"2014-08-21","Task.java","10417","38782","49199"
"2014-06-26","Task.java","6561","14805","21366"
"2014-07-15","Task.java","7547","23510","31057"
"2015-06-08","Task.java","94852","277839","372691"
"2015-07-22","Task.java","100701","285821","386522"
"2015-07-20","Task.java","45891","112435","158326"
"2015-12-24","Task.java","103809","220169","323978"
"2015-09-23","Task.java","100342","204633","304975"
"2015-03-03","Task.java","6335","9432","15767"
"2015-06-08","Task.java","36275","103091","139366"
"2015-07-22","Task.java","48869","117818","166687"
"2013-12-23","BooleanDatum.java","25258","70990","96248"
"2014-01-22","InsertNode.java","33373","102568","135941"
"2014-01-17","InsertNode.java","33046","100368","133414"
"2015-11-25","InsertNode.java","83056","421580","504636"
"2014-01-26","InsertNode.java","34037","103676","137713"
"2014-12-30","InsertNode.java","80987","307446","388433"
"2015-03-20","InsertNode.java","81982","317669","399651"
"2014-02-21","InsertNode.java","44962","122001","166963"
"2013-09-16","InsertNode.java","4863","15364","20227"
"2015-06-24","InsertNode.java","81960","377516","459476"
"2015-07-20","Task.java","86231","173935","260166"
"2014-12-18","Task.java","36471","53136","89607"
"2015-01-27","Task.java","52707","73867","126574"
"2015-12-24","Task.java","131046","268566","399612"
"2014-12-12","Task.java","32787","49169","81956"
"2015-09-23","Task.java","129292","254743","384035"
"2014-12-22","Task.java","39364","56529","95893"
"2015-03-03","Task.java","57836","82093","139929"
"2015-06-08","Task.java","80265","168241","248506"
"2015-07-22","Task.java","88818","178927","267745"
"2015-11-25","InsertNode.java","137501","406830","544331"
"2014-01-26","InsertNode.java","3433","3877","7310"
"2014-12-30","InsertNode.java","131478","288742","420220"
"2015-03-20","InsertNode.java","134250","300742","434992"
"2014-02-21","InsertNode.java","27874","35718","63592"
"2015-06-24","InsertNode.java","135755","362116","497871"
"2014-01-22","InsertNode.java","1916","3789","5705"
"2015-11-25","InsertNode.java","135938","407140","543078"
"2014-01-26","InsertNode.java","5209","7526","12735"
"2014-12-30","InsertNode.java","129959","289096","419055"
"2015-03-20","InsertNode.java","132708","301073","433781"
"2014-02-21","InsertNode.java","29432","39149","68581"
"2015-06-24","InsertNode.java","134197","362431","496628"
"2015-11-25","InsertNode.java","137437","406322","543759"
"2014-12-30","InsertNode.java","131114","287934","419048"
"2015-03-20","InsertNode.java","133904","299952","433856"
"2014-02-21","InsertNode.java","25012","32412","57424"
"2015-06-24","InsertNode.java","135540","361457","496997"
"2013-08-29","CharDatum.java","26006","25388","51394"
"2014-01-27","CharDatum.java","51302","121398","172700"
"2013-10-02","CharDatum.java","33398","50503","83901"
"2014-08-23","CharDatum.java","82390","271489","353879"
"2014-01-27","CharDatum.java","35211","105925","141136"
"2013-10-02","CharDatum.java","11282","29005","40287"
"2014-08-23","CharDatum.java","79566","269283","348849"
"2014-08-23","CharDatum.java","128125","247128","375253"
"2015-11-25","InsertNode.java","112328","224393","336721"
"2015-03-20","InsertNode.java","25842","35070","60912"
"2015-06-24","InsertNode.java","51225","120322","171547"
"2015-11-25","InsertNode.java","96711","199548","296259"
"2015-06-24","InsertNode.java","28777","88646","117423"
"2015-07-20","Task.java","62429","133751","196180"
"2014-12-18","Task.java","3812","4095","7907"
"2015-01-27","Task.java","21252","26030","47282"
"2015-12-24","Task.java","117042","238180","355222"
"2015-09-23","Task.java","113925","222994","336919"
"2014-12-22","Task.java","6883","7666","14549"
"2015-03-03","Task.java","26759","34634","61393"
"2015-06-08","Task.java","54982","126576","181558"
"2015-07-22","Task.java","65124","138851","203975"
"2015-11-25","InsertNode.java","143622","405107","548729"
"2014-12-30","InsertNode.java","136558","285978","422536"
"2015-03-20","InsertNode.java","139583","298231","437814"
"2015-06-24","InsertNode.java","141466","359983","501449"
"2015-07-20","Task.java","154714","351663","506377"
"2014-12-18","Task.java","148262","274172","422434"
"2014-10-10","Task.java","121068","220443","341511"
"2014-05-21","Task.java","118530","132764","251294"
"2015-01-27","Task.java","148600","279005","427605"
"2015-12-24","Task.java","158166","404931","563097"
"2014-11-11","Task.java","130815","240060","370875"
"2014-12-12","Task.java","148070","273697","421767"
"2015-09-23","Task.java","157698","392394","550092"
"2014-04-28","Task.java","117852","124504","242356"
"2014-12-22","Task.java","148265","274675","422940"
"2015-03-03","Task.java","148834","282336","431170"
"2014-04-23","Task.java","117819","122924","240743"
"2014-09-20","Task.java","120695","213299","333994"
"2014-07-23","Task.java","120217","153945","274162"
"2014-08-21","Task.java","120539","163138","283677"
"2014-06-26","Task.java","119018","141496","260514"
"2014-07-15","Task.java","119362","149559","268921"
"2014-04-18","Task.java","2077","6664","8741"
"2015-06-08","Task.java","154220","351441","505661"
"2015-07-22","Task.java","155722","355076","510798"
"2014-01-22","InsertNode.java","34327","93021","127348"
"2014-01-17","InsertNode.java","33977","90798","124775"
"2015-11-25","InsertNode.java","93171","421194","514365"
"2014-01-26","InsertNode.java","35049","94187","129236"
"2014-12-30","InsertNode.java","91068","307026","398094"
"2015-03-20","InsertNode.java","92073","317259","409332"
"2014-02-21","InsertNode.java","48964","115502","164466"
"2015-06-24","InsertNode.java","92058","377113","469171"
"2014-01-02","Task.java","33368","100288","133656"
"2013-08-26","Task.java","4152","8355","12507"
"2015-07-20","Task.java","77069","376893","453962"
"2014-12-18","Task.java","76094","304879","380973"
"2013-10-27","Task.java","26105","68224","94329"
"2013-09-13","Task.java","8036","21403","29439"
"2014-02-17","Task.java","46654","127388","174042"
"2013-11-21","Task.java","28918","75747","104665"
"2014-10-10","Task.java","75780","278030","353810"
"2014-05-21","Task.java","75497","192606","268103"
"2015-01-27","Task.java","76102","309382","385484"
"2015-12-24","Task.java","78144","427784","505928"
"2014-11-11","Task.java","75969","288089","364058"
"2014-12-12","Task.java","75991","304493","380484"
"2014-04-05","Task.java","48511","151386","199897"
"2013-12-15","Task.java","30298","90946","121244"
"2015-09-23","Task.java","78077","415648","493725"
"2014-03-13","Task.java","47199","136023","183222"
"2014-04-28","Task.java","75162","184689","259851"
"2013-12-31","Task.java","33238","98668","131906"
"2014-01-07","Task.java","33806","100921","134727"
"2014-01-25","Task.java","36400","112169","148569"
"2014-03-01","Task.java","47065","131639","178704"
"2014-12-22","Task.java","76094","305379","381473"
"2015-03-03","Task.java","76090","312467","388557"
"2014-04-23","Task.java","75162","183142","258304"
"2014-09-20","Task.java","75775","271254","347029"
"2014-07-23","Task.java","75623","212226","287849"
"2014-08-21","Task.java","75723","221197","296920"
"2014-06-26","Task.java","75487","200840","276327"
"2014-07-15","Task.java","75484","208556","284040"
"2014-04-18","Task.java","48728","156190","204918"
"2015-06-08","Task.java","77057","377153","454210"
"2015-07-22","Task.java","77488","379717","457205"
"2014-01-02","Task.java","11165","17437","28602"
"2015-07-20","Task.java","128916","368092","497008"
"2014-12-18","Task.java","125529","293666","419195"
"2014-02-17","Task.java","40873","60959","101832"
"2014-10-10","Task.java","124895","266497","391392"
"2014-05-21","Task.java","123997","180458","304455"
"2015-01-27","Task.java","125564","298196","423760"
"2015-12-24","Task.java","130272","419264","549536"
"2014-11-11","Task.java","125168","276640","401808"
"2014-12-12","Task.java","125342","293196","418538"
"2014-04-05","Task.java","51344","93571","144915"
"2015-09-23","Task.java","130114","407037","537151"
"2014-03-13","Task.java","48876","77052","125928"
"2014-04-28","Task.java","123574","172453","296027"
"2013-12-31","Task.java","10667","15449","26116"
"2014-01-07","Task.java","11850","18317","30167"
"2014-01-25","Task.java","17973","33094","51067"
"2014-03-01","Task.java","48589","72515","121104"
"2014-12-22","Task.java","125532","294169","419701"
"2015-03-03","Task.java","125554","301283","426837"
"2014-04-23","Task.java","123552","170884","294436"
"2014-09-20","Task.java","124869","259700","384569"
"2014-07-23","Task.java","124662","200617","325279"
"2014-08-21","Task.java","124826","209652","334478"
"2014-06-26","Task.java","124176","188881","313057"
"2014-07-15","Task.java","124281","196705","320986"
"2014-04-18","Task.java","51934","98748","150682"
"2015-06-08","Task.java","128827","368275","497102"
"2015-07-22","Task.java","129362","370943","500305"
"2015-11-25","InsertNode.java","128077","171045","299122"
"2014-02-21","IntersectNode.java","60863","138506","199369"
"2013-09-16","IntersectNode.java","30877","41982","72859"
"2014-01-27","CharDatum.java","34061","87052","121113"
"2014-08-23","CharDatum.java","96050","268044","364094"
"2015-12-24","Task.java","11692","23761","35453"
"2014-02-21","IntersectNode.java","48964","115502","164466"
"2013-10-11","JoinNode.java","35302","72929","108231"
"2015-07-20","JoinNode.java","83567","382932","466499"
"2015-08-11","JoinNode.java","84081","388521","472602"
"2013-07-26","JoinNode.java","13947","7998","21945"
"2015-11-18","JoinNode.java","84576","423658","508234"
"2014-01-17","JoinNode.java","50436","118362","168798"
"2015-11-25","JoinNode.java","84587","423717","508304"
"2015-03-20","JoinNode.java","83594","319885","403479"
"2013-10-21","JoinNode.java","41932","78996","120928"
"2014-02-21","JoinNode.java","60863","138506","199369"
"2014-05-22","DateDatum.java","121562","186809","308371"
"2015-09-16","DateDatum.java","127349","400646","527995"
"2015-10-08","DateDatum.java","127564","411457","539021"
"2014-01-23","DateDatum.java","17854","35643","53497"
"2014-04-24","DateDatum.java","121041","172353","293394"
"2015-04-10","DateDatum.java","125538","317448","442986"
"2015-06-02","DateDatum.java","126244","365658","491902"
"2013-12-23","DateDatum.java","3122","8485","11607"
"2014-06-25","DateDatum.java","121596","188380","309976"
"2014-04-14","DateDatum.java","51376","99222","150598"
"2015-07-20","JoinNode.java","114909","376647","491556"
"2015-08-11","JoinNode.java","115534","382347","497881"
"2015-11-18","JoinNode.java","116178","417633","533811"
"2014-01-17","JoinNode.java","27194","57493","84687"
"2015-11-25","JoinNode.java","116199","417702","533901"
"2015-03-20","JoinNode.java","114885","313549","428434"
"2013-10-21","JoinNode.java","9157","8594","17751"
"2014-02-21","JoinNode.java","47373","87389","134762"
"2015-09-16","DateDatum.java","128694","336744","465438"
"2015-10-08","DateDatum.java","129261","347907","477168"
"2015-04-10","DateDatum.java","85907","212570","298477"
"2015-06-02","DateDatum.java","94265","268432","362697"
"2014-06-25","DateDatum.java","5610","7147","12757"
"2015-08-11","JoinNode.java","20995","26070","47065"
"2015-11-18","JoinNode.java","127285","167002","294287"
"2015-11-25","JoinNode.java","127385","167150","294535"
"2015-07-20","Task.java","144996","355996","500992"
"2014-12-18","Task.java","139539","279500","419039"
"2014-10-10","Task.java","116513","229939","346452"
"2014-05-21","Task.java","114391","142676","257067"
"2015-01-27","Task.java","139774","284230","424004"
"2015-12-24","Task.java","147124","407940","555064"
"2014-11-11","Task.java","125001","248297","373298"
"2014-12-12","Task.java","139347","279025","418372"
"2014-04-05","Task.java","5810","19861","25671"
"2015-09-23","Task.java","146887","395634","542521"
"2014-04-28","Task.java","113819","134522","248341"
"2014-12-22","Task.java","139543","280004","419547"
"2015-03-03","Task.java","140001","287554","427555"
"2014-04-23","Task.java","113789","132945","246734"
"2014-09-20","Task.java","116249","222904","339153"
"2014-07-23","Task.java","115872","163651","279523"
"2014-08-21","Task.java","116105","172755","288860"
"2014-06-26","Task.java","114808","151337","266145"
"2014-07-15","Task.java","115068","159316","274384"
"2014-04-18","Task.java","7260","25898","33158"
"2015-06-08","Task.java","144553","355825","500378"
"2015-07-22","Task.java","145618","359023","504641"
"2015-10-08","DateDatum.java","3769","14365","18134"
"2015-11-18","JoinNode.java","115268","149910","265178"
"2015-11-25","JoinNode.java","115374","150064","265438"
"2015-07-20","Task.java","97393","287690","385083"
"2014-12-18","Task.java","68077","187335","255412"
"2014-10-10","Task.java","14035","106758","120793"
"2014-05-21","Task.java","1769","9351","11120"
"2015-01-27","Task.java","79062","202815","281877"
"2015-12-24","Task.java","125631","365744","491375"
"2014-11-11","Task.java","44124","146717","190841"
"2014-12-12","Task.java","65615","184590","250205"
"2015-09-23","Task.java","124750","352794","477544"
"2014-12-22","Task.java","70020","189778","259798"
"2015-03-03","Task.java","79814","206664","286478"
"2014-09-20","Task.java","13394","99346","112740"
"2014-07-23","Task.java","10402","37478","47880"
"2014-08-21","Task.java","11888","47835","59723"
"2014-06-26","Task.java","8262","24088","32350"
"2014-07-15","Task.java","9193","32738","41931"
"2015-06-08","Task.java","93152","283721","376873"
"2015-07-22","Task.java","98836","291538","390374"
"2013-10-11","JoinNode.java","23940","67516","91456"
"2015-07-20","JoinNode.java","76683","381997","458680"
"2015-08-11","JoinNode.java","77200","387589","464789"
"2015-11-18","JoinNode.java","77702","422733","500435"
"2014-01-17","JoinNode.java","40534","114409","154943"
"2015-11-25","JoinNode.java","77718","422797","500515"
"2015-03-20","JoinNode.java","76710","318950","395660"
"2013-10-21","JoinNode.java","30730","73743","104473"
"2014-02-21","JoinNode.java","51133","134725","185858"
"2015-11-25","JoinNode.java","798","846","1644"
"2014-05-22","DateDatum.java","128837","176295","305132"
"2015-09-16","DateDatum.java","138080","393588","531668"
"2015-10-08","DateDatum.java","138323","404427","542750"
"2014-04-24","DateDatum.java","128046","161569","289615"
"2015-04-10","DateDatum.java","135246","309367","444613"
"2015-06-02","DateDatum.java","136406","358031","494437"
"2014-06-25","DateDatum.java","128918","177913","306831"
"2014-04-14","DateDatum.java","38826","68883","107709"
"2015-07-20","JoinNode.java","134285","365724","500009"
"2015-08-11","JoinNode.java","135016","371530","506546"
"2015-11-18","JoinNode.java","135907","407063","542970"
"2015-11-25","JoinNode.java","135930","407134","543064"
"2015-03-20","JoinNode.java","132708","301073","433781"
"2014-02-21","JoinNode.java","29432","39149","68581"
"2015-07-20","JoinNode.java","30112","93186","123298"
"2015-08-11","JoinNode.java","46539","114688","161227"
"2015-11-18","JoinNode.java","96559","199350","295909"
"2015-11-25","JoinNode.java","96634","199473","296107"
"2014-01-02","Task.java","506","1996","2502"
"2015-07-20","Task.java","128592","362986","491578"
"2014-12-18","Task.java","124522","287877","412399"
"2014-02-17","Task.java","33218","48522","81740"
"2014-10-10","Task.java","122872","259692","382564"
"2014-05-21","Task.java","121765","173444","295209"
"2015-01-27","Task.java","124565","292415","416980"
"2015-12-24","Task.java","130250","414460","544710"
"2014-11-11","Task.java","124138","270828","394966"
"2014-12-12","Task.java","124331","287403","411734"
"2014-04-05","Task.java","44556","82001","126557"
"2015-09-23","Task.java","130064","402205","532269"
"2014-03-13","Task.java","41569","64963","106532"
"2014-04-28","Task.java","121284","165381","286665"
"2014-01-07","Task.java","1217","2902","4119"
"2014-01-25","Task.java","8415","18754","27169"
"2014-03-01","Task.java","41045","60189","101234"
"2014-12-22","Task.java","124525","288380","412905"
"2015-03-03","Task.java","124737","295684","420421"
"2014-04-23","Task.java","121257","163807","285064"
"2014-09-20","Task.java","122810","252859","375669"
"2014-07-23","Task.java","122583","193756","316339"
"2014-08-21","Task.java","122752","202796","325548"
"2014-06-26","Task.java","122073","181996","304069"
"2014-07-15","Task.java","122185","189827","312012"
"2014-04-18","Task.java","45565","87597","133162"
"2015-06-08","Task.java","128201","362867","491068"
"2015-07-22","Task.java","129098","365897","494995"
"2015-07-20","JoinNode.java","114001","376302","490303"
"2015-08-11","JoinNode.java","114643","382019","496662"
"2015-11-18","JoinNode.java","115289","417307","532596"
"2014-01-17","JoinNode.java","21525","52387","73912"
"2015-11-25","JoinNode.java","115310","417376","532686"
"2015-03-20","JoinNode.java","113980","313207","427187"
"2014-02-21","JoinNode.java","42119","82698","124817"
"2014-05-22","DateDatum.java","2925","16860","19785"
"2015-09-16","DateDatum.java","124203","346188","470391"
"2015-10-08","DateDatum.java","124737","357318","482055"
"2015-04-10","DateDatum.java","84600","225198","309798"
"2015-06-02","DateDatum.java","92613","280715","373328"
"2014-06-25","DateDatum.java","8398","23870","32268"
"2015-07-20","JoinNode.java","141559","363281","504840"
"2015-08-11","JoinNode.java","142388","369185","511573"
"2015-11-18","JoinNode.java","143589","405028","548617"
"2015-11-25","JoinNode.java","143614","405101","548715"
"2015-03-20","JoinNode.java","139583","298231","437814"
"2015-09-16","DateDatum.java","94038","175425","269463"
"2015-10-08","DateDatum.java","95559","187542","283101"
"2015-06-02","DateDatum.java","23393","70897","94290"
"2015-07-20","Task.java","130259","362968","493227"
"2014-12-18","Task.java","126189","287859","414048"
"2014-02-17","Task.java","32155","45774","77929"
"2014-10-10","Task.java","124539","259674","384213"
"2014-05-21","Task.java","123432","173426","296858"
"2015-01-27","Task.java","126232","292397","418629"
"2015-12-24","Task.java","131917","414442","546359"
"2014-11-11","Task.java","125805","270810","396615"
"2014-12-12","Task.java","125998","287385","413383"
"2014-04-05","Task.java","43577","79337","122914"
"2015-09-23","Task.java","131731","402187","533918"
"2014-03-13","Task.java","40552","62261","102813"
"2014-04-28","Task.java","122951","165363","288314"
"2014-01-25","Task.java","7253","15907","23160"
"2014-03-01","Task.java","40012","57471","97483"
"2014-12-22","Task.java","126192","288362","414554"
"2015-03-03","Task.java","126404","295666","422070"
"2014-04-23","Task.java","122924","163789","286713"
"2014-09-20","Task.java","124477","252841","377318"
"2014-07-23","Task.java","124250","193738","317988"
"2014-08-21","Task.java","124419","202778","327197"
"2014-06-26","Task.java","123740","181978","305718"
"2014-07-15","Task.java","123852","189809","313661"
"2014-04-18","Task.java","44587","84934","129521"
"2015-06-08","Task.java","129868","362849","492717"
"2015-07-22","Task.java","130765","365879","496644"
"2015-09-16","DateDatum.java","123408","157291","280699"
"2015-10-08","DateDatum.java","125402","169881","295283"
"2014-10-25","LimitNode.java","82572","278819","361391"
"2014-01-17","LimitNode.java","50436","118362","168798"
"2013-09-16","LimitNode.java","30877","41982","72859"
"2015-03-20","LimitNode.java","83594","319885","403479"
"2015-03-20","LimitNode.java","59258","99302","158560"
"2014-10-25","LimitNode.java","128255","256576","384831"
"2015-03-20","LimitNode.java","132708","301073","433781"
"2014-10-25","LimitNode.java","90841","275983","366824"
"2014-01-17","LimitNode.java","33977","90798","124775"
"2015-03-20","LimitNode.java","92073","317259","409332"
"2014-05-22","DateDatum.java","125964","185848","311812"
"2015-09-16","DateDatum.java","131844","399778","531622"
"2015-10-08","DateDatum.java","132059","410589","542648"
"2014-01-23","DateDatum.java","15522","27948","43470"
"2014-04-24","DateDatum.java","125375","171324","296699"
"2015-04-10","DateDatum.java","129924","316471","446395"
"2015-06-02","DateDatum.java","130721","364772","495493"
"2014-06-25","DateDatum.java","125998","187419","313417"
"2014-04-14","DateDatum.java","51148","93631","144779"
"2014-10-25","LogicalNode.java","82572","278819","361391"
"2013-07-26","LogicalNode.java","13947","7998","21945"
"2014-12-30","LogicalNode.java","82701","309764","392465"
"2013-12-06","LogicalNode.java","47353","96962","144315"
"2013-08-19","LogicalNode.java","24236","19338","43574"
"2013-08-08","LogicalNode.java","16854","10029","26883"
"2013-10-21","LogicalNode.java","41932","78996","120928"
"2013-09-23","LogicalNode.java","31451","42960","74411"
"2014-12-30","LogicalNode.java","43464","74280","117744"
"2015-09-16","DateDatum.java","128907","335420","464327"
"2015-10-08","DateDatum.java","129474","346583","476057"
"2015-04-10","DateDatum.java","82889","208015","290904"
"2015-06-02","DateDatum.java","92263","264893","357156"
"2015-07-20","Task.java","136829","360884","497713"
"2014-12-18","Task.java","132431","285447","417878"
"2014-02-17","Task.java","25721","30686","56407"
"2014-10-10","Task.java","129883","256364","386247"
"2014-05-21","Task.java","128602","169942","298544"
"2015-01-27","Task.java","132497","290008","422505"
"2015-12-24","Task.java","138482","412353","550835"
"2014-11-11","Task.java","132047","268398","400445"
"2014-12-12","Task.java","132240","284973","417213"
"2014-04-05","Task.java","38257","65363","103620"
"2015-09-23","Task.java","138299","400101","538400"
"2014-03-13","Task.java","34790","47845","82635"
"2014-04-28","Task.java","128077","161835","289912"
"2014-03-01","Task.java","34203","43008","77211"
"2014-12-22","Task.java","132434","285950","418384"
"2015-03-03","Task.java","132684","293292","425976"
"2014-04-23","Task.java","128050","160261","288311"
"2014-09-20","Task.java","129797","249507","379304"
"2014-07-23","Task.java","129486","190320","319806"
"2014-08-21","Task.java","129675","199380","329055"
"2014-06-26","Task.java","128949","178533","307482"
"2014-07-15","Task.java","129088","186391","315479"
"2014-04-18","Task.java","39523","71216","110739"
"2015-06-08","Task.java","136438","360765","497203"
"2015-07-22","Task.java","137344","363804","501148"
"2014-10-25","LogicalNode.java","75690","277886","353576"
"2014-12-30","LogicalNode.java","75817","308829","384646"
"2013-12-06","LogicalNode.java","36154","91712","127866"
"2013-08-19","LogicalNode.java","11159","12210","23369"
"2013-08-08","LogicalNode.java","3194","2318","5512"
"2013-10-21","LogicalNode.java","30730","73743","104473"
"2013-09-23","LogicalNode.java","19417","36875","56292"
"2014-10-25","LogicalNode.java","120414","267052","387466"
"2014-12-30","LogicalNode.java","120799","298253","419052"
"2014-05-22","DateDatum.java","119491","136892","256383"
"2015-09-16","DateDatum.java","159210","384661","543871"
"2015-10-08","DateDatum.java","159611","395658","555269"
"2014-04-24","DateDatum.java","118427","121893","240320"
"2015-04-10","DateDatum.java","153654","297718","451372"
"2015-06-02","DateDatum.java","155867","347435","503302"
"2014-06-25","DateDatum.java","119634","138572","258206"
"2015-07-20","Task.java","143410","358660","502070"
"2014-12-18","Task.java","138349","282560","420909"
"2014-10-10","Task.java","115463","233139","348602"
"2014-05-21","Task.java","113481","146016","259497"
"2015-01-27","Task.java","138418","287124","425542"
"2015-12-24","Task.java","145464","410530","555994"
"2014-11-11","Task.java","123948","251494","375442"
"2014-12-12","Task.java","138158","282086","420244"
"2014-04-05","Task.java","6198","24499","30697"
"2015-09-23","Task.java","145259","398256","543515"
"2014-03-13","Task.java","714","4964","5678"
"2014-04-28","Task.java","112917","137870","250787"
"2014-12-22","Task.java","138351","283062","421413"
"2015-03-03","Task.java","138616","290419","429035"
"2014-04-23","Task.java","112888","136294","249182"
"2014-09-20","Task.java","115303","226208","341511"
"2014-07-23","Task.java","114958","166987","281945"
"2014-08-21","Task.java","115163","176063","291226"
"2014-06-26","Task.java","113894","154673","268567"
"2014-07-15","Task.java","114154","162652","276806"
"2014-04-18","Task.java","7629","30517","38146"
"2015-06-08","Task.java","142996","358518","501514"
"2015-07-22","Task.java","144032","361687","505719"
"2014-10-25","LogicalNode.java","75964","277109","353073"
"2014-12-30","LogicalNode.java","76092","308053","384145"
"2013-12-06","LogicalNode.java","30187","84694","114881"
"2013-10-21","LogicalNode.java","24175","66137","90312"
"2013-09-23","LogicalNode.java","12264","28671","40935"
"2014-10-25","LogicalNode.java","74191","277263","351454"
"2014-12-30","LogicalNode.java","74319","308207","382526"
"2013-12-06","LogicalNode.java","33561","89995","123556"
"2013-08-19","LogicalNode.java","8076","10003","18079"
"2013-10-21","LogicalNode.java","27926","71815","99741"
"2013-09-23","LogicalNode.java","16557","34891","51448"
"2015-09-16","Datum.java","131844","399778","531622"
"2014-08-21","Datum.java","126654","210203","336857"
"2014-08-01","Datum.java","126584","201400","327984"
"2014-10-25","LogicalNode.java","111728","270911","382639"
"2014-12-30","LogicalNode.java","112012","302011","414023"
"2013-12-06","LogicalNode.java","11972","24517","36489"
"2013-12-23","Datum.java","48415","106732","155147"
"2015-09-16","Datum.java","84377","410628","495005"
"2014-08-21","Datum.java","82350","224216","306566"
"2013-09-14","Datum.java","29292","38661","67953"
"2014-08-01","Datum.java","82324","215457","297781"
"2013-08-08","Datum.java","16854","10029","26883"
"2014-10-25","LogicalNode.java","91119","275857","366976"
"2014-12-30","LogicalNode.java","91346","306900","398246"
"2013-12-06","LogicalNode.java","24931","63031","87962"
"2013-10-21","LogicalNode.java","17213","42768","59981"
"2015-07-20","Task.java","59850","130389","190239"
"2015-01-27","Task.java","17882","21877","39759"
"2015-12-24","Task.java","115002","235357","350359"
"2015-09-23","Task.java","111828","220114","331942"
"2015-03-03","Task.java","23457","30549","54006"
"2015-06-08","Task.java","52083","122894","174977"
"2015-07-22","Task.java","62583","135527","198110"
"2013-09-23","LogicalRootNode.java","31451","42960","74411"
"2013-09-16","LogicalRootNode.java","30877","41982","72859"
"2015-09-16","Datum.java","144409","328794","473203"
"2013-12-23","Datum.java","29187","78135","107322"
"2015-09-16","Datum.java","91250","408132","499382"
"2014-08-21","Datum.java","88938","221435","310373"
"2014-08-01","Datum.java","88905","212669","301574"
"2013-09-23","LogicalRootNode.java","2418","2822","5240"
"2013-12-30","NodeType.java","33168","97782","130950"
"2014-12-30","NodeType.java","76092","308053","384145"
"2015-07-30","NodeType.java","77571","382999","460570"
"2014-12-30","NodeType.java","123744","291091","414835"
"2015-07-30","NodeType.java","128409","369223","497632"
"2015-09-16","Datum.java","137841","330959","468800"
"2014-08-21","Datum.java","2066","10799","12865"
"2015-07-20","Task.java","40420","103867","144287"
"2015-12-24","Task.java","99870","213133","313003"
"2015-09-23","Task.java","96372","197566","293938"
"2015-06-08","Task.java","30449","94168","124617"
"2015-07-22","Task.java","43457","109309","152766"
"2015-07-30","NodeType.java","65395","138862","204257"
"2014-10-25","PartitionedTableScanNode.java","127038","265313","392351"
"2014-02-21","PartitionedTableScanNode.java","42375","62046","104421"
"2014-10-08","PartitionedTableScanNode.java","126789","264764","391553"
"2015-11-18","PartitionedTableScanNode.java","132234","413344","545578"
"2015-11-18","PartitionedTableScanNode.java","125128","267963","393091"
"2014-10-25","PartitionedTableScanNode.java","120151","238755","358906"
"2014-10-08","PartitionedTableScanNode.java","113831","232135","345966"
"2015-11-18","PartitionedTableScanNode.java","143589","405028","548617"
"2014-10-25","PartitionedTableScanNode.java","32887","33187","66074"
"2015-11-18","PartitionedTableScanNode.java","149498","292633","442131"
"2015-07-20","Task.java","96878","288722","385600"
"2014-12-18","Task.java","67693","188498","256191"
"2014-10-10","Task.java","13960","108230","122190"
"2014-05-21","Task.java","2058","11187","13245"
"2015-01-27","Task.java","78610","203910","282520"
"2015-12-24","Task.java","124961","366621","491582"
"2014-11-11","Task.java","43845","147985","191830"
"2014-12-12","Task.java","65326","185848","251174"
"2015-09-23","Task.java","124131","353722","477853"
"2014-04-28","Task.java","300","1847","2147"
"2014-12-22","Task.java","69633","190938","260571"
"2015-03-03","Task.java","79362","207759","287121"
"2014-09-20","Task.java","13338","100837","114175"
"2014-07-23","Task.java","10416","39039","49455"
"2014-08-21","Task.java","11833","49327","61160"
"2014-06-26","Task.java","8327","25700","34027"
"2014-07-15","Task.java","9211","34303","43514"
"2015-06-08","Task.java","92656","284772","377428"
"2015-07-22","Task.java","98321","292570","390891"
"2013-12-23","Datum.java","34800","99942","134742"
"2015-09-16","Datum.java","76060","409136","485196"
"2014-08-21","Datum.java","73950","222641","296591"
"2013-09-14","Datum.java","13430","29624","43054"
"2014-08-01","Datum.java","73924","213882","287806"
"2015-07-20","Task.java","108303","212648","320951"
"2014-12-18","Task.java","68965","102271","171236"
"2014-10-10","Task.java","938","7709","8647"
"2015-01-27","Task.java","82784","120585","203369"
"2015-12-24","Task.java","147779","301940","449719"
"2014-11-11","Task.java","40248","56889","97137"
"2014-12-12","Task.java","65847","98870","164717"
"2015-09-23","Task.java","146660","288752","435412"
"2014-12-22","Task.java","71350","105156","176506"
"2015-03-03","Task.java","83825","124723","208548"
"2015-06-08","Task.java","102891","207508","310399"
"2015-07-22","Task.java","109808","216558","326366"
"2014-01-22","PersistentStoreNode.java","7357","14970","22327"
"2014-02-21","PersistentStoreNode.java","33882","49339","83221"
"2015-03-20","PersistentStoreNode.java","128902","303007","431909"
"2015-08-05","DatumFactory.java","90955","181923","272878"
"2015-09-16","DatumFactory.java","129326","243095","372421"
"2015-04-18","DatumFactory.java","66637","102578","169215"
"2015-06-02","DatumFactory.java","78530","158416","236946"
"2014-02-21","PersistentStoreNode.java","27874","35718","63592"
"2015-03-20","PersistentStoreNode.java","134250","300742","434992"
"2014-12-08","DatumFactory.java","75988","293368","369356"
"2013-12-18","DatumFactory.java","30602","93472","124074"
"2014-04-24","DatumFactory.java","75162","184326","259488"
"2015-08-05","DatumFactory.java","77586","385934","463520"
"2013-12-11","DatumFactory.java","30296","88148","118444"
"2013-11-21","DatumFactory.java","28913","75702","104615"
"2013-12-12","DatumFactory.java","30294","88538","118832"
"2014-08-23","DatumFactory.java","75774","269771","345545"
"2013-12-12","DatumFactory.java","30297","88498","118795"
"2014-05-22","DatumFactory.java","75497","198596","274093"
"2013-12-09","DatumFactory.java","30199","86969","117168"
"2013-12-23","DatumFactory.java","31496","94711","126207"
"2015-09-16","DatumFactory.java","77907","409056","486963"
"2015-04-18","DatumFactory.java","77105","330426","407531"
"2014-01-30","DatumFactory.java","45548","121399","166947"
"2015-06-02","DatumFactory.java","77057","374323","451380"
"2015-07-20","Task.java","103311","266532","369843"
"2014-12-18","Task.java","67594","159776","227370"
"2014-10-10","Task.java","4754","70401","75155"
"2015-01-27","Task.java","79887","176564","256451"
"2015-12-24","Task.java","138964","352001","490965"
"2014-11-11","Task.java","40828","116345","157173"
"2014-12-12","Task.java","64973","156872","221845"
"2015-09-23","Task.java","137967","338935","476902"
"2014-12-22","Task.java","69773","162455","232228"
"2015-03-03","Task.java","80719","180493","261212"
"2014-09-20","Task.java","3886","62762","66648"
"2014-08-21","Task.java","2191","11062","13253"
"2015-06-08","Task.java","98469","261962","360431"
"2015-07-22","Task.java","104775","270401","375176"
"2015-03-20","PersistentStoreNode.java","139583","298231","437814"
"2014-12-08","DatumFactory.java","127233","281743","408976"
"2014-04-24","DatumFactory.java","125480","171774","297254"
"2015-08-05","DatumFactory.java","131537","377015","508552"
"2014-08-23","DatumFactory.java","126804","257931","384735"
"2014-05-22","DatumFactory.java","126047","186276","312323"
"2013-12-23","DatumFactory.java","1125","1470","2595"
"2015-09-16","DatumFactory.java","131935","400214","532149"
"2015-04-18","DatumFactory.java","130652","321103","451755"
"2014-01-30","DatumFactory.java","38804","51785","90589"
"2015-06-02","DatumFactory.java","130812","365208","496020"
"2015-07-20","Task.java","107417","261767","369184"
"2014-12-18","Task.java","69756","153067","222823"
"2014-10-10","Task.java","2910","59686","62596"
"2015-01-27","Task.java","83306","171112","254418"
"2015-12-24","Task.java","145037","349203","494240"
"2014-11-11","Task.java","41872","108518","150390"
"2014-12-12","Task.java","66670","149698","216368"
"2015-09-23","Task.java","143976","336073","480049"
"2014-12-22","Task.java","72107","155918","228025"
"2015-03-03","Task.java","84308","175211","259519"
"2014-09-20","Task.java","2011","52016","54027"
"2015-06-08","Task.java","102493","257115","359608"
"2015-07-22","Task.java","108894","265649","374543"
"2014-12-08","DatumFactory.java","46990","155206","202196"
"2015-08-05","DatumFactory.java","99997","299181","399178"
"2014-08-23","DatumFactory.java","12364","97197","109561"
"2014-05-22","DatumFactory.java","2925","16860","19785"
"2015-09-16","DatumFactory.java","124203","346188","470391"
"2015-04-18","DatumFactory.java","86765","230922","317687"
"2015-06-02","DatumFactory.java","92613","280715","373328"
"2015-07-20","Task.java","97807","272278","370085"
"2014-12-18","Task.java","65063","168495","233558"
"2014-10-10","Task.java","7004","83901","90905"
"2015-01-27","Task.java","77042","184969","262011"
"2015-12-24","Task.java","130841","355128","485969"
"2014-11-11","Task.java","40412","127179","167591"
"2014-12-12","Task.java","62491","165640","228131"
"2015-09-23","Task.java","129855","342073","471928"
"2014-12-22","Task.java","67207","171139","238346"
"2015-03-03","Task.java","77860","188884","266744"
"2014-09-20","Task.java","6199","76325","82524"
"2014-07-23","Task.java","2676","13926","16602"
"2014-08-21","Task.java","4565","24686","29251"
"2014-07-15","Task.java","1440","9159","10599"
"2015-06-08","Task.java","93000","267743","360743"
"2015-07-22","Task.java","99265","276141","375406"
"2015-09-16","DatumFactory.java","109858","132659","242517"
"2014-12-08","DatumFactory.java","122746","282274","405020"
"2013-12-18","DatumFactory.java","2015","7033","9048"
"2014-04-24","DatumFactory.java","121041","172353","293394"
"2015-08-05","DatumFactory.java","126957","377453","504410"
"2013-12-12","DatumFactory.java","55","447","502"
"2014-08-23","DatumFactory.java","122309","258454","380763"
"2013-12-12","DatumFactory.java","4","353","357"
"2014-05-22","DatumFactory.java","121562","186809","308371"
"2013-12-23","DatumFactory.java","3122","8485","11607"
"2015-09-16","DatumFactory.java","127349","400646","527995"
"2015-04-18","DatumFactory.java","126094","321563","447657"
"2014-01-30","DatumFactory.java","38898","56897","95795"
"2015-06-02","DatumFactory.java","126244","365658","491902"
"2014-12-08","DatumFactory.java","114921","285512","400433"
"2013-12-18","DatumFactory.java","5268","21349","26617"
"2014-04-24","DatumFactory.java","113505","175880","289385"
"2015-08-05","DatumFactory.java","118522","380081","498603"
"2013-12-11","DatumFactory.java","4087","15150","19237"
"2013-12-12","DatumFactory.java","4135","15590","19725"
"2014-08-23","DatumFactory.java","114549","261757","376306"
"2013-12-12","DatumFactory.java","4089","15501","19590"
"2014-05-22","DatumFactory.java","113901","190211","304112"
"2013-12-09","DatumFactory.java","3267","13248","16515"
"2013-12-23","DatumFactory.java","6336","22762","29098"
"2015-09-16","DatumFactory.java","118906","403266","522172"
"2015-04-18","DatumFactory.java","117705","324237","441942"
"2014-01-30","DatumFactory.java","39029","68091","107120"
"2015-06-02","DatumFactory.java","117849","368326","486175"
"2014-12-08","DatumFactory.java","122929","282065","404994"
"2013-12-18","DatumFactory.java","1964","6590","8554"
"2014-04-24","DatumFactory.java","121177","172097","293274"
"2015-08-05","DatumFactory.java","127141","377245","504386"
"2014-08-23","DatumFactory.java","122491","258244","380735"
"2014-05-22","DatumFactory.java","121742","186597","308339"
"2013-12-23","DatumFactory.java","3073","8044","11117"
"2015-09-16","DatumFactory.java","127539","400444","527983"
"2015-04-18","DatumFactory.java","126277","321354","447631"
"2014-01-30","DatumFactory.java","38952","56559","95511"
"2015-06-02","DatumFactory.java","126427","365449","491876"
"2014-02-17","Projectable.java","60620","137015","197635"
"2014-01-17","Projectable.java","50436","118362","168798"
"2014-12-08","DatumFactory.java","45069","68452","113521"
"2015-08-05","DatumFactory.java","110940","225291","336231"
"2015-09-16","DatumFactory.java","145441","282593","428034"
"2015-04-18","DatumFactory.java","92601","151925","244526"
"2015-06-02","DatumFactory.java","102294","205563","307857"
"2014-12-08","DatumFactory.java","122897","282076","404973"
"2013-12-18","DatumFactory.java","2011","6680","8691"
"2014-04-24","DatumFactory.java","121149","172112","293261"
"2015-08-05","DatumFactory.java","127109","377256","504365"
"2014-08-23","DatumFactory.java","122460","258256","380716"
"2014-05-22","DatumFactory.java","121711","186609","308320"
"2013-12-23","DatumFactory.java","3118","8132","11250"
"2015-09-16","DatumFactory.java","127507","400455","527962"
"2015-04-18","DatumFactory.java","126245","321365","447610"
"2014-01-30","DatumFactory.java","38980","56630","95610"
"2015-06-02","DatumFactory.java","126395","365460","491855"
"2015-07-20","Task.java","101476","268228","369704"
"2014-12-18","Task.java","66011","161724","227735"
"2014-10-10","Task.java","5957","75135","81092"
"2015-01-27","Task.java","78278","178486","256764"
"2015-12-24","Task.java","136666","353234","489900"
"2014-11-11","Task.java","41285","120333","161618"
"2014-12-12","Task.java","63397","158827","222224"
"2015-09-23","Task.java","135673","340172","475845"
"2014-12-22","Task.java","68187","164400","232587"
"2015-03-03","Task.java","79110","182415","261525"
"2014-09-20","Task.java","5102","67509","72611"
"2014-07-23","Task.java","1306","4837","6143"
"2014-08-21","Task.java","3441","15843","19284"
"2015-06-08","Task.java","96660","263684","360344"
"2015-07-22","Task.java","102940","272097","375037"
"2014-02-17","Projectable.java","27736","36205","63941"
"2014-12-08","DatumFactory.java","47149","141430","188579"
"2015-08-05","DatumFactory.java","101994","287243","389237"
"2014-08-23","DatumFactory.java","9966","80864","90830"
"2015-09-16","DatumFactory.java","128694","336744","465438"
"2015-04-18","DatumFactory.java","88128","218350","306478"
"2015-06-02","DatumFactory.java","94265","268432","362697"
"2014-12-08","DatumFactory.java","122585","283195","405780"
"2013-12-18","DatumFactory.java","2850","8950","11800"
"2014-04-24","DatumFactory.java","120959","173353","294312"
"2015-08-05","DatumFactory.java","126219","377797","504016"
"2013-12-11","DatumFactory.java","857","1939","2796"
"2013-12-12","DatumFactory.java","910","2384","3294"
"2014-08-23","DatumFactory.java","122130","259357","381487"
"2013-12-12","DatumFactory.java","860","2291","3151"
"2014-05-22","DatumFactory.java","121399","187728","309127"
"2013-12-23","DatumFactory.java","3936","10381","14317"
"2015-09-16","DatumFactory.java","126601","400980","527581"
"2015-04-18","DatumFactory.java","125379","321930","447309"
"2014-01-30","DatumFactory.java","39354","58435","97789"
"2015-06-02","DatumFactory.java","125529","366025","491554"
"2015-07-20","Task.java","157654","350016","507670"
"2014-12-18","Task.java","150935","272258","423193"
"2014-10-10","Task.java","121898","216686","338584"
"2014-05-21","Task.java","119241","128888","248129"
"2015-01-27","Task.java","151286","277104","428390"
"2015-12-24","Task.java","161321","403499","564820"
"2014-11-11","Task.java","132520","237178","369698"
"2014-12-12","Task.java","150743","271783","422526"
"2015-09-23","Task.java","160837","390946","551783"
"2014-04-28","Task.java","118517","120582","239099"
"2014-12-22","Task.java","150940","272763","423703"
"2015-03-03","Task.java","151570","280485","432055"
"2014-04-23","Task.java","118477","118995","237472"
"2014-09-20","Task.java","121490","209507","330997"
"2014-07-23","Task.java","120953","150094","271047"
"2014-08-21","Task.java","121327","159339","280666"
"2014-06-26","Task.java","119736","137627","257363"
"2014-07-15","Task.java","120092","145702","265794"
"2015-06-08","Task.java","157156","349790","506946"
"2015-07-22","Task.java","158729","353496","512225"
"2014-12-08","DatumFactory.java","127148","281313","408461"
"2014-04-24","DatumFactory.java","125375","171324","296699"
"2015-08-05","DatumFactory.java","131446","376579","508025"
"2014-08-23","DatumFactory.java","126718","257500","384218"
"2014-05-22","DatumFactory.java","125964","185848","311812"
"2015-09-16","DatumFactory.java","131844","399778","531622"
"2015-04-18","DatumFactory.java","130561","320667","451228"
"2014-01-30","DatumFactory.java","38104","50740","88844"
"2015-06-02","DatumFactory.java","130721","364772","495493"
"2014-12-30","ProjectionNode.java","82701","309764","392465"
"2013-09-23","ProjectionNode.java","31451","42960","74411"
"2013-07-26","ProjectionNode.java","13947","7998","21945"
"2013-08-19","ProjectionNode.java","24236","19338","43574"
"2014-04-08","ProjectionNode.java","61925","159928","221853"
"2015-03-20","ProjectionNode.java","83594","319885","403479"
"2013-10-21","ProjectionNode.java","41932","78996","120928"
"2015-11-18","ProjectionNode.java","84576","423658","508234"
"2013-09-16","ProjectionNode.java","30877","41982","72859"
"2015-03-20","ProjectionNode.java","25842","35070","60912"
"2015-11-18","ProjectionNode.java","112182","224201","336383"
"2014-12-30","ProjectionNode.java","91346","306900","398246"
"2014-04-08","ProjectionNode.java","53084","139578","192662"
"2015-03-20","ProjectionNode.java","92357","317139","409496"
"2013-10-21","ProjectionNode.java","17213","42768","59981"
"2015-11-18","ProjectionNode.java","93439","421012","514451"
"2014-12-30","ProjectionNode.java","75817","308829","384646"
"2013-09-23","ProjectionNode.java","19417","36875","56292"
"2013-08-19","ProjectionNode.java","11159","12210","23369"
"2014-04-08","ProjectionNode.java","52342","156294","208636"
"2015-03-20","ProjectionNode.java","76710","318950","395660"
"2013-10-21","ProjectionNode.java","30730","73743","104473"
"2015-11-18","ProjectionNode.java","77702","422733","500435"
"2013-09-16","ProjectionNode.java","18148","35202","53350"
"2015-08-05","DatumFactory.java","41606","96633","138239"
"2015-09-16","DatumFactory.java","91616","169444","261060"
"2015-06-02","DatumFactory.java","19920","63865","83785"
"2014-12-30","ProjectionNode.java","76092","308053","384145"
"2013-09-23","ProjectionNode.java","12264","28671","40935"
"2014-04-08","ProjectionNode.java","48510","151411","199921"
"2015-03-20","ProjectionNode.java","77085","318274","395359"
"2013-10-21","ProjectionNode.java","24175","66137","90312"
"2015-11-18","ProjectionNode.java","78120","422100","500220"
"2013-09-16","ProjectionNode.java","10352","26355","36707"
"2014-12-30","ProjectionNode.java","148314","277374","425688"
"2015-03-20","ProjectionNode.java","151735","290023","441758"
"2015-11-18","ProjectionNode.java","158113","399192","557305"
"2015-11-18","ProjectionNode.java","96559","199350","295909"
"2014-12-08","DatumFactory.java","119482","261011","380493"
"2014-04-24","DatumFactory.java","108553","141866","250419"
"2015-08-05","DatumFactory.java","136804","369301","506105"
"2014-08-23","DatumFactory.java","110343","228489","338832"
"2014-05-22","DatumFactory.java","109382","156630","266012"
"2015-09-16","DatumFactory.java","137506","392804","530310"
"2015-04-18","DatumFactory.java","135377","312847","448224"
"2015-06-02","DatumFactory.java","135686","357101","492787"
"2014-12-30","ProjectionNode.java","112012","302011","414023"
"2014-04-08","ProjectionNode.java","49254","110193","159447"
"2015-03-20","ProjectionNode.java","113980","313207","427187"
"2015-11-18","ProjectionNode.java","115289","417307","532596"
"2015-07-20","TaskAttempt.java","83572","378498","462070"
"2015-08-26","TaskAttempt.java","84220","393742","477962"
"2014-12-18","TaskAttempt.java","82703","306590","389293"
"2014-03-01","TaskAttempt.java","60888","140564","201452"
"2013-11-21","TaskAttempt.java","46290","88221","134511"
"2014-02-17","TaskAttempt.java","60621","136457","197078"
"2014-04-23","TaskAttempt.java","81830","184912","266742"
"2014-05-21","TaskAttempt.java","82134","194345","276479"
"2014-09-20","TaskAttempt.java","82390","272971","355361"
"2015-07-31","TaskAttempt.java","84059","385261","469320"
"2014-04-05","TaskAttempt.java","61926","159903","221829"
"2015-03-03","TaskAttempt.java","82697","314176","396873"
"2013-12-11","TaskAttempt.java","47415","100369","147784"
"2014-12-22","TaskAttempt.java","82703","307090","389793"
"2015-08-05","DatumFactory.java","29049","40131","69180"
"2015-09-16","DatumFactory.java","123408","157291","280699"
"2014-12-30","ProjectionNode.java","91068","307026","398094"
"2013-09-23","ProjectionNode.java","2418","2822","5240"
"2014-04-08","ProjectionNode.java","54108","141006","195114"
"2015-03-20","ProjectionNode.java","92073","317259","409332"
"2013-10-21","ProjectionNode.java","19100","45059","64159"
"2015-11-18","ProjectionNode.java","93152","421129","514281"
"2015-08-26","TaskAttempt.java","106182","120778","226960"
"2015-07-31","TaskAttempt.java","10705","16981","27686"
"2014-01-17","RelationNode.java","33977","90798","124775"
"2013-09-23","RelationNode.java","2418","2822","5240"
"2014-04-18","RelationNode.java","54392","145420","199812"
"2015-05-11","RelationNode.java","92070","332718","424788"
"2014-04-18","RelationNode.java","40676","74883","115559"
"2015-05-11","RelationNode.java","133792","317619","451411"
"2015-07-20","TaskAttempt.java","61116","132155","193271"
"2015-08-26","TaskAttempt.java","105599","191234","296833"
"2015-07-31","TaskAttempt.java","68702","146017","214719"
"2015-03-03","TaskAttempt.java","24963","32555","57518"
"2014-12-22","TaskAttempt.java","3167","3667","6834"
"2014-01-17","RelationNode.java","32815","89232","122047"
"2014-04-18","RelationNode.java","53380","144004","197384"
"2015-05-11","RelationNode.java","92354","332598","424952"
"2013-10-02","Float4Datum.java","33398","50503","83901"
"2013-09-30","Float4Datum.java","32757","45342","78099"
"2013-09-14","Float4Datum.java","29292","38661","67953"
"2013-12-23","Float4Datum.java","48415","106732","155147"
"2013-11-29","Float4Datum.java","47303","91302","138605"
"2015-04-10","Float4Datum.java","83604","328468","412072"
"2015-06-02","Float4Datum.java","83566","375934","459500"
"2014-04-24","Float4Datum.java","81830","186096","267926"
"2014-06-25","Float4Datum.java","82124","201862","283986"
"2014-08-01","Float4Datum.java","82324","215457","297781"
"2014-01-27","Float4Datum.java","51302","121398","172700"
"2015-05-11","RelationNode.java","156590","306210","462800"
"2013-12-23","Float4Datum.java","26002","67214","93216"
"2013-11-29","Float4Datum.java","23857","50751","74608"
"2015-04-10","Float4Datum.java","97511","325270","422781"
"2015-06-02","Float4Datum.java","97493","372756","470249"
"2014-04-24","Float4Datum.java","95211","182372","277583"
"2014-06-25","Float4Datum.java","95572","198205","293777"
"2014-08-01","Float4Datum.java","95962","211990","307952"
"2014-01-27","Float4Datum.java","34061","87052","121113"
"2015-07-20","TaskAttempt.java","143410","358660","502070"
"2015-08-26","TaskAttempt.java","144754","374600","519354"
"2014-12-18","TaskAttempt.java","138349","282560","420909"
"2014-04-23","TaskAttempt.java","112888","136294","249182"
"2014-05-21","TaskAttempt.java","113481","146016","259497"
"2014-09-20","TaskAttempt.java","115303","226208","341511"
"2015-07-31","TaskAttempt.java","144153","365679","509832"
"2014-04-05","TaskAttempt.java","6198","24499","30697"
"2015-03-03","TaskAttempt.java","138616","290419","429035"
"2014-12-22","TaskAttempt.java","138351","283062","421413"
"2015-07-20","TaskAttempt.java","117949","370944","488893"
"2015-08-26","TaskAttempt.java","118744","386335","505079"
"2014-12-18","TaskAttempt.java","115127","297083","412210"
"2014-03-01","TaskAttempt.java","47431","85176","132607"
"2014-02-17","TaskAttempt.java","40618","74523","115141"
"2014-04-23","TaskAttempt.java","113492","174643","288135"
"2014-05-21","TaskAttempt.java","113907","184187","298094"
"2014-09-20","TaskAttempt.java","114557","263207","377764"
"2015-07-31","TaskAttempt.java","118479","377750","496229"
"2014-04-05","TaskAttempt.java","49769","105815","155584"
"2015-03-03","TaskAttempt.java","115152","304700","419852"
"2013-12-11","TaskAttempt.java","4081","15104","19185"
"2014-12-22","TaskAttempt.java","115130","297586","412716"
"2013-12-18","ScanNode.java","47541","105513","153054"
"2014-04-05","ScanNode.java","61926","159903","221829"
"2013-09-18","ScanNode.java","31063","41891","72954"
"2014-03-20","ScanNode.java","61564","150556","212120"
"2014-03-27","ScanNode.java","61638","151660","213298"
"2014-04-18","ScanNode.java","62044","164177","226221"
"2014-08-23","ScanNode.java","82390","271489","353879"
"2013-07-26","ScanNode.java","13947","7998","21945"
"2015-09-17","ScanNode.java","84545","415025","499570"
"2014-02-21","ScanNode.java","60863","138506","199369"
"2014-10-08","ScanNode.java","82390","278337","360727"
"2013-09-16","ScanNode.java","30877","41982","72859"
"2013-10-02","Float4Datum.java","723","5243","5966"
"2013-12-23","Float4Datum.java","25258","70990","96248"
"2013-11-29","Float4Datum.java","23148","54562","77710"
"2015-04-10","Float4Datum.java","93162","325441","418603"
"2015-06-02","Float4Datum.java","93144","372927","466071"
"2014-04-24","Float4Datum.java","90901","182582","273483"
"2014-06-25","Float4Datum.java","91241","198394","289635"
"2014-08-01","Float4Datum.java","91617","212165","303782"
"2014-01-27","Float4Datum.java","33179","90690","123869"
"2015-07-20","TaskAttempt.java","140321","359411","499732"
"2015-08-26","TaskAttempt.java","141529","375215","516744"
"2014-12-18","TaskAttempt.java","135437","283488","418925"
"2014-03-01","TaskAttempt.java","9162","13002","22164"
"2014-04-23","TaskAttempt.java","110446","137692","248138"
"2014-05-21","TaskAttempt.java","111030","147405","258435"
"2014-09-20","TaskAttempt.java","112754","227499","340253"
"2015-07-31","TaskAttempt.java","141007","366373","507380"
"2014-04-05","TaskAttempt.java","14252","36393","50645"
"2015-03-03","TaskAttempt.java","135735","291378","427113"
"2014-12-22","TaskAttempt.java","135440","283991","419431"
"2014-04-05","ScanNode.java","51652","91657","143309"
"2014-03-20","ScanNode.java","50948","81968","132916"
"2014-03-27","ScanNode.java","51080","83130","134210"
"2014-04-18","ScanNode.java","52146","96307","148453"
"2014-08-23","ScanNode.java","126804","257931","384735"
"2015-09-17","ScanNode.java","132105","404613","536718"
"2014-02-21","ScanNode.java","42375","62046","104421"
"2014-10-08","ScanNode.java","126789","264764","391553"
"2014-04-18","ScanNode.java","1945","6101","8046"
"2014-08-23","ScanNode.java","120624","211746","332370"
"2015-09-17","ScanNode.java","157644","390147","547791"
"2014-10-08","ScanNode.java","121034","219004","340038"
"2013-10-02","Float4Datum.java","7274","15010","22284"
"2013-09-30","Float4Datum.java","6586","9802","16388"
"2013-12-23","Float4Datum.java","29187","78135","107322"
"2013-11-29","Float4Datum.java","27370","62000","89370"
"2015-04-10","Float4Datum.java","90416","325911","416327"
"2015-06-02","Float4Datum.java","90388","373387","463775"
"2014-04-24","Float4Datum.java","88190","183087","271277"
"2014-06-25","Float4Datum.java","88528","198897","287425"
"2014-08-01","Float4Datum.java","88905","212669","301574"
"2014-01-27","Float4Datum.java","35700","96427","132127"
"2013-12-18","ScanNode.java","26387","73531","99918"
"2014-04-05","ScanNode.java","53590","140739","194329"
"2014-03-20","ScanNode.java","53108","131272","184380"
"2014-03-27","ScanNode.java","53211","132405","185616"
"2014-04-18","ScanNode.java","53880","145185","199065"
"2014-08-23","ScanNode.java","90356","268627","358983"
"2015-09-17","ScanNode.java","92793","412445","505238"
"2014-02-21","ScanNode.java","48447","115262","163709"
"2014-10-08","ScanNode.java","90358","275477","365835"
"2014-04-05","ScanNode.java","1648","10633","12281"
"2014-03-27","ScanNode.java","524","1554","2078"
"2014-04-18","ScanNode.java","3266","16407","19673"
"2014-08-23","ScanNode.java","116462","216569","333031"
"2015-09-17","ScanNode.java","150311","391799","542110"
"2014-10-08","ScanNode.java","116855","223810","340665"
"2015-07-20","TaskAttempt.java","96878","288722","385600"
"2015-08-26","TaskAttempt.java","119712","326152","445864"
"2014-12-18","TaskAttempt.java","67693","188498","256191"
"2014-05-21","TaskAttempt.java","2058","11187","13245"
"2014-09-20","TaskAttempt.java","13338","100837","114175"
"2015-07-31","TaskAttempt.java","99379","297499","396878"
"2015-03-03","TaskAttempt.java","79362","207759","287121"
"2014-12-22","TaskAttempt.java","69633","190938","260571"
"2015-04-10","Float4Datum.java","129924","316471","446395"
"2015-06-02","Float4Datum.java","130721","364772","495493"
"2014-04-24","Float4Datum.java","125375","171324","296699"
"2014-06-25","Float4Datum.java","125998","187419","313417"
"2014-08-01","Float4Datum.java","126584","201400","327984"
"2014-01-27","Float4Datum.java","19084","30863","49947"
"2014-04-05","ScanNode.java","1172","9127","10299"
"2014-04-18","ScanNode.java","2884","14995","17879"
"2014-08-23","ScanNode.java","117083","216160","333243"
"2015-09-17","ScanNode.java","150957","391415","542372"
"2014-10-08","ScanNode.java","117476","223401","340877"
"2014-08-23","ScanNode.java","120985","207951","328936"
"2015-09-17","ScanNode.java","160339","388686","549025"
"2014-10-08","ScanNode.java","121432","215246","336678"
"2015-09-17","ScanNode.java","145698","287079","432777"
"2014-10-08","ScanNode.java","2355","9203","11558"
"2015-07-20","TaskAttempt.java","99249","281964","381213"
"2015-08-26","TaskAttempt.java","124645","321956","446601"
"2014-12-18","TaskAttempt.java","68740","180416","249156"
"2014-09-20","TaskAttempt.java","11987","90357","102344"
"2015-07-31","TaskAttempt.java","101896","290887","392783"
"2015-03-03","TaskAttempt.java","81216","200484","281700"
"2014-12-22","TaskAttempt.java","70824","183000","253824"
"2013-12-18","ScanNode.java","36416","100337","136753"
"2014-04-05","ScanNode.java","52343","156269","208612"
"2013-09-18","ScanNode.java","18896","35673","54569"
"2014-03-20","ScanNode.java","51937","146878","198815"
"2014-03-27","ScanNode.java","52014","147985","199999"
"2014-04-18","ScanNode.java","52473","160555","213028"
"2014-08-23","ScanNode.java","75507","270555","346062"
"2015-09-17","ScanNode.java","77666","414095","491761"
"2014-02-21","ScanNode.java","51133","134725","185858"
"2014-10-08","ScanNode.java","75507","277403","352910"
"2013-09-16","ScanNode.java","18148","35202","53350"
"2013-12-23","Float4Datum.java","4601","18919","23520"
"2015-04-10","Float4Datum.java","117942","318807","436749"
"2015-06-02","Float4Datum.java","118100","366469","484569"
"2014-04-24","Float4Datum.java","113707","173974","287681"
"2014-06-25","Float4Datum.java","114143","189882","304025"
"2014-08-01","Float4Datum.java","114673","203807","318480"
"2014-01-27","Float4Datum.java","20560","46657","67217"
"2014-04-05","ScanNode.java","12448","32782","45230"
"2014-03-20","ScanNode.java","11088","22437","33525"
"2014-03-27","ScanNode.java","11465","23844","35309"
"2014-04-18","ScanNode.java","13749","38239","51988"
"2014-08-23","ScanNode.java","113641","225097","338738"
"2015-09-17","ScanNode.java","143387","396224","539611"
"2014-10-08","ScanNode.java","113831","232135","345966"
"2015-07-20","TaskAttempt.java","108303","212648","320951"
"2015-08-26","TaskAttempt.java","141502","260443","401945"
"2014-12-18","TaskAttempt.java","68965","102271","171236"
"2015-07-31","TaskAttempt.java","111111","221732","332843"
"2015-03-03","TaskAttempt.java","83825","124723","208548"
"2014-12-22","TaskAttempt.java","71350","105156","176506"
"2015-06-02","Float4Datum.java","23393","70897","94290"
"2015-08-26","TaskAttempt.java","99808","108128","207936"
"2015-09-17","ScanNode.java","148403","282936","431339"
"2013-12-18","ScanNode.java","27190","74057","101247"
"2014-04-05","ScanNode.java","54105","140977","195082"
"2013-09-18","ScanNode.java","1038","761","1799"
"2014-03-20","ScanNode.java","53620","131507","185127"
"2014-03-27","ScanNode.java","53727","132644","186371"
"2014-04-18","ScanNode.java","54392","145420","199812"
"2014-08-23","ScanNode.java","90651","268645","359296"
"2015-09-17","ScanNode.java","93088","412463","505551"
"2014-02-21","ScanNode.java","48964","115502","164466"
"2014-10-08","ScanNode.java","90653","275495","366148"
"2015-07-20","TaskAttempt.java","154714","351663","506377"
"2015-08-26","TaskAttempt.java","156857","368402","525259"
"2014-12-18","TaskAttempt.java","148262","274172","422434"
"2014-04-23","TaskAttempt.java","117819","122924","240743"
"2014-05-21","TaskAttempt.java","118530","132764","251294"
"2014-09-20","TaskAttempt.java","120695","213299","333994"
"2015-07-31","TaskAttempt.java","155970","359195","515165"
"2015-03-03","TaskAttempt.java","148834","282336","431170"
"2014-12-22","TaskAttempt.java","148265","274675","422940"
"2014-08-23","SelectionNode.java","82390","271489","353879"
"2013-09-16","SelectionNode.java","30877","41982","72859"
"2015-03-20","SelectionNode.java","83594","319885","403479"
"2015-03-20","SelectionNode.java","88071","135263","223334"
"2015-04-10","Float4Datum.java","84600","225198","309798"
"2015-06-02","Float4Datum.java","92613","280715","373328"
"2014-06-25","Float4Datum.java","8398","23870","32268"
"2014-08-01","Float4Datum.java","10816","39683","50499"
"2015-04-10","Float4Datum.java","82889","208015","290904"
"2015-06-02","Float4Datum.java","92263","264893","357156"
"2014-08-01","Float4Datum.java","2987","16382","19369"
"2014-08-23","SelectionNode.java","90651","268645","359296"
"2015-03-20","SelectionNode.java","92073","317259","409332"
"2015-04-10","Float4Datum.java","86194","197925","284119"
"2015-06-02","Float4Datum.java","97860","257095","354955"
"2015-07-20","TaskAttempt.java","40420","103867","144287"
"2015-08-26","TaskAttempt.java","88338","166381","254719"
"2015-07-31","TaskAttempt.java","48796","118519","167315"
"2015-03-20","ShuffleFileWriteNode.java","128902","303007","431909"
"2014-01-22","ShuffleFileWriteNode.java","7357","14970","22327"
"2014-03-06","ShuffleFileWriteNode.java","40408","60095","100503"
"2015-03-20","ShuffleFileWriteNode.java","134250","300742","434992"
"2014-03-06","ShuffleFileWriteNode.java","34526","46600","81126"
"2015-04-10","Float4Datum.java","133813","308581","442394"
"2015-06-02","Float4Datum.java","135023","357295","492318"
"2014-04-24","Float4Datum.java","126415","160585","287000"
"2014-06-25","Float4Datum.java","127298","176940","304238"
"2014-08-01","Float4Datum.java","127967","191004","318971"
"2015-03-20","ShuffleFileWriteNode.java","141983","296401","438384"
"2013-09-30","Float8Datum.java","32757","45342","78099"
"2013-09-14","Float8Datum.java","29292","38661","67953"
"2014-06-25","Float8Datum.java","82124","201862","283986"
"2013-10-02","Float8Datum.java","33398","50503","83901"
"2013-11-29","Float8Datum.java","47303","91302","138605"
"2015-04-10","Float8Datum.java","83604","328468","412072"
"2015-06-02","Float8Datum.java","83566","375934","459500"
"2014-04-24","Float8Datum.java","81830","186096","267926"
"2014-08-01","Float8Datum.java","82324","215457","297781"
"2014-01-27","Float8Datum.java","51302","121398","172700"
"2014-06-25","Float8Datum.java","91241","198394","289635"
"2013-10-02","Float8Datum.java","723","5243","5966"
"2013-11-29","Float8Datum.java","23148","54562","77710"
"2015-04-10","Float8Datum.java","93162","325441","418603"
"2015-06-02","Float8Datum.java","93144","372927","466071"
"2014-04-24","Float8Datum.java","90901","182582","273483"
"2014-08-01","Float8Datum.java","91617","212165","303782"
"2014-01-27","Float8Datum.java","33179","90690","123869"
"2013-09-30","Float8Datum.java","6586","9802","16388"
"2014-06-25","Float8Datum.java","88528","198897","287425"
"2013-10-02","Float8Datum.java","7274","15010","22284"
"2013-11-29","Float8Datum.java","27370","62000","89370"
"2015-04-10","Float8Datum.java","90416","325911","416327"
"2015-06-02","Float8Datum.java","90388","373387","463775"
"2014-04-24","Float8Datum.java","88190","183087","271277"
"2014-08-01","Float8Datum.java","88905","212669","301574"
"2014-01-27","Float8Datum.java","35700","96427","132127"
"2013-09-23","SortNode.java","31451","42960","74411"
"2014-01-17","SortNode.java","50436","118362","168798"
"2015-03-20","SortNode.java","83594","319885","403479"
"2013-08-08","SortNode.java","16854","10029","26883"
"2013-09-16","SortNode.java","30877","41982","72859"
"2015-04-10","Float8Datum.java","82889","208015","290904"
"2015-06-02","Float8Datum.java","92263","264893","357156"
"2014-08-01","Float8Datum.java","2987","16382","19369"
"2014-06-25","Float8Datum.java","95572","198205","293777"
"2013-11-29","Float8Datum.java","23857","50751","74608"
"2015-04-10","Float8Datum.java","97511","325270","422781"
"2015-06-02","Float8Datum.java","97493","372756","470249"
"2014-04-24","Float8Datum.java","95211","182372","277583"
"2014-08-01","Float8Datum.java","95962","211990","307952"
"2014-01-27","Float8Datum.java","34061","87052","121113"
"2014-01-17","SortNode.java","32815","89232","122047"
"2015-03-20","SortNode.java","92357","317139","409496"
"2015-07-20","TaskAttempt.java","126333","368305","494638"
"2015-08-26","TaskAttempt.java","127164","383732","510896"
"2014-12-18","TaskAttempt.java","122946","293879","416825"
"2014-03-01","TaskAttempt.java","48452","75174","123626"
"2014-02-17","TaskAttempt.java","40755","63637","104392"
"2014-04-23","TaskAttempt.java","121019","171147","292166"
"2014-05-21","TaskAttempt.java","121459","180716","302175"
"2014-09-20","TaskAttempt.java","122287","259914","382201"
"2015-07-31","TaskAttempt.java","126868","375116","501984"
"2014-04-05","TaskAttempt.java","51209","96232","147441"
"2015-03-03","TaskAttempt.java","122971","301496","424467"
"2014-12-22","TaskAttempt.java","122949","294382","417331"
"2015-03-20","SortNode.java","132708","301073","433781"
"2013-09-23","SortNode.java","16557","34891","51448"
"2014-01-17","SortNode.java","38255","113006","151261"
"2015-03-20","SortNode.java","75242","318358","393600"
"2013-09-16","SortNode.java","15184","33114","48298"
"2013-09-23","SortNode.java","2418","2822","5240"
"2014-01-17","SortNode.java","33977","90798","124775"
"2015-03-20","SortNode.java","92073","317259","409332"
"2014-10-25","StoreTableNode.java","82572","278819","361391"
"2015-06-24","StoreTableNode.java","83566","379726","463292"
"2014-01-22","StoreTableNode.java","50605","120404","171009"
"2014-01-26","StoreTableNode.java","51164","121407","172571"
"2015-09-23","StoreTableNode.java","84545","416586","501131"
"2013-09-16","StoreTableNode.java","30877","41982","72859"
"2015-03-20","StoreTableNode.java","83594","319885","403479"
"2014-02-21","StoreTableNode.java","60863","138506","199369"
"2014-06-25","Float8Datum.java","114143","189882","304025"
"2015-04-10","Float8Datum.java","117942","318807","436749"
"2015-06-02","Float8Datum.java","118100","366469","484569"
"2014-04-24","Float8Datum.java","113707","173974","287681"
"2014-08-01","Float8Datum.java","114673","203807","318480"
"2014-01-27","Float8Datum.java","20560","46657","67217"
"2015-07-20","TaskAttempt.java","59850","130389","190239"
"2015-08-26","TaskAttempt.java","104568","189703","294271"
"2015-07-31","TaskAttempt.java","67521","144336","211857"
"2015-03-03","TaskAttempt.java","23457","30549","54006"
"2015-06-24","StoreTableNode.java","77333","177246","254579"
"2015-09-23","StoreTableNode.java","123717","259511","383228"
"2015-03-20","StoreTableNode.java","59258","99302","158560"
"2015-09-23","StoreTableNode.java","124199","160080","284279"
"2014-10-25","StoreTableNode.java","129240","255688","384928"
"2015-06-24","StoreTableNode.java","135755","362116","497871"
"2014-01-26","StoreTableNode.java","3433","3877","7310"
"2015-09-23","StoreTableNode.java","137312","399554","536866"
"2015-03-20","StoreTableNode.java","134250","300742","434992"
"2014-02-21","StoreTableNode.java","27874","35718","63592"
"2015-06-02","Float8Datum.java","23393","70897","94290"
"2014-01-02","TaskSchedulerFactory.java","12804","31454","44258"
"2014-10-25","StoreTableNode.java","128848","254852","383700"
"2015-06-24","StoreTableNode.java","135540","361457","496997"
"2015-09-23","StoreTableNode.java","137248","399046","536294"
"2015-03-20","StoreTableNode.java","133904","299952","433856"
"2014-02-21","StoreTableNode.java","25012","32412","57424"
"2014-10-25","StoreTableNode.java","90841","275983","366824"
"2015-06-24","StoreTableNode.java","92058","377113","469171"
"2014-01-22","StoreTableNode.java","34327","93021","127348"
"2014-01-26","StoreTableNode.java","35049","94187","129236"
"2015-09-23","StoreTableNode.java","93088","414024","507112"
"2015-03-20","StoreTableNode.java","92073","317259","409332"
"2014-02-21","StoreTableNode.java","48964","115502","164466"
"2015-06-24","StoreTableNode.java","28777","88646","117423"
"2015-09-23","StoreTableNode.java","93661","189411","283072"
"2014-06-25","Float8Datum.java","8398","23870","32268"
"2015-04-10","Float8Datum.java","84600","225198","309798"
"2015-06-02","Float8Datum.java","92613","280715","373328"
"2014-08-01","Float8Datum.java","10816","39683","50499"
"2015-04-10","Float8Datum.java","86194","197925","284119"
"2015-06-02","Float8Datum.java","97860","257095","354955"
"2014-10-25","StoreTableNode.java","120151","238755","358906"
"2015-06-24","StoreTableNode.java","141466","359983","501449"
"2015-09-23","StoreTableNode.java","143410","397808","541218"
"2015-03-20","StoreTableNode.java","139583","298231","437814"
"2015-11-18","TableSubQueryNode.java","93152","421129","514281"
"2014-01-17","TableSubQueryNode.java","33977","90798","124775"
"2014-04-18","TableSubQueryNode.java","54392","145420","199812"
"2014-02-04","TableSubQueryNode.java","47122","108730","155852"
"2014-06-25","Float8Datum.java","127298","176940","304238"
"2015-04-10","Float8Datum.java","133813","308581","442394"
"2015-06-02","Float8Datum.java","135023","357295","492318"
"2014-04-24","Float8Datum.java","126415","160585","287000"
"2014-08-01","Float8Datum.java","127967","191004","318971"
"2015-11-18","TableSubQueryNode.java","135907","407063","542970"
"2014-04-18","TableSubQueryNode.java","40676","74883","115559"
"2014-02-04","TableSubQueryNode.java","25431","30218","55649"
"2013-09-30","Int2Datum.java","32757","45342","78099"
"2013-09-14","Int2Datum.java","29292","38661","67953"
"2014-06-25","Int2Datum.java","82124","201862","283986"
"2013-10-02","Int2Datum.java","33398","50503","83901"
"2013-11-29","Int2Datum.java","47303","91302","138605"
"2015-04-10","Int2Datum.java","83604","328468","412072"
"2015-06-02","Int2Datum.java","83566","375934","459500"
"2014-04-24","Int2Datum.java","81830","186096","267926"
"2014-08-01","Int2Datum.java","82324","215457","297781"
"2014-01-27","Int2Datum.java","51302","121398","172700"
"2015-11-18","TableSubQueryNode.java","160811","397760","558571"
"2014-06-25","Int2Datum.java","91241","198394","289635"
"2013-10-02","Int2Datum.java","723","5243","5966"
"2013-11-29","Int2Datum.java","23148","54562","77710"
"2015-04-10","Int2Datum.java","93162","325441","418603"
"2015-06-02","Int2Datum.java","93144","372927","466071"
"2014-04-24","Int2Datum.java","90901","182582","273483"
"2014-08-01","Int2Datum.java","91617","212165","303782"
"2014-01-27","Int2Datum.java","33179","90690","123869"
"2015-11-18","TableSubQueryNode.java","139541","405910","545451"
"2014-04-18","TableSubQueryNode.java","17638","47058","64696"
"2013-09-30","Int2Datum.java","6586","9802","16388"
"2014-06-25","Int2Datum.java","88528","198897","287425"
"2013-10-02","Int2Datum.java","7274","15010","22284"
"2013-11-29","Int2Datum.java","27370","62000","89370"
"2015-04-10","Int2Datum.java","90416","325911","416327"
"2015-06-02","Int2Datum.java","90388","373387","463775"
"2014-04-24","Int2Datum.java","88190","183087","271277"
"2014-08-01","Int2Datum.java","88905","212669","301574"
"2014-01-27","Int2Datum.java","35700","96427","132127"
"2015-04-10","Int2Datum.java","82889","208015","290904"
"2015-06-02","Int2Datum.java","92263","264893","357156"
"2014-08-01","Int2Datum.java","2987","16382","19369"
"2014-06-25","Int2Datum.java","95572","198205","293777"
"2013-11-29","Int2Datum.java","23857","50751","74608"
"2015-04-10","Int2Datum.java","97511","325270","422781"
"2015-06-02","Int2Datum.java","97493","372756","470249"
"2014-04-24","Int2Datum.java","95211","182372","277583"
"2014-08-01","Int2Datum.java","95962","211990","307952"
"2014-01-27","Int2Datum.java","34061","87052","121113"
"2015-07-20","NoSuchSessionVariableException.java","83983","380705","464688"
"2014-05-07","Session.java","114338","131723","246061"
"2014-09-22","Session.java","116582","219214","335796"
"2015-04-13","Session.java","145048","301041","446089"
"2014-08-11","Session.java","116292","162550","278842"
"2014-08-21","Session.java","116384","168302","284686"
"2014-09-22","Session.java","12575","97822","110397"
"2015-04-13","Session.java","84923","223531","308454"
"2014-08-11","Session.java","10383","39256","49639"
"2014-08-21","Session.java","10916","45449","56365"
"2015-04-13","Session.java","90391","143752","234143"
"2014-09-22","Session.java","2763","59137","61900"
"2015-04-13","Session.java","86353","196088","282441"
"2014-08-21","Session.java","813","6473","7286"
"2015-05-11","TruncateTableNode.java","89267","219525","308792"
"2014-12-30","TruncateTableNode.java","72329","177897","250226"
"2014-06-25","Int2Datum.java","114143","189882","304025"
"2015-04-10","Int2Datum.java","117942","318807","436749"
"2015-06-02","Int2Datum.java","118100","366469","484569"
"2014-04-24","Int2Datum.java","113707","173974","287681"
"2014-08-01","Int2Datum.java","114673","203807","318480"
"2014-01-27","Int2Datum.java","20560","46657","67217"
"2015-05-11","TruncateTableNode.java","34019","58709","92728"
"2015-06-02","Int2Datum.java","23393","70897","94290"
"2013-08-19","UnaryNode.java","24236","19338","43574"
"2013-10-21","UnaryNode.java","41932","78996","120928"
"2013-10-21","UnaryNode.java","24175","66137","90312"
"2014-06-25","Int2Datum.java","8398","23870","32268"
"2015-04-10","Int2Datum.java","84600","225198","309798"
"2015-06-02","Int2Datum.java","92613","280715","373328"
"2014-08-01","Int2Datum.java","10816","39683","50499"
"2015-04-10","Int2Datum.java","86194","197925","284119"
"2015-06-02","Int2Datum.java","97860","257095","354955"
"2014-01-17","UnionNode.java","50436","118362","168798"
"2013-09-16","UnionNode.java","30877","41982","72859"
"2014-09-22","Session.java","2134","52848","54982"
"2015-04-13","Session.java","90059","194134","284193"
"2014-01-17","UnionNode.java","33977","90798","124775"
"2015-11-18","WindowAggNode.java","134154","347585","481739"
"2014-03-20","SessionEvent.java","61564","150556","212120"
"2014-06-25","Int2Datum.java","127298","176940","304238"
"2015-04-10","Int2Datum.java","133813","308581","442394"
"2015-06-02","Int2Datum.java","135023","357295","492318"
"2014-04-24","Int2Datum.java","126415","160585","287000"
"2014-08-01","Int2Datum.java","127967","191004","318971"
"2013-09-30","Int4Datum.java","32757","45342","78099"
"2013-09-14","Int4Datum.java","29292","38661","67953"
"2014-06-25","Int4Datum.java","82124","201862","283986"
"2013-10-02","Int4Datum.java","33398","50503","83901"
"2013-11-29","Int4Datum.java","47303","91302","138605"
"2015-04-10","Int4Datum.java","83604","328468","412072"
"2015-06-02","Int4Datum.java","83566","375934","459500"
"2014-04-24","Int4Datum.java","81830","186096","267926"
"2014-08-01","Int4Datum.java","82324","215457","297781"
"2014-01-27","Int4Datum.java","51302","121398","172700"
"2015-07-23","SessionManager.java","148438","356386","504824"
"2014-09-22","SessionManager.java","116582","219214","335796"
"2014-06-25","Int4Datum.java","91241","198394","289635"
"2013-10-02","Int4Datum.java","723","5243","5966"
"2013-11-29","Int4Datum.java","23148","54562","77710"
"2015-04-10","Int4Datum.java","93162","325441","418603"
"2015-06-02","Int4Datum.java","93144","372927","466071"
"2014-04-24","Int4Datum.java","90901","182582","273483"
"2014-08-01","Int4Datum.java","91617","212165","303782"
"2014-01-27","Int4Datum.java","33179","90690","123869"
"2013-09-30","Int4Datum.java","6586","9802","16388"
"2014-06-25","Int4Datum.java","88528","198897","287425"
"2013-10-02","Int4Datum.java","7274","15010","22284"
"2013-11-29","Int4Datum.java","27370","62000","89370"
"2015-04-10","Int4Datum.java","90416","325911","416327"
"2015-06-02","Int4Datum.java","90388","373387","463775"
"2014-04-24","Int4Datum.java","88190","183087","271277"
"2014-08-01","Int4Datum.java","88905","212669","301574"
"2014-01-27","Int4Datum.java","35700","96427","132127"
"2015-07-23","SessionManager.java","111080","216396","327476"
"2014-12-30","WindowSpec.java","69654","171066","240720"
"2015-04-10","Int4Datum.java","82889","208015","290904"
"2015-06-02","Int4Datum.java","92263","264893","357156"
"2014-08-01","Int4Datum.java","2987","16382","19369"
"2014-06-25","Int4Datum.java","95572","198205","293777"
"2013-11-29","Int4Datum.java","23857","50751","74608"
"2015-04-10","Int4Datum.java","97511","325270","422781"
"2015-06-02","Int4Datum.java","97493","372756","470249"
"2014-04-24","Int4Datum.java","95211","182372","277583"
"2014-08-01","Int4Datum.java","95962","211990","307952"
"2014-01-27","Int4Datum.java","34061","87052","121113"
"2013-12-02","ApplicationIdUtils.java","27883","74247","102130"
"2015-08-03","HistoryReader.java","3482","6808","10290"
"2015-09-23","HistoryReader.java","111663","146391","258054"
"2015-07-29","HistoryReader.java","89762","180485","270247"
"2015-08-03","HistoryReader.java","90570","184619","275189"
"2015-01-23","HistoryReader.java","52706","73787","126493"
"2015-09-23","HistoryReader.java","129292","254743","384035"
"2014-12-18","HistoryReader.java","36471","53136","89607"
"2015-09-23","HistoryReader.java","111579","142981","254560"
"2015-07-29","HistoryReader.java","51532","121174","172706"
"2015-08-03","HistoryReader.java","54293","127261","181554"
"2015-09-23","HistoryReader.java","100280","204650","304930"
"2014-06-25","Int4Datum.java","114143","189882","304025"
"2015-04-10","Int4Datum.java","117942","318807","436749"
"2015-06-02","Int4Datum.java","118100","366469","484569"
"2014-04-24","Int4Datum.java","113707","173974","287681"
"2014-08-01","Int4Datum.java","114673","203807","318480"
"2014-01-27","Int4Datum.java","20560","46657","67217"
"2015-07-20","LogicalOptimizer.java","83567","382932","466499"
"2014-10-25","LogicalOptimizer.java","82572","278819","361391"
"2015-12-04","LogicalOptimizer.java","84587","425764","510351"
"2014-06-24","LogicalOptimizer.java","82129","205939","288068"
"2013-10-11","LogicalOptimizer.java","35302","72929","108231"
"2013-08-12","LogicalOptimizer.java","17149","10701","27850"
"2014-01-17","LogicalOptimizer.java","50436","118362","168798"
"2015-07-30","LogicalOptimizer.java","83983","381555","465538"
"2015-10-20","LogicalOptimizer.java","84573","421765","506338"
"2015-07-22","LogicalOptimizer.java","83983","381308","465291"
"2015-07-24","LogicalOptimizer.java","83983","381759","465742"
"2015-08-14","LogicalOptimizer.java","84209","390783","474992"
"2013-12-05","LogicalOptimizer.java","47339","96431","143770"
"2013-12-30","LogicalOptimizer.java","49243","108959","158202"
"2015-09-23","LogicalOptimizer.java","84547","417246","501793"
"2015-12-04","LogicalOptimizer.java","128062","169874","297936"
"2015-07-30","LogicalOptimizer.java","18640","16847","35487"
"2015-10-20","LogicalOptimizer.java","125414","163241","288655"
"2015-07-22","LogicalOptimizer.java","13334","11294","24628"
"2015-07-24","LogicalOptimizer.java","16772","15183","31955"
"2015-08-14","LogicalOptimizer.java","22597","29806","52403"
"2015-09-23","LogicalOptimizer.java","124376","157710","282086"
"2015-06-02","Int4Datum.java","23393","70897","94290"
"2015-07-20","LogicalOptimizer.java","78093","181211","259304"
"2015-12-04","LogicalOptimizer.java","125476","270406","395882"
"2015-07-30","LogicalOptimizer.java","85894","187219","273113"
"2015-10-20","LogicalOptimizer.java","124377","265322","389699"
"2015-07-22","LogicalOptimizer.java","85037","186115","271152"
"2015-07-24","LogicalOptimizer.java","85867","187396","273263"
"2015-08-14","LogicalOptimizer.java","87981","198308","286289"
"2015-09-23","LogicalOptimizer.java","123995","260447","384442"
"2015-07-20","LogicalOptimizer.java","97768","273323","371091"
"2014-10-25","LogicalOptimizer.java","39027","111464","150491"
"2015-12-04","LogicalOptimizer.java","134338","351705","486043"
"2015-07-30","LogicalOptimizer.java","103835","277597","381432"
"2015-10-20","LogicalOptimizer.java","133731","347113","480844"
"2015-07-22","LogicalOptimizer.java","103241","276756","379997"
"2015-07-24","LogicalOptimizer.java","103828","277794","381622"
"2015-08-14","LogicalOptimizer.java","105497","288261","393758"
"2015-09-23","LogicalOptimizer.java","133516","342405","475921"
"2015-07-20","LogicalOptimizer.java","114909","376647","491556"
"2014-10-25","LogicalOptimizer.java","113608","272228","385836"
"2015-12-04","LogicalOptimizer.java","116200","419750","535950"
"2014-06-24","LogicalOptimizer.java","112844","199027","311871"
"2014-01-17","LogicalOptimizer.java","27194","57493","84687"
"2015-07-30","LogicalOptimizer.java","115403","375348","490751"
"2015-10-20","LogicalOptimizer.java","116131","415696","531827"
"2015-07-22","LogicalOptimizer.java","115400","375098","490498"
"2015-07-24","LogicalOptimizer.java","115403","375552","490955"
"2015-08-14","LogicalOptimizer.java","115689","384636","500325"
"2013-12-05","LogicalOptimizer.java","17848","29313","47161"
"2013-12-30","LogicalOptimizer.java","22072","44161","66233"
"2015-09-23","LogicalOptimizer.java","116073","411145","527218"
"2014-06-25","Int4Datum.java","8398","23870","32268"
"2015-04-10","Int4Datum.java","84600","225198","309798"
"2015-06-02","Int4Datum.java","92613","280715","373328"
"2014-08-01","Int4Datum.java","10816","39683","50499"
"2015-07-20","LogicalOptimizer.java","75593","381406","456999"
"2014-10-25","LogicalOptimizer.java","74568","277263","351831"
"2015-12-04","LogicalOptimizer.java","76669","424294","500963"
"2014-06-24","LogicalOptimizer.java","74106","204364","278470"
"2013-10-11","LogicalOptimizer.java","20752","64827","85579"
"2014-01-17","LogicalOptimizer.java","38135","112509","150644"
"2015-07-30","LogicalOptimizer.java","76027","380047","456074"
"2015-10-20","LogicalOptimizer.java","76646","420286","496932"
"2015-07-22","LogicalOptimizer.java","76023","379796","455819"
"2015-07-24","LogicalOptimizer.java","76027","380251","456278"
"2015-08-14","LogicalOptimizer.java","76268","389290","465558"
"2013-12-05","LogicalOptimizer.java","33161","88701","121862"
"2013-12-30","LogicalOptimizer.java","35788","101952","137740"
"2015-09-23","LogicalOptimizer.java","76607","415754","492361"
"2015-04-10","Int4Datum.java","86194","197925","284119"
"2015-06-02","Int4Datum.java","97860","257095","354955"
"2015-07-20","LogicalOptimizer.java","134285","365724","500009"
"2014-10-25","LogicalOptimizer.java","128255","256576","384831"
"2015-12-04","LogicalOptimizer.java","135942","409193","545135"
"2014-06-24","LogicalOptimizer.java","127051","182935","309986"
"2015-07-30","LogicalOptimizer.java","134812","364458","499270"
"2015-10-20","LogicalOptimizer.java","135856","405122","540978"
"2015-07-22","LogicalOptimizer.java","134808","364207","499015"
"2015-07-24","LogicalOptimizer.java","134812","364662","499474"
"2015-08-14","LogicalOptimizer.java","135186","373834","509020"
"2015-09-23","LogicalOptimizer.java","135775","400548","536323"
"2014-06-25","Int4Datum.java","127298","176940","304238"
"2015-04-10","Int4Datum.java","133813","308581","442394"
"2015-06-02","Int4Datum.java","135023","357295","492318"
"2014-04-24","Int4Datum.java","126415","160585","287000"
"2014-08-01","Int4Datum.java","127967","191004","318971"
"2015-12-04","LogicalOptimizer.java","116135","159740","275875"
"2015-10-20","LogicalOptimizer.java","113354","152974","266328"
"2015-08-14","LogicalOptimizer.java","5541","14543","20084"
"2015-09-23","LogicalOptimizer.java","112017","147144","259161"
"2013-09-30","Int8Datum.java","32757","45342","78099"
"2013-09-14","Int8Datum.java","29292","38661","67953"
"2014-06-25","Int8Datum.java","82124","201862","283986"
"2013-10-02","Int8Datum.java","33398","50503","83901"
"2013-12-23","Int8Datum.java","48415","106732","155147"
"2015-04-10","Int8Datum.java","83604","328468","412072"
"2015-06-02","Int8Datum.java","83566","375934","459500"
"2014-04-24","Int8Datum.java","81830","186096","267926"
"2014-08-01","Int8Datum.java","82324","215457","297781"
"2014-01-27","Int8Datum.java","51302","121398","172700"
"2015-12-04","LogicalOptimizer.java","4443","8428","12871"
"2014-06-25","Int8Datum.java","91241","198394","289635"
"2013-10-02","Int8Datum.java","723","5243","5966"
"2013-12-23","Int8Datum.java","25258","70990","96248"
"2015-04-10","Int8Datum.java","93162","325441","418603"
"2015-06-02","Int8Datum.java","93144","372927","466071"
"2014-04-24","Int8Datum.java","90901","182582","273483"
"2014-08-01","Int8Datum.java","91617","212165","303782"
"2014-01-27","Int8Datum.java","33179","90690","123869"
"2013-09-30","Int8Datum.java","6586","9802","16388"
"2014-06-25","Int8Datum.java","88528","198897","287425"
"2013-10-02","Int8Datum.java","7274","15010","22284"
"2013-12-23","Int8Datum.java","29187","78135","107322"
"2015-04-10","Int8Datum.java","90416","325911","416327"
"2015-06-02","Int8Datum.java","90388","373387","463775"
"2014-04-24","Int8Datum.java","88190","183087","271277"
"2014-08-01","Int8Datum.java","88905","212669","301574"
"2014-01-27","Int8Datum.java","35700","96427","132127"
"2015-07-29","HistoryReader.java","66267","140325","206592"
"2015-08-03","HistoryReader.java","68783","146167","214950"
"2015-01-23","HistoryReader.java","19392","23808","43200"
"2015-09-23","HistoryReader.java","112836","221622","334458"
"2015-04-10","Int8Datum.java","82889","208015","290904"
"2015-06-02","Int8Datum.java","92263","264893","357156"
"2014-08-01","Int8Datum.java","2987","16382","19369"
"2015-01-23","HistoryWriter.java","52706","73787","126493"
"2015-07-20","HistoryWriter.java","86231","173935","260166"
"2015-09-23","HistoryWriter.java","129292","254743","384035"
"2015-03-03","HistoryWriter.java","57836","82093","139929"
"2015-04-19","HistoryWriter.java","67688","108974","176662"
"2014-12-22","HistoryWriter.java","39364","56529","95893"
"2015-12-04","LogicalOptimizer.java","118250","162102","280352"
"2015-07-30","LogicalOptimizer.java","5401","5648","11049"
"2015-10-20","LogicalOptimizer.java","115582","155449","271031"
"2015-07-24","LogicalOptimizer.java","3494","3945","7439"
"2015-08-14","LogicalOptimizer.java","10815","20064","30879"
"2015-09-23","LogicalOptimizer.java","114292","149666","263958"
"2014-06-25","Int8Datum.java","95572","198205","293777"
"2013-12-23","Int8Datum.java","26002","67214","93216"
"2015-04-10","Int8Datum.java","97511","325270","422781"
"2015-06-02","Int8Datum.java","97493","372756","470249"
"2014-04-24","Int8Datum.java","95211","182372","277583"
"2014-08-01","Int8Datum.java","95962","211990","307952"
"2014-01-27","Int8Datum.java","34061","87052","121113"
"2015-07-20","HistoryWriter.java","45894","112517","158411"
"2015-09-23","HistoryWriter.java","100280","204650","304930"
"2015-03-03","HistoryWriter.java","6365","9541","15906"
"2015-04-19","HistoryWriter.java","18380","38585","56965"
"2015-12-04","LogicalOptimizer.java","115860","159261","275121"
"2015-07-30","LogicalOptimizer.java","1910","1706","3616"
"2015-10-20","LogicalOptimizer.java","113119","152535","265654"
"2015-08-14","LogicalOptimizer.java","7361","16159","23520"
"2015-09-23","LogicalOptimizer.java","111793","146716","258509"
"2015-09-23","HistoryWriter.java","115773","153520","269293"
"2015-12-04","LogicalOptimizer.java","114116","148719","262835"
"2015-10-20","LogicalOptimizer.java","111268","141886","253154"
"2015-09-23","LogicalOptimizer.java","109758","135883","245641"
"2015-07-20","HistoryWriter.java","40420","103867","144287"
"2015-09-23","HistoryWriter.java","96372","197566","293938"
"2015-04-19","HistoryWriter.java","12135","29164","41299"
"2014-06-25","Int8Datum.java","125998","187419","313417"
"2015-04-10","Int8Datum.java","129924","316471","446395"
"2015-06-02","Int8Datum.java","130721","364772","495493"
"2014-04-24","Int8Datum.java","125375","171324","296699"
"2014-08-01","Int8Datum.java","126584","201400","327984"
"2014-01-27","Int8Datum.java","19084","30863","49947"
"2015-06-02","Int8Datum.java","23393","70897","94290"
"2015-07-20","HistoryWriter.java","31835","78253","110088"
"2015-09-23","HistoryWriter.java","92539","176704","269243"
"2015-07-20","LogicalOptimizer.java","123110","373383","496493"
"2014-10-25","LogicalOptimizer.java","119906","267061","386967"
"2015-12-04","LogicalOptimizer.java","124431","416516","540947"
"2014-06-24","LogicalOptimizer.java","118917","193635","312552"
"2014-01-17","LogicalOptimizer.java","17202","36036","53238"
"2015-07-30","LogicalOptimizer.java","123574","372054","495628"
"2015-10-20","LogicalOptimizer.java","124352","412452","536804"
"2015-07-22","LogicalOptimizer.java","123570","371803","495373"
"2015-07-24","LogicalOptimizer.java","123574","372258","495832"
"2015-08-14","LogicalOptimizer.java","123897","381379","505276"
"2013-12-30","LogicalOptimizer.java","11377","22001","33378"
"2015-09-23","LogicalOptimizer.java","124290","407897","532187"
"2015-07-20","LogicalOptimizer.java","127799","367448","495247"
"2014-10-25","LogicalOptimizer.java","122367","258898","381265"
"2015-12-04","LogicalOptimizer.java","129467","410928","540395"
"2014-06-24","LogicalOptimizer.java","121274","185368","306642"
"2014-01-17","LogicalOptimizer.java","7041","15251","22292"
"2015-07-30","LogicalOptimizer.java","128323","366179","494502"
"2015-10-20","LogicalOptimizer.java","129387","406863","536250"
"2015-07-22","LogicalOptimizer.java","128319","365928","494247"
"2015-07-24","LogicalOptimizer.java","128323","366383","494706"
"2015-08-14","LogicalOptimizer.java","128685","375543","504228"
"2015-09-23","LogicalOptimizer.java","129296","402279","531575"
"2014-06-25","Int8Datum.java","8398","23870","32268"
"2015-04-10","Int8Datum.java","84600","225198","309798"
"2015-06-02","Int8Datum.java","92613","280715","373328"
"2014-08-01","Int8Datum.java","10816","39683","50499"
"2015-04-10","Int8Datum.java","86194","197925","284119"
"2015-06-02","Int8Datum.java","97860","257095","354955"
"2015-12-04","LogicalOptimizer.java","6260","14738","20998"
"2015-10-20","LogicalOptimizer.java","1950","6443","8393"
"2014-06-25","Int8Datum.java","127298","176940","304238"
"2015-04-10","Int8Datum.java","133813","308581","442394"
"2015-06-02","Int8Datum.java","135023","357295","492318"
"2014-04-24","Int8Datum.java","126415","160585","287000"
"2014-08-01","Int8Datum.java","127967","191004","318971"
"2014-05-22","IntervalDatum.java","2925","16860","19785"
"2014-04-30","IntervalDatum.java","303","975","1278"
"2015-04-10","IntervalDatum.java","84600","225198","309798"
"2014-08-01","IntervalDatum.java","10816","39683","50499"
"2015-04-10","IntervalDatum.java","85907","212570","298477"
"2014-08-01","IntervalDatum.java","8163","23095","31258"
"2014-05-22","IntervalDatum.java","2652","15915","18567"
"2015-04-10","IntervalDatum.java","84830","224756","309586"
"2014-08-01","IntervalDatum.java","10568","38763","49331"
"2013-09-21","LogicalPlan.java","18954","36314","55268"
"2014-10-25","LogicalPlan.java","75690","277886","353576"
"2014-02-21","LogicalPlan.java","51133","134725","185858"
"2014-01-17","LogicalPlan.java","40534","114409","154943"
"2013-09-23","LogicalPlan.java","19417","36875","56292"
"2015-09-23","LogicalPlan.java","77668","416290","493958"
"2015-03-24","LogicalPlan.java","76719","320148","396867"
"2014-04-08","LogicalPlan.java","52347","156844","209191"
"2014-07-09","LogicalPlan.java","75237","206837","282074"
"2014-02-17","LogicalPlan.java","50810","133154","183964"
"2014-08-13","LogicalPlan.java","75454","217530","292984"
"2015-06-25","LogicalPlan.java","76682","378893","455575"
"2013-09-04","LogicalPlan.java","15147","21700","36847"
"2013-09-18","LogicalPlan.java","18896","35673","54569"
"2013-09-16","LogicalPlan.java","18148","35202","53350"
"2014-07-22","LogicalPlan.java","75363","212880","288243"
"2014-06-12","LogicalPlan.java","75245","203415","278660"
"2013-10-11","LogicalPlan.java","23940","67516","91456"
"2015-07-22","LogicalPlan.java","77102","380376","457478"
"2015-10-20","LogicalPlan.java","77699","420840","498539"
"2014-01-20","LogicalPlan.java","40568","114792","155360"
"2014-03-27","LogicalPlan.java","52014","147985","199999"
"2015-07-30","LogicalPlan.java","77179","383658","460837"
"2014-06-05","LogicalPlan.java","75245","202127","277372"
"2014-06-02","LogicalPlan.java","75245","201728","276973"
"2014-10-25","LogicalPlan.java","91106","275942","367048"
"2014-02-21","LogicalPlan.java","48554","114786","163340"
"2014-01-17","LogicalPlan.java","33497","90012","123509"
"2013-09-23","LogicalPlan.java","1077","1175","2252"
"2015-09-23","LogicalPlan.java","93356","414618","507974"
"2015-03-24","LogicalPlan.java","92347","318416","410763"
"2014-04-08","LogicalPlan.java","53751","140888","194639"
"2014-07-09","LogicalPlan.java","90452","204692","295144"
"2014-02-17","LogicalPlan.java","47941","112925","160866"
"2014-08-13","LogicalPlan.java","90852","215568","306420"
"2015-06-25","LogicalPlan.java","92323","377174","469497"
"2014-07-22","LogicalPlan.java","90753","210910","301663"
"2014-06-12","LogicalPlan.java","90458","201268","291726"
"2013-10-11","LogicalPlan.java","9438","35654","45092"
"2015-07-22","LogicalPlan.java","92758","378672","471430"
"2015-10-20","LogicalPlan.java","93408","419189","512597"
"2014-01-20","LogicalPlan.java","33530","90394","123924"
"2014-03-27","LogicalPlan.java","53321","131932","185253"
"2015-07-30","LogicalPlan.java","92841","381960","474801"
"2014-06-05","LogicalPlan.java","90458","199980","290438"
"2014-06-02","LogicalPlan.java","90458","199581","290039"
"2015-09-23","LogicalPlan.java","123979","260405","384384"
"2015-03-24","LogicalPlan.java","59295","100528","159823"
"2015-06-25","LogicalPlan.java","77336","177351","254687"
"2015-07-22","LogicalPlan.java","85037","186115","271152"
"2015-10-20","LogicalPlan.java","124377","265322","389699"
"2015-07-30","LogicalPlan.java","86568","190851","277419"
"2014-10-25","LogicalPlan.java","120151","238755","358906"
"2015-09-23","LogicalPlan.java","143425","398455","541880"
"2015-03-24","LogicalPlan.java","139593","299430","439023"
"2014-04-08","LogicalPlan.java","12690","33595","46285"
"2014-07-09","LogicalPlan.java","112511","160519","273030"
"2014-08-13","LogicalPlan.java","113544","172028","285572"
"2015-06-25","LogicalPlan.java","141466","360085","501551"
"2014-07-22","LogicalPlan.java","113360","167285","280645"
"2014-06-12","LogicalPlan.java","112310","156888","269198"
"2015-07-22","LogicalPlan.java","142198","361880","504078"
"2015-10-20","LogicalPlan.java","143522","403071","546593"
"2014-03-27","LogicalPlan.java","11465","23844","35309"
"2015-07-30","LogicalPlan.java","142320","365207","507527"
"2014-06-05","LogicalPlan.java","112238","155528","267766"
"2014-06-02","LogicalPlan.java","112241","155132","267373"
"2014-10-25","LogicalPlan.java","128255","256576","384831"
"2014-02-21","LogicalPlan.java","29432","39149","68581"
"2015-09-23","LogicalPlan.java","135764","400511","536275"
"2015-03-24","LogicalPlan.java","132717","302271","434988"
"2014-04-08","LogicalPlan.java","39789","70411","110200"
"2014-07-09","LogicalPlan.java","127179","184904","312083"
"2014-02-17","LogicalPlan.java","27736","36205","63941"
"2014-08-13","LogicalPlan.java","127770","195971","323741"
"2015-06-25","LogicalPlan.java","134197","362533","496730"
"2014-07-22","LogicalPlan.java","127613","191255","318868"
"2014-06-12","LogicalPlan.java","127054","181349","308403"
"2015-07-22","LogicalPlan.java","134808","364207","499015"
"2015-10-20","LogicalPlan.java","135856","405122","540978"
"2014-01-20","LogicalPlan.java","312","661","973"
"2014-03-27","LogicalPlan.java","38807","60903","99710"
"2015-07-30","LogicalPlan.java","134898","367502","502400"
"2014-06-05","LogicalPlan.java","126982","179989","306971"
"2014-06-02","LogicalPlan.java","126986","179594","306580"
"2014-10-25","LogicalPlan.java","91119","275857","366976"
"2014-02-21","LogicalPlan.java","47922","114056","161978"
"2014-01-17","LogicalPlan.java","32815","89232","122047"
"2015-09-23","LogicalPlan.java","93376","414540","507916"
"2015-03-24","LogicalPlan.java","92366","318337","410703"
"2014-04-08","LogicalPlan.java","53133","140172","193305"
"2014-07-09","LogicalPlan.java","90464","204606","295070"
"2014-02-17","LogicalPlan.java","47281","112167","159448"
"2014-08-13","LogicalPlan.java","90865","215483","306348"
"2015-06-25","LogicalPlan.java","92342","377095","469437"
"2014-07-22","LogicalPlan.java","90766","210825","301591"
"2014-06-12","LogicalPlan.java","90470","201182","291652"
"2013-10-11","LogicalPlan.java","8596","34714","43310"
"2015-07-22","LogicalPlan.java","92778","378594","471372"
"2015-10-20","LogicalPlan.java","93428","419111","512539"
"2014-01-20","LogicalPlan.java","32848","89614","122462"
"2014-03-27","LogicalPlan.java","52694","131207","183901"
"2015-07-30","LogicalPlan.java","92861","381882","474743"
"2014-06-05","LogicalPlan.java","90470","199894","290364"
"2014-06-02","LogicalPlan.java","90470","199495","289965"
"2015-10-20","LogicalPlan.java","1998","6517","8515"
"2015-09-23","LogicalPlan.java","94899","190092","284991"
"2015-06-25","LogicalPlan.java","29349","88131","117480"
"2015-07-22","LogicalPlan.java","40688","100533","141221"
"2015-10-20","LogicalPlan.java","95600","195312","290912"
"2015-07-30","LogicalPlan.java","46051","109101","155152"
"2014-10-25","LogicalPlan.java","127845","225544","353389"
"2015-09-23","LogicalPlan.java","158136","392261","550397"
"2015-03-24","LogicalPlan.java","152138","291070","443208"
"2014-07-09","LogicalPlan.java","119590","146693","266283"
"2014-08-13","LogicalPlan.java","120739","158318","279057"
"2015-06-25","LogicalPlan.java","154974","352688","507662"
"2014-07-22","LogicalPlan.java","120506","153526","274032"
"2014-06-12","LogicalPlan.java","119258","142931","262189"
"2015-07-22","LogicalPlan.java","156141","354918","511059"
"2015-10-20","LogicalPlan.java","158278","396922","555200"
"2015-07-30","LogicalPlan.java","156359","358341","514700"
"2014-06-05","LogicalPlan.java","119182","141567","260749"
"2014-06-02","LogicalPlan.java","119181","141167","260348"
"2014-10-25","LogicalPlan.java","35808","106404","142212"
"2015-09-23","LogicalPlan.java","133471","340493","473964"
"2015-03-24","LogicalPlan.java","82515","194344","276859"
"2014-08-13","LogicalPlan.java","3329","13805","17134"
"2015-06-25","LogicalPlan.java","95303","265914","361217"
"2014-07-22","LogicalPlan.java","1756","7673","9429"
"2015-07-22","LogicalPlan.java","101142","272816","373958"
"2015-10-20","LogicalPlan.java","133700","345241","478941"
"2015-07-30","LogicalPlan.java","102351","277230","379581"
"2014-10-25","LogicalPlan.java","119732","239584","359316"
"2014-02-21","LogicalPlan.java","2325","3573","5898"
"2015-09-23","LogicalPlan.java","142573","398851","541424"
"2015-03-24","LogicalPlan.java","139067","300152","439219"
"2014-04-08","LogicalPlan.java","14110","36263","50373"
"2014-07-09","LogicalPlan.java","112119","161375","273494"
"2014-08-13","LogicalPlan.java","113148","172880","286028"
"2015-06-25","LogicalPlan.java","140764","360631","501395"
"2014-07-22","LogicalPlan.java","112964","168137","281101"
"2014-06-12","LogicalPlan.java","111951","157777","269728"
"2015-07-22","LogicalPlan.java","141452","362382","503834"
"2015-10-20","LogicalPlan.java","142671","403468","546139"
"2014-03-27","LogicalPlan.java","12906","26533","39439"
"2015-07-30","LogicalPlan.java","141564","365699","507263"
"2014-06-05","LogicalPlan.java","111879","156417","268296"
"2014-06-02","LogicalPlan.java","111883","156022","267905"
"2015-04-10","IntervalDatum.java","86194","197925","284119"
"2014-10-25","LogicalPlan.java","34320","94440","128760"
"2015-09-23","LogicalPlan.java","140067","336613","476680"
"2015-03-24","LogicalPlan.java","84694","186047","270741"
"2015-06-25","LogicalPlan.java","99573","259708","359281"
"2015-07-22","LogicalPlan.java","105482","266680","372162"
"2015-10-20","LogicalPlan.java","140297","341362","481659"
"2015-07-30","LogicalPlan.java","106723","271126","377849"
"2015-01-23","HistoryWriter.java","17881","21797","39678"
"2015-07-20","HistoryWriter.java","59850","130389","190239"
"2015-09-23","HistoryWriter.java","111828","220114","331942"
"2015-03-03","HistoryWriter.java","23457","30549","54006"
"2015-04-19","HistoryWriter.java","34830","58951","93781"
"2015-09-23","LogicalPlan.java","124229","160640","284869"
"2015-07-22","LogicalPlan.java","19007","20070","39077"
"2015-10-20","LogicalPlan.java","125221","166151","291372"
"2015-07-30","LogicalPlan.java","25423","29691","55114"
"2013-09-21","LogicalPlan.java","5974","16781","22755"
"2014-10-25","LogicalPlan.java","80777","276420","357197"
"2014-02-21","LogicalPlan.java","44962","122001","166963"
"2014-01-17","LogicalPlan.java","33046","100368","133414"
"2013-09-23","LogicalPlan.java","6929","17834","24763"
"2015-09-23","LogicalPlan.java","82989","415058","498047"
"2015-03-24","LogicalPlan.java","81991","318867","400858"
"2014-04-08","LogicalPlan.java","46987","144931","191918"
"2014-07-09","LogicalPlan.java","80294","205341","285635"
"2014-02-17","LogicalPlan.java","44481","120272","164753"
"2014-08-13","LogicalPlan.java","80524","216047","296571"
"2015-06-25","LogicalPlan.java","81960","377618","459578"
"2013-09-18","LogicalPlan.java","5734","15958","21692"
"2013-09-16","LogicalPlan.java","4863","15364","20227"
"2014-07-22","LogicalPlan.java","80433","211397","291830"
"2014-06-12","LogicalPlan.java","80302","201919","282221"
"2013-10-11","LogicalPlan.java","12051","49074","61125"
"2015-07-22","LogicalPlan.java","82392","379113","461505"
"2015-10-20","LogicalPlan.java","83026","419614","502640"
"2014-01-20","LogicalPlan.java","33079","100750","133829"
"2014-03-27","LogicalPlan.java","46610","136028","182638"
"2015-07-30","LogicalPlan.java","82475","382401","464876"
"2014-06-05","LogicalPlan.java","80302","200631","280933"
"2014-06-02","LogicalPlan.java","80302","200232","280534"
"2013-09-21","LogicalPlan.java","341","924","1265"
"2014-10-25","LogicalPlan.java","90546","275965","366511"
"2014-02-21","LogicalPlan.java","48447","115262","163709"
"2014-01-17","LogicalPlan.java","33422","90520","123942"
"2013-09-23","LogicalPlan.java","1410","2091","3501"
"2015-09-23","LogicalPlan.java","92796","414641","507437"
"2015-03-24","LogicalPlan.java","91787","318439","410226"
"2014-04-08","LogicalPlan.java","53641","141361","195002"
"2014-07-09","LogicalPlan.java","89892","204715","294607"
"2014-02-17","LogicalPlan.java","47834","113401","161235"
"2014-08-13","LogicalPlan.java","90292","215591","305883"
"2015-06-25","LogicalPlan.java","91763","377197","468960"
"2014-07-22","LogicalPlan.java","90193","210933","301126"
"2014-06-12","LogicalPlan.java","89898","201291","291189"
"2013-10-11","LogicalPlan.java","9640","36439","46079"
"2015-07-22","LogicalPlan.java","92198","378695","470893"
"2015-10-20","LogicalPlan.java","92846","419210","512056"
"2014-01-20","LogicalPlan.java","33456","90903","124359"
"2014-03-27","LogicalPlan.java","53211","132405","185616"
"2015-07-30","LogicalPlan.java","92281","381983","474264"
"2014-06-05","LogicalPlan.java","89898","200003","289901"
"2014-06-02","LogicalPlan.java","89898","199604","289502"
"2014-08-23","NullDatum.java","82390","271489","353879"
"2013-09-14","NullDatum.java","29292","38661","67953"
"2013-12-23","NullDatum.java","48415","106732","155147"
"2013-09-21","LogicalPlan.java","1369","1675","3044"
"2014-10-25","LogicalPlan.java","90841","275983","366824"
"2014-02-21","LogicalPlan.java","48964","115502","164466"
"2014-01-17","LogicalPlan.java","33977","90798","124775"
"2013-09-23","LogicalPlan.java","2418","2822","5240"
"2015-09-23","LogicalPlan.java","93091","414659","507750"
"2015-03-24","LogicalPlan.java","92082","318457","410539"
"2014-04-08","LogicalPlan.java","54156","141599","195755"
"2014-07-09","LogicalPlan.java","90186","204732","294918"
"2014-02-17","LogicalPlan.java","48387","113677","162064"
"2014-08-13","LogicalPlan.java","90587","215609","306196"
"2015-06-25","LogicalPlan.java","92058","377215","469273"
"2013-09-18","LogicalPlan.java","1038","761","1799"
"2014-07-22","LogicalPlan.java","90488","210951","301439"
"2014-06-12","LogicalPlan.java","90192","201308","291500"
"2013-10-11","LogicalPlan.java","10623","37145","47768"
"2015-07-22","LogicalPlan.java","92493","378713","471206"
"2015-10-20","LogicalPlan.java","93141","419228","512369"
"2014-01-20","LogicalPlan.java","34011","91181","125192"
"2014-03-27","LogicalPlan.java","53727","132644","186371"
"2015-07-30","LogicalPlan.java","92576","382001","474577"
"2014-06-05","LogicalPlan.java","90192","200020","290212"
"2014-06-02","LogicalPlan.java","90192","199621","289813"
"2014-10-25","LogicalPlan.java","35159","99838","134997"
"2015-09-23","LogicalPlan.java","137855","338960","476815"
"2015-03-24","LogicalPlan.java","84364","190276","274640"
"2014-08-13","LogicalPlan.java","1732","6291","8023"
"2015-06-25","LogicalPlan.java","98795","263489","362284"
"2015-07-22","LogicalPlan.java","104663","270420","375083"
"2015-10-20","LogicalPlan.java","138084","343708","481792"
"2015-07-30","LogicalPlan.java","105878","274840","380718"
"2014-10-25","LogicalPlan.java","38574","112600","151174"
"2015-09-23","LogicalPlan.java","132015","342467","474482"
"2015-03-24","LogicalPlan.java","84972","200231","285203"
"2014-07-09","LogicalPlan.java","5331","8761","14092"
"2014-08-13","LogicalPlan.java","8473","22379","30852"
"2015-06-25","LogicalPlan.java","96217","270258","366475"
"2014-07-22","LogicalPlan.java","7014","16361","23375"
"2015-07-22","LogicalPlan.java","102044","277148","379192"
"2015-10-20","LogicalPlan.java","132242","347213","479455"
"2015-07-30","LogicalPlan.java","103211","281520","384731"
"2014-10-25","LogicalPlan.java","113608","272228","385836"
"2014-02-21","LogicalPlan.java","47373","87389","134762"
"2014-01-17","LogicalPlan.java","27194","57493","84687"
"2015-09-23","LogicalPlan.java","116062","411108","527170"
"2015-03-24","LogicalPlan.java","114894","314747","429641"
"2014-04-08","LogicalPlan.java","54547","115468","170015"
"2014-07-09","LogicalPlan.java","112901","200925","313826"
"2014-02-17","LogicalPlan.java","46352","85120","131472"
"2014-08-13","LogicalPlan.java","113316","211816","325132"
"2015-06-25","LogicalPlan.java","114907","373542","488449"
"2014-07-22","LogicalPlan.java","113203","207144","320347"
"2014-06-12","LogicalPlan.java","112851","197445","310296"
"2015-07-22","LogicalPlan.java","115400","375098","490498"
"2015-10-20","LogicalPlan.java","116131","415696","531827"
"2014-01-20","LogicalPlan.java","27240","57888","85128"
"2014-03-27","LogicalPlan.java","54053","106448","160501"
"2015-07-30","LogicalPlan.java","115485","378388","493873"
"2014-06-05","LogicalPlan.java","112851","196157","309008"
"2014-06-02","LogicalPlan.java","112851","195758","308609"
"2014-08-23","NullDatum.java","88991","268721","357712"
"2013-12-23","NullDatum.java","29187","78135","107322"
"2015-09-23","LogicalPlan.java","114263","149611","263874"
"2015-10-20","LogicalPlan.java","115582","155449","271031"
"2015-07-30","LogicalPlan.java","6598","9803","16401"
"2014-08-23","NullDatum.java","126718","257500","384218"
"2014-12-22","QueryHistory.java","39364","56529","95893"
"2013-12-08","NumericDatum.java","47350","97341","144691"
"2015-01-05","TextUtils.java","96263","306594","402857"
"2014-12-18","StageHistory.java","36471","53136","89607"
"2014-12-22","StageHistory.java","39364","56529","95893"
"2014-12-22","StageHistory.java","3167","3667","6834"
"2015-09-16","ProtobufDatumFactory.java","98160","405035","503195"
"2014-07-29","TextDatum.java","82254","214654","296908"
"2013-12-23","TextDatum.java","48415","106732","155147"
"2014-08-13","TextDatum.java","82346","218529","300875"
"2013-12-02","TextDatum.java","47320","93216","140536"
"2015-03-24","TextDatum.java","83603","320421","404024"
"2013-10-02","TextDatum.java","33398","50503","83901"
"2013-11-29","TextDatum.java","47303","91302","138605"
"2014-08-13","TextDatum.java","1576","5359","6935"
"2015-03-24","TextDatum.java","84306","188724","273030"
"2014-07-29","TextDatum.java","126498","200581","327079"
"2014-08-13","TextDatum.java","126650","204516","331166"
"2015-03-24","TextDatum.java","129894","308395","438289"
"2015-03-24","TextDatum.java","84677","185312","269989"
"2014-07-29","TextDatum.java","116473","202977","319450"
"2013-12-23","TextDatum.java","4409","16830","21239"
"2014-08-13","TextDatum.java","116618","206905","323523"
"2015-03-24","TextDatum.java","119796","310718","430514"
"2014-10-25","LogicalPlan.java","128342","256314","384656"
"2014-02-21","LogicalPlan.java","29164","38532","67696"
"2015-09-23","LogicalPlan.java","135852","400250","536102"
"2015-03-24","LogicalPlan.java","132804","302009","434813"
"2014-04-08","LogicalPlan.java","39638","69911","109549"
"2014-07-09","LogicalPlan.java","127266","184642","311908"
"2014-02-17","LogicalPlan.java","27465","35585","63050"
"2014-08-13","LogicalPlan.java","127857","195709","323566"
"2015-06-25","LogicalPlan.java","134284","362271","496555"
"2014-07-22","LogicalPlan.java","127700","190993","318693"
"2014-06-12","LogicalPlan.java","127136","181082","308218"
"2015-07-22","LogicalPlan.java","134895","363945","498840"
"2015-10-20","LogicalPlan.java","135944","404861","540805"
"2014-03-27","LogicalPlan.java","38541","60288","98829"
"2015-07-30","LogicalPlan.java","134985","367240","502225"
"2014-06-05","LogicalPlan.java","127064","179722","306786"
"2014-06-02","LogicalPlan.java","127068","179327","306395"
"2015-07-20","TaskHistory.java","86231","173935","260166"
"2014-12-18","TaskHistory.java","36471","53136","89607"
"2015-01-28","JSPUtil.java","91890","308244","400134"
"2013-10-10","JSPUtil.java","6895","31457","38352"
"2014-11-11","JSPUtil.java","91659","286616","378275"
"2013-10-31","JSPUtil.java","19720","45664","65384"
"2015-09-23","JSPUtil.java","93945","414353","508298"
"2014-03-01","JSPUtil.java","50729","118149","168878"
"2014-12-22","JSPUtil.java","91882","304004","395886"
"2015-07-20","JSPUtil.java","92899","375560","468459"
"2014-12-18","JSPUtil.java","91882","303504","395386"
"2014-03-01","JSPUtil.java","50729","118140","168869"
"2014-05-30","JSPUtil.java","90986","198836","289822"
"2015-07-29","JSPUtil.java","93381","379061","472442"
"2014-10-25","LogicalPlan.java","123928","230153","354081"
"2015-09-23","LogicalPlan.java","151009","393660","544669"
"2015-03-24","LogicalPlan.java","145454","292912","438366"
"2014-04-08","LogicalPlan.java","1497","10023","11520"
"2014-07-09","LogicalPlan.java","115835","151464","267299"
"2014-08-13","LogicalPlan.java","116921","163026","279947"
"2015-06-25","LogicalPlan.java","148049","354289","502338"
"2014-07-22","LogicalPlan.java","116705","158251","274956"
"2014-06-12","LogicalPlan.java","115514","147713","263227"
"2015-07-22","LogicalPlan.java","149155","356458","505613"
"2015-10-20","LogicalPlan.java","151139","398309","549448"
"2015-07-30","LogicalPlan.java","149365","359873","509238"
"2014-06-05","LogicalPlan.java","115442","146353","261795"
"2014-06-02","LogicalPlan.java","115443","145955","261398"
"2015-09-23","JSPUtil.java","99654","203708","303362"
"2015-07-20","JSPUtil.java","45166","111473","156639"
"2015-07-29","JSPUtil.java","50806","120132","170938"
"2015-01-28","JSPUtil.java","113080","304872","417952"
"2014-11-11","JSPUtil.java","112819","283214","396033"
"2013-10-31","JSPUtil.java","13441","14823","28264"
"2015-09-23","JSPUtil.java","115267","411113","526380"
"2014-03-01","JSPUtil.java","52400","95258","147658"
"2014-12-22","JSPUtil.java","113069","300629","413698"
"2015-07-20","JSPUtil.java","114123","372222","486345"
"2014-12-18","JSPUtil.java","113067","300127","413194"
"2014-03-01","JSPUtil.java","52400","95249","147649"
"2014-05-30","JSPUtil.java","112066","195354","307420"
"2015-07-29","JSPUtil.java","114607","375725","490332"
"2015-01-28","JSPUtil.java","52878","74275","127153"
"2015-09-23","JSPUtil.java","129292","254743","384035"
"2014-12-22","JSPUtil.java","39364","56529","95893"
"2015-07-20","JSPUtil.java","86231","173935","260166"
"2014-12-18","JSPUtil.java","36471","53136","89607"
"2015-07-29","JSPUtil.java","89762","180485","270247"
"2015-09-23","LogicalPlan.java","111715","143858","255573"
"2015-10-20","LogicalPlan.java","113141","149803","262944"
"2014-07-29","TextDatum.java","95878","211173","307051"
"2013-12-23","TextDatum.java","26002","67214","93216"
"2014-08-13","TextDatum.java","95991","215069","311060"
"2013-12-02","TextDatum.java","24082","52873","76955"
"2015-03-24","TextDatum.java","97507","317220","414727"
"2013-11-29","TextDatum.java","23857","50751","74608"
"2015-01-28","JSPUtil.java","111782","302192","413974"
"2014-11-11","JSPUtil.java","111481","280494","391975"
"2015-09-23","JSPUtil.java","115689","410153","525842"
"2014-03-01","JSPUtil.java","45054","86530","131584"
"2014-12-22","JSPUtil.java","111754","297932","409686"
"2015-07-20","JSPUtil.java","114558","371275","485833"
"2014-12-18","JSPUtil.java","111752","297430","409182"
"2014-03-01","JSPUtil.java","45053","86520","131573"
"2014-05-30","JSPUtil.java","110609","192515","303124"
"2015-07-29","JSPUtil.java","115007","374743","489750"
"2014-10-25","LogicalPlan.java","38569","113883","152452"
"2015-09-23","LogicalPlan.java","131144","342884","474028"
"2015-03-24","LogicalPlan.java","84776","201323","286099"
"2014-07-09","LogicalPlan.java","5495","10213","15708"
"2014-08-13","LogicalPlan.java","8608","23802","32410"
"2015-06-25","LogicalPlan.java","95768","271097","366865"
"2014-07-22","LogicalPlan.java","7162","17797","24959"
"2014-06-12","LogicalPlan.java","170","1458","1628"
"2015-07-22","LogicalPlan.java","101588","277980","379568"
"2015-10-20","LogicalPlan.java","131371","347630","479001"
"2015-07-30","LogicalPlan.java","102748","282345","385093"
"2014-07-29","TextDatum.java","114585","202986","317571"
"2013-12-23","TextDatum.java","4601","18919","23520"
"2014-08-13","TextDatum.java","114730","206914","321644"
"2013-12-02","TextDatum.java","331","2228","2559"
"2015-03-24","TextDatum.java","117907","310726","428633"
"2015-01-28","JSPUtil.java","138429","287363","425792"
"2014-11-11","JSPUtil.java","123957","251494","375451"
"2015-09-23","JSPUtil.java","145268","398256","543524"
"2014-12-22","JSPUtil.java","138360","283062","421422"
"2015-07-20","JSPUtil.java","143419","358660","502079"
"2014-12-18","JSPUtil.java","138358","282560","420918"
"2014-05-30","JSPUtil.java","113788","154218","268006"
"2015-07-29","JSPUtil.java","144045","362305","506350"
"2014-05-22","TimeDatum.java","121711","186609","308320"
"2015-06-02","TimeDatum.java","126395","365460","491855"
"2014-04-24","TimeDatum.java","121149","172112","293261"
"2015-04-10","TimeDatum.java","125689","317250","442939"
"2013-12-23","TimeDatum.java","3118","8132","11250"
"2014-06-25","TimeDatum.java","121746","188181","309927"
"2015-06-02","TimeDatum.java","94265","268432","362697"
"2015-04-10","TimeDatum.java","85907","212570","298477"
"2014-06-25","TimeDatum.java","5610","7147","12757"
"2015-01-28","JSPUtil.java","18261","22493","40754"
"2015-09-23","JSPUtil.java","111828","220114","331942"
"2015-07-20","JSPUtil.java","59850","130389","190239"
"2015-07-29","JSPUtil.java","65054","138612","203666"
"2015-09-23","JSPUtil.java","115773","153520","269293"
"2015-07-29","JSPUtil.java","7552","10571","18123"
"2014-10-25","LogicalPlan.java","38653","114366","153019"
"2015-09-23","LogicalPlan.java","130918","343057","473975"
"2015-03-24","LogicalPlan.java","84811","201757","286568"
"2014-07-09","LogicalPlan.java","5595","10712","16307"
"2014-08-13","LogicalPlan.java","8701","24294","32995"
"2015-06-25","LogicalPlan.java","95728","271456","367184"
"2014-07-22","LogicalPlan.java","7260","18294","25554"
"2014-06-12","LogicalPlan.java","273","1960","2233"
"2015-07-22","LogicalPlan.java","101547","278338","379885"
"2015-10-20","LogicalPlan.java","131145","347803","478948"
"2015-07-30","LogicalPlan.java","102707","282703","385410"
"2014-06-05","LogicalPlan.java","105","504","609"
"2014-05-22","TimeDatum.java","2925","16860","19785"
"2015-06-02","TimeDatum.java","92613","280715","373328"
"2015-04-10","TimeDatum.java","84600","225198","309798"
"2014-06-25","TimeDatum.java","8398","23870","32268"
"2015-06-02","TimeDatum.java","23393","70897","94290"
"2014-05-22","TimeDatum.java","125964","185848","311812"
"2015-06-02","TimeDatum.java","130721","364772","495493"
"2014-04-24","TimeDatum.java","125375","171324","296699"
"2015-04-10","TimeDatum.java","129924","316471","446395"
"2014-06-25","TimeDatum.java","125998","187419","313417"
"2015-01-28","JSPUtil.java","19771","24503","44274"
"2015-09-23","JSPUtil.java","112836","221622","334458"
"2014-12-22","JSPUtil.java","3167","3667","6834"
"2015-07-20","JSPUtil.java","61116","132155","193271"
"2015-07-29","JSPUtil.java","66267","140325","206592"
"2015-06-02","TimeDatum.java","92263","264893","357156"
"2015-04-10","TimeDatum.java","82889","208015","290904"
"2015-01-28","JSPUtil.java","138420","287363","425783"
"2014-11-11","JSPUtil.java","123948","251494","375442"
"2015-09-23","JSPUtil.java","145259","398256","543515"
"2014-12-22","JSPUtil.java","138351","283062","421413"
"2015-07-20","JSPUtil.java","143410","358660","502070"
"2014-12-18","JSPUtil.java","138349","282560","420909"
"2014-05-30","JSPUtil.java","113779","154218","267997"
"2015-07-29","JSPUtil.java","144036","362305","506341"
"2014-05-22","TimestampDatum.java","121399","187728","309127"
"2014-04-24","TimestampDatum.java","120959","173353","294312"
"2013-12-11","TimestampDatum.java","857","1939","2796"
"2014-01-23","TimestampDatum.java","18349","37220","55569"
"2015-06-02","TimestampDatum.java","125529","366025","491554"
"2015-08-20","TimestampDatum.java","126423","383133","509556"
"2015-10-08","TimestampDatum.java","126814","411789","538603"
"2015-04-10","TimestampDatum.java","125364","318356","443720"
"2013-07-26","LogicalPlanner.java","13947","7998","21945"
"2014-10-25","LogicalPlanner.java","82572","278819","361391"
"2015-06-24","LogicalPlanner.java","83566","379726","463292"
"2013-08-07","LogicalPlanner.java","13967","8437","22404"
"2014-02-04","LogicalPlanner.java","59688","132401","192089"
"2014-08-13","LogicalPlanner.java","82338","218465","300803"
"2014-12-08","LogicalPlanner.java","82592","295074","377666"
"2014-01-17","LogicalPlanner.java","50436","118362","168798"
"2015-04-18","LogicalPlanner.java","83614","332037","415651"
"2015-08-14","LogicalPlanner.java","84209","390783","474992"
"2015-07-22","LogicalPlanner.java","83983","381308","465291"
"2015-10-09","LogicalPlanner.java","84572","421626","506198"
"2014-12-30","LogicalPlanner.java","82701","309764","392465"
"2014-04-08","LogicalPlanner.java","61921","160469","222390"
"2014-07-09","LogicalPlanner.java","82121","207772","289893"
"2014-01-20","LogicalPlanner.java","50459","118734","169193"
"2014-01-25","LogicalPlanner.java","51141","121619","172760"
"2015-11-26","LogicalPlanner.java","84587","423773","508360"
"2014-02-16","LogicalPlanner.java","60372","135295","195667"
"2015-09-10","LogicalPlanner.java","84322","396910","481232"
"2015-09-23","LogicalPlanner.java","84547","417220","501767"
"2015-11-18","LogicalPlanner.java","84576","423658","508234"
"2014-01-26","LogicalPlanner.java","51164","121407","172571"
"2015-05-11","LogicalPlanner.java","83578","335331","418909"
"2015-08-13","LogicalPlanner.java","84208","389145","473353"
"2014-07-22","LogicalPlanner.java","82247","213815","296062"
"2014-12-18","LogicalPlanner.java","82703","306633","389336"
"2014-02-17","LogicalPlanner.java","60620","137015","197635"
"2014-07-11","LogicalPlanner.java","82121","209698","291819"
"2015-07-30","LogicalPlanner.java","84059","384589","468648"
"2015-11-18","LogicalPlanner.java","84587","423733","508320"
"2015-07-20","LogicalPlanner.java","83983","380705","464688"
"2015-03-27","LogicalPlanner.java","83604","322153","405757"
"2014-02-20","LogicalPlanner.java","60749","138539","199288"
"2015-08-25","LogicalPlanner.java","84220","393694","477914"
"2014-02-24","LogicalPlanner.java","60863","138220","199083"
"2014-01-21","LogicalPlanner.java","50521","119812","170333"
"2015-07-17","LogicalPlanner.java","83567","381281","464848"
"2015-10-20","LogicalPlanner.java","84573","421765","506338"
"2014-01-22","LogicalPlanner.java","50605","120404","171009"
"2014-04-30","LogicalPlanner.java","81946","188289","270235"
"2015-05-27","LogicalPlanner.java","83580","372955","456535"
"2014-06-02","LogicalPlanner.java","82129","202663","284792"
"2014-05-12","LogicalPlanner.java","82133","191901","274034"
"2015-08-04","LogicalPlanner.java","84062","387191","471253"
"2014-03-20","LogicalPlanner.java","61564","150556","212120"
"2014-05-26","LogicalPlanner.java","82134","201035","283169"
"2014-05-27","LogicalPlanner.java","82134","201294","283428"
"2015-11-25","LogicalPlanner.java","84587","423715","508302"
"2014-12-05","LogicalPlanner.java","82592","294377","376969"
"2015-06-28","LogicalPlanner.java","83567","380219","463786"
"2013-12-16","LogicalPlanner.java","47476","104167","151643"
"2014-04-30","LogicalPlanner.java","81831","186793","268624"
"2015-09-23","LogicalPlanner.java","84545","416586","501131"
"2015-07-20","LogicalPlanner.java","83983","380740","464723"
"2013-12-03","LogicalPlanner.java","47331","95236","142567"
"2015-07-17","LogicalPlanner.java","83567","381754","465321"
"2013-09-30","LogicalPlanner.java","32757","45342","78099"
"2014-03-31","LogicalPlanner.java","61876","155730","217606"
"2015-07-31","LogicalPlanner.java","84059","385261","469320"
"2015-09-01","LogicalPlanner.java","84320","393358","477678"
"2014-06-07","LogicalPlanner.java","82129","203624","285753"
"2014-01-30","LogicalPlanner.java","59631","130584","190215"
"2014-06-24","LogicalPlanner.java","82129","205098","287227"
"2014-02-20","LogicalPlanner.java","60682","138495","199177"
"2015-01-28","JSPUtil.java","80418","188922","269340"
"2014-11-11","JSPUtil.java","44161","131268","175429"
"2015-09-23","JSPUtil.java","130547","343105","473652"
"2014-12-22","JSPUtil.java","70732","175004","245736"
"2015-07-20","JSPUtil.java","99982","274793","374775"
"2014-12-18","JSPUtil.java","68642","172414","241056"
"2015-07-29","JSPUtil.java","102010","279840","381850"
"2014-10-25","LogicalPlanner.java","75690","277886","353576"
"2015-06-24","LogicalPlanner.java","76682","378791","455473"
"2013-08-07","LogicalPlanner.java","246","665","911"
"2014-02-04","LogicalPlanner.java","49866","128528","178394"
"2014-08-13","LogicalPlanner.java","75454","217530","292984"
"2014-12-08","LogicalPlanner.java","75709","294140","369849"
"2014-01-17","LogicalPlanner.java","40534","114409","154943"
"2015-04-18","LogicalPlanner.java","76730","331102","407832"
"2015-08-14","LogicalPlanner.java","77329","389852","467181"
"2015-07-22","LogicalPlanner.java","77102","380376","457478"
"2015-10-09","LogicalPlanner.java","77694","420697","498391"
"2014-12-30","LogicalPlanner.java","75817","308829","384646"
"2014-04-08","LogicalPlanner.java","52347","156844","209191"
"2014-07-09","LogicalPlanner.java","75237","206837","282074"
"2014-01-20","LogicalPlanner.java","40568","114792","155360"
"2014-01-25","LogicalPlanner.java","41278","117705","158983"
"2015-11-26","LogicalPlanner.java","77719","422854","500573"
"2014-02-16","LogicalPlanner.java","50545","131417","181962"
"2015-09-10","LogicalPlanner.java","77442","395979","473421"
"2015-09-23","LogicalPlanner.java","77668","416290","493958"
"2015-11-18","LogicalPlanner.java","77702","422733","500435"
"2014-01-26","LogicalPlanner.java","41320","117512","158832"
"2015-05-11","LogicalPlanner.java","76694","334396","411090"
"2015-08-13","LogicalPlanner.java","77327","388213","465540"
"2014-07-22","LogicalPlanner.java","75363","212880","288243"
"2014-12-18","LogicalPlanner.java","75819","305698","381517"
"2014-02-17","LogicalPlanner.java","50810","133154","183964"
"2014-07-11","LogicalPlanner.java","75237","208763","284000"
"2015-07-30","LogicalPlanner.java","77179","383658","460837"
"2015-11-18","LogicalPlanner.java","77718","422813","500531"
"2015-07-20","LogicalPlanner.java","77102","379773","456875"
"2015-03-27","LogicalPlanner.java","76720","321218","397938"
"2014-02-20","LogicalPlanner.java","50996","134735","185731"
"2015-08-25","LogicalPlanner.java","77340","392763","470103"
"2014-02-24","LogicalPlanner.java","51135","134441","185576"
"2014-01-21","LogicalPlanner.java","40631","115871","156502"
"2015-07-17","LogicalPlanner.java","76683","380346","457029"
"2015-10-20","LogicalPlanner.java","77699","420840","498539"
"2014-01-22","LogicalPlanner.java","40729","116477","157206"
"2014-04-30","LogicalPlanner.java","75058","187350","262408"
"2015-05-27","LogicalPlanner.java","76696","372020","448716"
"2014-06-02","LogicalPlanner.java","75245","201728","276973"
"2014-05-12","LogicalPlanner.java","75249","190966","266215"
"2015-08-04","LogicalPlanner.java","77181","386259","463440"
"2014-03-20","LogicalPlanner.java","51937","146878","198815"
"2014-05-26","LogicalPlanner.java","75250","200100","275350"
"2014-05-27","LogicalPlanner.java","75250","200359","275609"
"2015-11-25","LogicalPlanner.java","77718","422795","500513"
"2014-12-05","LogicalPlanner.java","75709","293443","369152"
"2015-06-28","LogicalPlanner.java","76683","379284","455967"
"2013-12-16","LogicalPlanner.java","36337","98977","135314"
"2014-04-30","LogicalPlanner.java","74943","185854","260797"
"2015-09-23","LogicalPlanner.java","77666","415656","493322"
"2015-07-20","LogicalPlanner.java","77102","379808","456910"
"2013-12-03","LogicalPlanner.java","36108","89962","126070"
"2015-07-17","LogicalPlanner.java","76683","380819","457502"
"2013-09-30","LogicalPlanner.java","20862","39396","60258"
"2014-03-31","LogicalPlanner.java","52284","152087","204371"
"2015-07-31","LogicalPlanner.java","77178","384329","461507"
"2015-09-01","LogicalPlanner.java","77440","392427","469867"
"2014-06-07","LogicalPlanner.java","75245","202689","277934"
"2014-01-30","LogicalPlanner.java","49805","126707","176512"
"2014-06-24","LogicalPlanner.java","75245","204163","279408"
"2014-02-20","LogicalPlanner.java","50878","134640","185518"
"2015-06-02","TimestampDatum.java","94265","268432","362697"
"2015-08-20","TimestampDatum.java","124083","314464","438547"
"2015-10-08","TimestampDatum.java","129261","347907","477168"
"2015-04-10","TimestampDatum.java","85907","212570","298477"
"2015-09-23","JSPUtil.java","111663","146391","258054"
"2015-06-24","LogicalPlanner.java","77333","177246","254579"
"2014-12-08","LogicalPlanner.java","11591","27826","39417"
"2015-04-18","LogicalPlanner.java","64683","116859","181542"
"2015-08-14","LogicalPlanner.java","87981","198308","286289"
"2015-07-22","LogicalPlanner.java","85037","186115","271152"
"2015-10-09","LogicalPlanner.java","124328","265135","389463"
"2014-12-30","LogicalPlanner.java","43464","74280","117744"
"2015-11-26","LogicalPlanner.java","125252","268191","393443"
"2015-09-10","LogicalPlanner.java","122516","238857","361373"
"2015-09-23","LogicalPlanner.java","123979","260405","384384"
"2015-11-18","LogicalPlanner.java","125128","267963","393091"
"2015-05-11","LogicalPlanner.java","65503","121009","186512"
"2015-08-13","LogicalPlanner.java","87821","196511","284332"
"2014-12-18","LogicalPlanner.java","38639","66322","104961"
"2015-07-30","LogicalPlanner.java","86568","190851","277419"
"2015-11-18","LogicalPlanner.java","125157","268056","393213"
"2015-07-20","LogicalPlanner.java","84184","184659","268843"
"2015-03-27","LogicalPlanner.java","59770","102072","161842"
"2015-08-25","LogicalPlanner.java","118116","231343","349459"
"2015-07-17","LogicalPlanner.java","77695","179162","256857"
"2015-10-20","LogicalPlanner.java","124377","265322","389699"
"2015-05-27","LogicalPlanner.java","73821","166949","240770"
"2015-08-04","LogicalPlanner.java","86992","193874","280866"
"2015-11-25","LogicalPlanner.java","125219","268100","393319"
"2014-12-05","LogicalPlanner.java","11258","26796","38054"
"2015-06-28","LogicalPlanner.java","77609","178014","255623"
"2015-09-23","LogicalPlanner.java","123717","259511","383228"
"2015-07-20","LogicalPlanner.java","84183","184693","268876"
"2015-07-17","LogicalPlanner.java","77752","179692","257444"
"2015-07-31","LogicalPlanner.java","86605","191560","278165"
"2015-09-01","LogicalPlanner.java","118548","231339","349887"
"2014-05-22","TimestampDatum.java","2925","16860","19785"
"2015-06-02","TimestampDatum.java","92613","280715","373328"
"2015-08-20","TimestampDatum.java","119688","324004","443692"
"2015-10-08","TimestampDatum.java","124737","357318","482055"
"2015-04-10","TimestampDatum.java","84600","225198","309798"
"2015-08-14","LogicalPlanner.java","29193","39607","68800"
"2015-07-22","LogicalPlanner.java","20138","21303","41441"
"2015-10-09","LogicalPlanner.java","125811","166705","292516"
"2015-11-26","LogicalPlanner.java","128125","171151","299276"
"2015-09-10","LogicalPlanner.java","122209","138637","260846"
"2015-09-23","LogicalPlanner.java","125009","161522","286531"
"2015-11-18","LogicalPlanner.java","127849","170771","298620"
"2015-08-13","LogicalPlanner.java","28997","37774","66771"
"2015-07-30","LogicalPlanner.java","26550","30920","57470"
"2015-11-18","LogicalPlanner.java","127894","170880","298774"
"2015-07-20","LogicalPlanner.java","19164","19726","38890"
"2015-08-25","LogicalPlanner.java","115652","128966","244618"
"2015-07-17","LogicalPlanner.java","1959","3513","5472"
"2015-10-20","LogicalPlanner.java","125998","167030","293028"
"2015-08-04","LogicalPlanner.java","27517","34486","62003"
"2015-11-25","LogicalPlanner.java","128077","171045","299122"
"2015-06-28","LogicalPlanner.java","1552","2044","3596"
"2015-09-23","LogicalPlanner.java","124199","160080","284279"
"2015-07-20","LogicalPlanner.java","19166","19763","38929"
"2015-07-17","LogicalPlanner.java","2257","4284","6541"
"2015-07-31","LogicalPlanner.java","26777","31819","58596"
"2015-09-01","LogicalPlanner.java","116338","129216","245554"
"2014-10-25","LogicalPlanner.java","76112","277889","354001"
"2015-06-24","LogicalPlanner.java","77104","378794","455898"
"2014-02-04","LogicalPlanner.java","49938","128181","178119"
"2014-08-13","LogicalPlanner.java","75873","217530","293403"
"2014-12-08","LogicalPlanner.java","76131","294143","370274"
"2014-01-17","LogicalPlanner.java","40605","114061","154666"
"2015-04-18","LogicalPlanner.java","77152","331105","408257"
"2015-08-14","LogicalPlanner.java","77755","389859","467614"
"2015-07-22","LogicalPlanner.java","77524","380379","457903"
"2015-10-09","LogicalPlanner.java","78120","420704","498824"
"2014-12-30","LogicalPlanner.java","76239","308832","385071"
"2014-04-08","LogicalPlanner.java","52419","156497","208916"
"2014-07-09","LogicalPlanner.java","75656","206837","282493"
"2014-01-20","LogicalPlanner.java","40637","114442","155079"
"2014-01-25","LogicalPlanner.java","41350","117358","158708"
"2015-11-26","LogicalPlanner.java","78145","422861","501006"
"2014-02-16","LogicalPlanner.java","50617","131070","181687"
"2015-09-10","LogicalPlanner.java","77868","395986","473854"
"2015-09-23","LogicalPlanner.java","78094","416297","494391"
"2015-11-18","LogicalPlanner.java","78128","422740","500868"
"2014-01-26","LogicalPlanner.java","41392","117165","158557"
"2015-05-11","LogicalPlanner.java","77116","334399","411515"
"2015-08-13","LogicalPlanner.java","77753","388220","465973"
"2014-07-22","LogicalPlanner.java","75782","212880","288662"
"2014-12-18","LogicalPlanner.java","76241","305701","381942"
"2014-02-17","LogicalPlanner.java","50882","132807","183689"
"2014-07-11","LogicalPlanner.java","75656","208763","284419"
"2015-07-30","LogicalPlanner.java","77605","383665","461270"
"2015-11-18","LogicalPlanner.java","78144","422820","500964"
"2015-07-20","LogicalPlanner.java","77524","379776","457300"
"2015-03-27","LogicalPlanner.java","77142","321221","398363"
"2014-02-20","LogicalPlanner.java","51068","134388","185456"
"2015-08-25","LogicalPlanner.java","77766","392770","470536"
"2014-02-24","LogicalPlanner.java","51207","134094","185301"
"2014-01-21","LogicalPlanner.java","40700","115521","156221"
"2015-07-17","LogicalPlanner.java","77105","380349","457454"
"2015-10-20","LogicalPlanner.java","78125","420847","498972"
"2014-01-22","LogicalPlanner.java","40797","116126","156923"
"2014-04-30","LogicalPlanner.java","75477","187350","262827"
"2015-05-27","LogicalPlanner.java","77118","372023","449141"
"2014-06-02","LogicalPlanner.java","75664","201728","277392"
"2014-05-12","LogicalPlanner.java","75668","190966","266634"
"2015-08-04","LogicalPlanner.java","77607","386266","463873"
"2014-03-20","LogicalPlanner.java","52009","146531","198540"
"2014-05-26","LogicalPlanner.java","75669","200100","275769"
"2014-05-27","LogicalPlanner.java","75669","200359","276028"
"2015-11-25","LogicalPlanner.java","78144","422802","500946"
"2014-12-05","LogicalPlanner.java","76131","293446","369577"
"2015-06-28","LogicalPlanner.java","77105","379287","456392"
"2013-12-16","LogicalPlanner.java","36291","98512","134803"
"2014-04-30","LogicalPlanner.java","75362","185854","261216"
"2015-09-23","LogicalPlanner.java","78092","415663","493755"
"2015-07-20","LogicalPlanner.java","77524","379811","457335"
"2013-12-03","LogicalPlanner.java","35967","89402","125369"
"2015-07-17","LogicalPlanner.java","77105","380822","457927"
"2013-09-30","LogicalPlanner.java","20713","38828","59541"
"2014-03-31","LogicalPlanner.java","52356","151740","204096"
"2015-07-31","LogicalPlanner.java","77604","384336","461940"
"2015-09-01","LogicalPlanner.java","77866","392434","470300"
"2014-06-07","LogicalPlanner.java","75664","202689","278353"
"2014-01-30","LogicalPlanner.java","49877","126360","176237"
"2014-06-24","LogicalPlanner.java","75664","204163","279827"
"2014-02-20","LogicalPlanner.java","50950","134293","185243"
"2014-05-22","TimestampDatum.java","121562","186809","308371"
"2014-04-24","TimestampDatum.java","121041","172353","293394"
"2014-01-23","TimestampDatum.java","17854","35643","53497"
"2015-06-02","TimestampDatum.java","126244","365658","491902"
"2015-08-20","TimestampDatum.java","127161","382789","509950"
"2015-10-08","TimestampDatum.java","127564","411457","539021"
"2015-04-10","TimestampDatum.java","125538","317448","442986"
"2014-10-25","LogicalPlanner.java","117380","240914","358294"
"2015-06-24","LogicalPlanner.java","137596","361043","498639"
"2014-08-13","LogicalPlanner.java","110896","174310","285206"
"2014-12-08","LogicalPlanner.java","121105","260874","381979"
"2015-04-18","LogicalPlanner.java","137004","312714","449718"
"2015-08-14","LogicalPlanner.java","138711","372572","511283"
"2015-07-22","LogicalPlanner.java","138279","362891","501170"
"2015-10-09","LogicalPlanner.java","139471","403812","543283"
"2014-12-30","LogicalPlanner.java","133145","287495","420640"
"2014-04-08","LogicalPlanner.java","16601","42436","59037"
"2014-07-09","LogicalPlanner.java","110229","163167","273396"
"2015-11-26","LogicalPlanner.java","139576","406049","545625"
"2014-02-16","LogicalPlanner.java","1680","3890","5570"
"2015-09-10","LogicalPlanner.java","139025","378900","517925"
"2015-09-23","LogicalPlanner.java","139398","399358","538756"
"2015-11-18","LogicalPlanner.java","139541","405910","545451"
"2015-05-11","LogicalPlanner.java","137198","316238","453436"
"2015-08-13","LogicalPlanner.java","138655","370879","509534"
"2014-07-22","LogicalPlanner.java","110717","169572","280289"
"2014-12-18","LogicalPlanner.java","133119","284336","417455"
"2014-02-17","LogicalPlanner.java","2970","6652","9622"
"2014-07-11","LogicalPlanner.java","110235","165099","275334"
"2015-07-30","LogicalPlanner.java","138390","366207","504597"
"2015-11-18","LogicalPlanner.java","139564","405997","545561"
"2015-07-20","LogicalPlanner.java","138279","362288","500567"
"2015-03-27","LogicalPlanner.java","136038","301874","437912"
"2014-02-20","LogicalPlanner.java","4676","9753","14429"
"2015-08-25","LogicalPlanner.java","138909","375670","514579"
"2014-02-24","LogicalPlanner.java","10040","14684","24724"
"2015-07-17","LogicalPlanner.java","137671","362672","500343"
"2015-10-20","LogicalPlanner.java","139496","403975","543471"
"2014-04-30","LogicalPlanner.java","109341","142971","252312"
"2015-05-27","LogicalPlanner.java","137222","353884","491106"
"2014-06-02","LogicalPlanner.java","109993","157814","267807"
"2014-05-12","LogicalPlanner.java","109681","146736","256417"
"2015-08-04","LogicalPlanner.java","138400","368816","507216"
"2014-03-20","LogicalPlanner.java","15148","31427","46575"
"2014-05-26","LogicalPlanner.java","110006","156194","266200"
"2014-05-27","LogicalPlanner.java","110006","156453","266459"
"2015-11-25","LogicalPlanner.java","139572","405987","545559"
"2014-12-05","LogicalPlanner.java","121098","260170","381268"
"2015-06-28","LogicalPlanner.java","137671","361610","499281"
"2014-04-30","LogicalPlanner.java","109203","141452","250655"
"2015-09-23","LogicalPlanner.java","139383","398711","538094"
"2015-07-20","LogicalPlanner.java","138279","362323","500602"
"2015-07-17","LogicalPlanner.java","137690","363164","500854"
"2014-03-31","LogicalPlanner.java","15955","37096","53051"
"2015-07-31","LogicalPlanner.java","138385","366874","505259"
"2015-09-01","LogicalPlanner.java","139026","375351","514377"
"2014-06-07","LogicalPlanner.java","109989","158771","268760"
"2014-06-24","LogicalPlanner.java","110062","160318","270380"
"2014-02-20","LogicalPlanner.java","4125","9225","13350"
"2014-05-22","TimestampDatum.java","128837","176295","305132"
"2014-04-24","TimestampDatum.java","128046","161569","289615"
"2015-06-02","TimestampDatum.java","136406","358031","494437"
"2015-08-20","TimestampDatum.java","137741","375580","513321"
"2015-10-08","TimestampDatum.java","138323","404427","542750"
"2015-04-10","TimestampDatum.java","135246","309367","444613"
"2014-10-25","LogicalPlanner.java","34320","94440","128760"
"2015-06-24","LogicalPlanner.java","99570","259603","359173"
"2014-12-08","LogicalPlanner.java","44029","120384","164413"
"2015-04-18","LogicalPlanner.java","89070","201366","290436"
"2015-08-14","LogicalPlanner.java","107838","278285","386123"
"2015-07-22","LogicalPlanner.java","105482","266680","372162"
"2015-10-09","LogicalPlanner.java","140265","341192","481457"
"2014-12-30","LogicalPlanner.java","71277","162213","233490"
"2015-11-26","LogicalPlanner.java","140820","343879","484699"
"2015-09-10","LogicalPlanner.java","139392","315853","455245"
"2015-09-23","LogicalPlanner.java","140067","336613","476680"
"2015-11-18","LogicalPlanner.java","140752","343707","484459"
"2015-05-11","LogicalPlanner.java","89611","205237","294848"
"2015-08-13","LogicalPlanner.java","107757","276567","384324"
"2014-12-18","LogicalPlanner.java","67648","155451","223099"
"2015-07-30","LogicalPlanner.java","106723","271126","377849"
"2015-11-18","LogicalPlanner.java","140778","343797","484575"
"2015-07-20","LogicalPlanner.java","105301","265896","371197"
"2015-03-27","LogicalPlanner.java","84981","187403","272384"
"2015-08-25","LogicalPlanner.java","135042","308389","443431"
"2015-07-17","LogicalPlanner.java","99895","261482","361377"
"2015-10-20","LogicalPlanner.java","140297","341362","481659"
"2015-05-27","LogicalPlanner.java","96734","249982","346716"
"2015-08-04","LogicalPlanner.java","107033","274035","381068"
"2015-11-25","LogicalPlanner.java","140796","343797","484593"
"2014-12-05","LogicalPlanner.java","43775","119433","163208"
"2015-06-28","LogicalPlanner.java","99824","260349","360173"
"2015-09-23","LogicalPlanner.java","139972","335886","475858"
"2015-07-20","LogicalPlanner.java","105301","265931","371232"
"2015-07-17","LogicalPlanner.java","99956","262016","361972"
"2015-07-31","LogicalPlanner.java","106760","271835","378595"
"2015-09-01","LogicalPlanner.java","135464","308375","443839"
"2015-08-20","TimestampDatum.java","114325","130539","244864"
"2015-10-08","TimestampDatum.java","125402","169881","295283"
"2015-06-24","LogicalPlanner.java","79959","163637","243596"
"2015-04-18","LogicalPlanner.java","66637","102578","169215"
"2015-08-14","LogicalPlanner.java","91974","186066","278040"
"2015-07-22","LogicalPlanner.java","88744","173587","262331"
"2015-10-09","LogicalPlanner.java","130436","255008","385444"
"2014-12-30","LogicalPlanner.java","39846","54427","94273"
"2015-11-26","LogicalPlanner.java","131382","258086","389468"
"2015-09-10","LogicalPlanner.java","128516","228622","357138"
"2015-09-23","LogicalPlanner.java","130043","250234","380277"
"2015-11-18","LogicalPlanner.java","131254","257854","389108"
"2015-05-11","LogicalPlanner.java","67878","107149","175027"
"2015-08-13","LogicalPlanner.java","91811","184266","276077"
"2014-12-18","LogicalPlanner.java","34532","45980","80512"
"2015-07-30","LogicalPlanner.java","90431","178479","268910"
"2015-11-18","LogicalPlanner.java","131283","257947","389230"
"2015-07-20","LogicalPlanner.java","87891","172131","260022"
"2015-03-27","LogicalPlanner.java","61471","87538","149009"
"2015-08-25","LogicalPlanner.java","124074","221066","345140"
"2015-07-17","LogicalPlanner.java","80344","165576","245920"
"2015-10-20","LogicalPlanner.java","130498","255208","385706"
"2015-05-27","LogicalPlanner.java","76399","153292","229691"
"2015-08-04","LogicalPlanner.java","90913","181560","272473"
"2015-11-25","LogicalPlanner.java","131342","257988","389330"
"2015-06-28","LogicalPlanner.java","80258","164428","244686"
"2015-09-23","LogicalPlanner.java","129759","249318","379077"
"2015-07-20","LogicalPlanner.java","87890","172165","260055"
"2015-07-17","LogicalPlanner.java","80409","166114","246523"
"2015-07-31","LogicalPlanner.java","90466","179186","269652"
"2015-09-01","LogicalPlanner.java","124524","221080","345604"
"2015-07-20","TajoMetricsReporter.java","129232","370379","499611"
"2014-10-25","LogicalPlanner.java","128255","256576","384831"
"2015-06-24","LogicalPlanner.java","134197","362431","496628"
"2014-02-04","LogicalPlanner.java","25431","30218","55649"
"2014-08-13","LogicalPlanner.java","127770","195971","323741"
"2014-12-08","LogicalPlanner.java","129730","274286","404016"
"2015-04-18","LogicalPlanner.java","133637","314134","447771"
"2015-08-14","LogicalPlanner.java","135186","373834","509020"
"2015-07-22","LogicalPlanner.java","134808","364207","499015"
"2015-10-09","LogicalPlanner.java","135831","404959","540790"
"2014-12-30","LogicalPlanner.java","129959","289096","419055"
"2014-04-08","LogicalPlanner.java","39789","70411","110200"
"2014-07-09","LogicalPlanner.java","127179","184904","312083"
"2014-01-20","LogicalPlanner.java","312","661","973"
"2014-01-25","LogicalPlanner.java","3153","5705","8858"
"2015-11-26","LogicalPlanner.java","135942","407202","543144"
"2014-02-16","LogicalPlanner.java","26629","33626","60255"
"2015-09-10","LogicalPlanner.java","135500","380162","515662"
"2015-09-23","LogicalPlanner.java","135764","400511","536275"
"2015-11-18","LogicalPlanner.java","135907","407063","542970"
"2014-01-26","LogicalPlanner.java","5209","7526","12735"
"2015-05-11","LogicalPlanner.java","133792","317619","451411"
"2015-08-13","LogicalPlanner.java","135131","372142","507273"
"2014-07-22","LogicalPlanner.java","127613","191255","318868"
"2014-12-18","LogicalPlanner.java","129940","285944","415884"
"2014-02-17","LogicalPlanner.java","27736","36205","63941"
"2014-07-11","LogicalPlanner.java","127179","186830","314009"
"2015-07-30","LogicalPlanner.java","134898","367502","502400"
"2015-11-18","LogicalPlanner.java","135930","407150","543080"
"2015-07-20","LogicalPlanner.java","134808","363604","498412"
"2015-03-27","LogicalPlanner.java","132720","303343","436063"
"2014-02-20","LogicalPlanner.java","28966","38830","67796"
"2015-08-25","LogicalPlanner.java","135384","376932","512316"
"2014-02-24","LogicalPlanner.java","34246","43677","77923"
"2014-01-21","LogicalPlanner.java","1150","2515","3665"
"2015-07-17","LogicalPlanner.java","134272","364060","498332"
"2015-10-20","LogicalPlanner.java","135856","405122","540978"
"2014-01-22","LogicalPlanner.java","1916","3789","5705"
"2014-04-30","LogicalPlanner.java","126403","164820","291223"
"2015-05-27","LogicalPlanner.java","133816","355265","489081"
"2014-06-02","LogicalPlanner.java","126986","179594","306580"
"2014-05-12","LogicalPlanner.java","126729","168571","295300"
"2015-08-04","LogicalPlanner.java","134960","370163","505123"
"2014-03-20","LogicalPlanner.java","38604","59670","98274"
"2014-05-26","LogicalPlanner.java","127003","177978","304981"
"2014-05-27","LogicalPlanner.java","127003","178237","305240"
"2015-11-25","LogicalPlanner.java","135938","407140","543078"
"2014-12-05","LogicalPlanner.java","129729","273588","403317"
"2015-06-28","LogicalPlanner.java","134272","362998","497270"
"2014-04-30","LogicalPlanner.java","126270","163306","289576"
"2015-09-23","LogicalPlanner.java","135749","399864","535613"
"2015-07-20","LogicalPlanner.java","134808","363639","498447"
"2015-07-17","LogicalPlanner.java","134285","364546","498831"
"2014-03-31","LogicalPlanner.java","39281","65209","104490"
"2015-07-31","LogicalPlanner.java","134896","368172","503068"
"2015-09-01","LogicalPlanner.java","135498","376610","512108"
"2014-06-07","LogicalPlanner.java","126982","180551","307533"
"2014-01-30","LogicalPlanner.java","25004","28031","53035"
"2014-06-24","LogicalPlanner.java","127051","182094","309145"
"2014-02-20","LogicalPlanner.java","28556","38443","66999"
"2015-06-24","LogicalPlanner.java","22536","70273","92809"
"2015-08-14","LogicalPlanner.java","43180","101331","144511"
"2015-07-22","LogicalPlanner.java","35227","84129","119356"
"2015-10-09","LogicalPlanner.java","93318","181949","275267"
"2015-11-26","LogicalPlanner.java","95491","186254","281745"
"2015-09-10","LogicalPlanner.java","90435","154600","245035"
"2015-09-23","LogicalPlanner.java","92671","176921","269592"
"2015-11-18","LogicalPlanner.java","95256","185915","281171"
"2015-05-11","LogicalPlanner.java","3696","7026","10722"
"2015-08-13","LogicalPlanner.java","42987","99501","142488"
"2015-07-30","LogicalPlanner.java","40727","92834","133561"
"2015-11-18","LogicalPlanner.java","95301","186024","281325"
"2015-07-20","LogicalPlanner.java","34291","82590","116881"
"2015-08-25","LogicalPlanner.java","84142","145193","229335"
"2015-07-17","LogicalPlanner.java","23575","72866","96441"
"2015-10-20","LogicalPlanner.java","93492","182261","275753"
"2015-05-27","LogicalPlanner.java","16793","57745","74538"
"2015-08-04","LogicalPlanner.java","41576","96282","137858"
"2015-11-25","LogicalPlanner.java","95445","186150","281595"
"2015-06-28","LogicalPlanner.java","23235","71464","94699"
"2015-09-23","LogicalPlanner.java","92109","175727","267836"
"2015-07-20","LogicalPlanner.java","34290","82624","116914"
"2015-07-17","LogicalPlanner.java","23871","73635","97506"
"2015-07-31","LogicalPlanner.java","40948","93727","134675"
"2015-09-01","LogicalPlanner.java","84827","145442","230269"
"2015-10-09","LogicalPlanner.java","111025","141505","252530"
"2015-11-26","LogicalPlanner.java","113562","146174","259736"
"2015-09-10","LogicalPlanner.java","106260","112274","218534"
"2015-09-23","LogicalPlanner.java","109719","135818","245537"
"2015-11-18","LogicalPlanner.java","113255","145763","259018"
"2015-11-18","LogicalPlanner.java","113306","145878","259184"
"2015-08-25","LogicalPlanner.java","97351","100251","197602"
"2015-10-20","LogicalPlanner.java","111268","141886","253154"
"2015-11-25","LogicalPlanner.java","113511","146065","259576"
"2015-09-23","LogicalPlanner.java","108801","134268","243069"
"2015-09-01","LogicalPlanner.java","98333","100797","199130"
"2015-08-14","LogicalPlanner.java","10815","20064","30879"
"2015-10-09","LogicalPlanner.java","115364","155093","270457"
"2015-11-26","LogicalPlanner.java","117760","159621","277381"
"2015-09-10","LogicalPlanner.java","111197","126460","237657"
"2015-09-23","LogicalPlanner.java","114263","149611","263874"
"2015-11-18","LogicalPlanner.java","117470","159227","276697"
"2015-08-13","LogicalPlanner.java","10549","18161","28710"
"2015-07-30","LogicalPlanner.java","6598","9803","16401"
"2015-11-18","LogicalPlanner.java","117515","159336","276851"
"2015-08-25","LogicalPlanner.java","104542","116691","221233"
"2015-10-20","LogicalPlanner.java","115582","155449","271031"
"2015-08-04","LogicalPlanner.java","7969","13773","21742"
"2015-11-25","LogicalPlanner.java","117709","159512","277221"
"2015-09-23","LogicalPlanner.java","113376","148092","261468"
"2015-07-31","LogicalPlanner.java","6920","10797","17717"
"2015-09-01","LogicalPlanner.java","105264","116977","222241"
"2015-11-26","LogicalPlanner.java","3928","6060","9988"
"2015-11-18","LogicalPlanner.java","2872","4900","7772"
"2015-11-18","LogicalPlanner.java","3615","5707","9322"
"2015-10-20","LogicalPlanner.java","312","450","762"
"2015-11-25","LogicalPlanner.java","3860","5934","9794"
"2015-07-23","TajoMetrics.java","129236","370559","499795"
"2015-06-24","LogicalPlanner.java","51225","120322","171547"
"2015-04-18","LogicalPlanner.java","32432","53792","86224"
"2015-08-14","LogicalPlanner.java","67172","146683","213855"
"2015-07-22","LogicalPlanner.java","60435","130697","191132"
"2015-10-09","LogicalPlanner.java","110513","220504","331017"
"2015-11-26","LogicalPlanner.java","112370","224493","336863"
"2015-09-10","LogicalPlanner.java","108287","193812","302099"
"2015-09-23","LogicalPlanner.java","109952","215562","325514"
"2015-11-18","LogicalPlanner.java","112182","224201","336383"
"2015-05-11","LogicalPlanner.java","34019","58709","92728"
"2015-08-13","LogicalPlanner.java","67000","144874","211874"
"2015-07-30","LogicalPlanner.java","65395","138862","204257"
"2015-11-18","LogicalPlanner.java","112213","224296","336509"
"2015-07-20","LogicalPlanner.java","59524","129183","188707"
"2015-03-27","LogicalPlanner.java","26384","37870","64254"
"2015-08-25","LogicalPlanner.java","102683","185094","287777"
"2015-07-17","LogicalPlanner.java","51640","122291","173931"
"2015-10-20","LogicalPlanner.java","110599","220728","331327"
"2015-05-27","LogicalPlanner.java","46157","108469","154626"
"2015-08-04","LogicalPlanner.java","65988","142054","208042"
"2015-11-25","LogicalPlanner.java","112328","224393","336721"
"2015-06-28","LogicalPlanner.java","51555","121144","172699"
"2015-09-23","LogicalPlanner.java","109580","214558","324138"
"2015-07-20","LogicalPlanner.java","59523","129217","188740"
"2015-07-17","LogicalPlanner.java","51709","122833","174542"
"2015-07-31","LogicalPlanner.java","65433","139572","205005"
"2015-09-01","LogicalPlanner.java","103138","185113","288251"
"2015-10-08","TimestampDatum.java","24497","52762","77259"
"2015-07-23","TajoSystemMetrics.java","129236","370559","499795"
"2015-11-27","TajoSystemMetrics.java","130138","414924","545062"
"2015-09-23","TajoSystemMetrics.java","129984","407040","537024"
"2014-10-25","LogicalPlanner.java","127845","225544","353389"
"2015-06-24","LogicalPlanner.java","154974","352586","507560"
"2014-08-13","LogicalPlanner.java","120739","158318","279057"
"2014-12-08","LogicalPlanner.java","133204","247138","380342"
"2015-04-18","LogicalPlanner.java","154192","304067","458259"
"2015-08-14","LogicalPlanner.java","157042","365068","522110"
"2015-07-22","LogicalPlanner.java","156141","354918","511059"
"2015-10-09","LogicalPlanner.java","158252","396758","555010"
"2014-12-30","LogicalPlanner.java","148671","277186","425857"
"2014-07-09","LogicalPlanner.java","119590","146693","266283"
"2015-11-26","LogicalPlanner.java","158578","399216","557794"
"2015-09-10","LogicalPlanner.java","157668","371708","529376"
"2015-09-23","LogicalPlanner.java","158136","392261","550397"
"2015-11-18","LogicalPlanner.java","158525","399059","557584"
"2015-05-11","LogicalPlanner.java","154499","307704","462203"
"2015-08-13","LogicalPlanner.java","156985","363374","520359"
"2014-07-22","LogicalPlanner.java","120506","153526","274032"
"2014-12-18","LogicalPlanner.java","148645","274027","422672"
"2014-07-11","LogicalPlanner.java","119606","148635","268241"
"2015-07-30","LogicalPlanner.java","156359","358341","514700"
"2015-11-18","LogicalPlanner.java","158550","399148","557698"
"2015-07-20","LogicalPlanner.java","156141","354315","510456"
"2015-03-27","LogicalPlanner.java","152359","292360","444719"
"2015-08-25","LogicalPlanner.java","157281","368207","525488"
"2015-07-17","LogicalPlanner.java","155049","354215","509264"
"2015-10-20","LogicalPlanner.java","158278","396922","555200"
"2014-04-30","LogicalPlanner.java","118334","126129","244463"
"2015-05-27","LogicalPlanner.java","154528","345355","499883"
"2014-06-02","LogicalPlanner.java","119181","141167","260348"
"2014-05-12","LogicalPlanner.java","118757","129977","248734"
"2015-08-04","LogicalPlanner.java","156409","360990","517399"
"2014-05-26","LogicalPlanner.java","119164","139517","258681"
"2014-05-27","LogicalPlanner.java","119164","139776","258940"
"2015-11-25","LogicalPlanner.java","158558","399138","557696"
"2014-12-05","LogicalPlanner.java","133193","246430","379623"
"2015-06-28","LogicalPlanner.java","155049","353153","508202"
"2014-04-30","LogicalPlanner.java","118196","124610","242806"
"2015-09-23","LogicalPlanner.java","158117","391610","549727"
"2015-07-20","LogicalPlanner.java","156141","354350","510491"
"2015-07-17","LogicalPlanner.java","155080","354719","509799"
"2015-07-31","LogicalPlanner.java","156394","359048","515442"
"2015-09-01","LogicalPlanner.java","157665","368155","525820"
"2014-06-07","LogicalPlanner.java","119182","142129","261311"
"2014-06-24","LogicalPlanner.java","119263","143684","262947"
"2014-10-25","LogicalPlanner.java","35808","106404","142212"
"2015-06-24","LogicalPlanner.java","95301","265810","361111"
"2014-08-13","LogicalPlanner.java","3329","13805","17134"
"2014-12-08","LogicalPlanner.java","44726","131557","176283"
"2015-04-18","LogicalPlanner.java","86802","209574","296376"
"2015-08-14","LogicalPlanner.java","103454","284377","387831"
"2015-07-22","LogicalPlanner.java","101142","272816","373958"
"2015-10-09","LogicalPlanner.java","133668","345071","478739"
"2014-12-30","LogicalPlanner.java","69654","171066","240720"
"2015-11-26","LogicalPlanner.java","134219","347754","481973"
"2015-09-10","LogicalPlanner.java","132805","319742","452547"
"2015-09-23","LogicalPlanner.java","133471","340493","473964"
"2015-11-18","LogicalPlanner.java","134154","347585","481739"
"2015-05-11","LogicalPlanner.java","87306","213408","300714"
"2015-08-13","LogicalPlanner.java","103376","282662","386038"
"2014-07-22","LogicalPlanner.java","1756","7673","9429"
"2014-12-18","LogicalPlanner.java","66124","164403","230527"
"2014-07-11","LogicalPlanner.java","295","2221","2516"
"2015-07-30","LogicalPlanner.java","102351","277230","379581"
"2015-11-18","LogicalPlanner.java","134180","347675","481855"
"2015-07-20","LogicalPlanner.java","100963","272034","372997"
"2015-03-27","LogicalPlanner.java","82800","195698","278498"
"2015-08-25","LogicalPlanner.java","128475","312298","440773"
"2015-07-17","LogicalPlanner.java","95593","267656","363249"
"2015-10-20","LogicalPlanner.java","133700","345241","478941"
"2015-05-27","LogicalPlanner.java","92872","256596","349468"
"2015-08-04","LogicalPlanner.java","102662","280140","382802"
"2015-11-25","LogicalPlanner.java","134195","347672","481867"
"2014-12-05","LogicalPlanner.java","44480","130614","175094"
"2015-06-28","LogicalPlanner.java","95522","266523","362045"
"2015-09-23","LogicalPlanner.java","133385","339775","473160"
"2015-07-20","LogicalPlanner.java","100963","272069","373032"
"2015-07-17","LogicalPlanner.java","95654","268190","363844"
"2015-07-31","LogicalPlanner.java","102389","277940","380329"
"2015-09-01","LogicalPlanner.java","128897","312284","441181"
"2015-11-27","TajoSystemMetrics.java","115600","159063","274663"
"2015-09-23","TajoSystemMetrics.java","111735","147468","259203"
"2014-10-25","LogicalPlanner.java","128342","256314","384656"
"2015-06-24","LogicalPlanner.java","134284","362169","496453"
"2014-02-04","LogicalPlanner.java","25144","29582","54726"
"2014-08-13","LogicalPlanner.java","127857","195709","323566"
"2014-12-08","LogicalPlanner.java","129817","274024","403841"
"2015-04-18","LogicalPlanner.java","133724","313872","447596"
"2015-08-14","LogicalPlanner.java","135273","373572","508845"
"2015-07-22","LogicalPlanner.java","134895","363945","498840"
"2015-10-09","LogicalPlanner.java","135919","404698","540617"
"2014-12-30","LogicalPlanner.java","130046","288834","418880"
"2014-04-08","LogicalPlanner.java","39638","69911","109549"
"2014-07-09","LogicalPlanner.java","127266","184642","311908"
"2014-01-25","LogicalPlanner.java","2856","5059","7915"
"2015-11-26","LogicalPlanner.java","136030","406941","542971"
"2014-02-16","LogicalPlanner.java","26346","32994","59340"
"2015-09-10","LogicalPlanner.java","135588","379901","515489"
"2015-09-23","LogicalPlanner.java","135852","400250","536102"
"2015-11-18","LogicalPlanner.java","135995","406802","542797"
"2014-01-26","LogicalPlanner.java","4912","6880","11792"
"2015-05-11","LogicalPlanner.java","133879","317357","451236"
"2015-08-13","LogicalPlanner.java","135218","371880","507098"
"2014-07-22","LogicalPlanner.java","127700","190993","318693"
"2014-12-18","LogicalPlanner.java","130027","285682","415709"
"2014-02-17","LogicalPlanner.java","27465","35585","63050"
"2014-07-11","LogicalPlanner.java","127266","186568","313834"
"2015-07-30","LogicalPlanner.java","134985","367240","502225"
"2015-11-18","LogicalPlanner.java","136018","406889","542907"
"2015-07-20","LogicalPlanner.java","134895","363342","498237"
"2015-03-27","LogicalPlanner.java","132807","303081","435888"
"2014-02-20","LogicalPlanner.java","28697","38212","66909"
"2015-08-25","LogicalPlanner.java","135472","376671","512143"
"2014-02-24","LogicalPlanner.java","33978","43060","77038"
"2014-01-21","LogicalPlanner.java","838","1854","2692"
"2015-07-17","LogicalPlanner.java","134359","363798","498157"
"2015-10-20","LogicalPlanner.java","135944","404861","540805"
"2014-01-22","LogicalPlanner.java","1604","3128","4732"
"2014-04-30","LogicalPlanner.java","126485","164553","291038"
"2015-05-27","LogicalPlanner.java","133903","355003","488906"
"2014-06-02","LogicalPlanner.java","127068","179327","306395"
"2014-05-12","LogicalPlanner.java","126811","168304","295115"
"2015-08-04","LogicalPlanner.java","135048","369902","504950"
"2014-03-20","LogicalPlanner.java","38338","59055","97393"
"2014-05-26","LogicalPlanner.java","127085","177711","304796"
"2014-05-27","LogicalPlanner.java","127085","177970","305055"
"2015-11-25","LogicalPlanner.java","136026","406879","542905"
"2014-12-05","LogicalPlanner.java","129816","273326","403142"
"2015-06-28","LogicalPlanner.java","134359","362736","497095"
"2014-04-30","LogicalPlanner.java","126352","163039","289391"
"2015-09-23","LogicalPlanner.java","135837","399603","535440"
"2015-07-20","LogicalPlanner.java","134895","363377","498272"
"2015-07-17","LogicalPlanner.java","134372","364284","498656"
"2014-03-31","LogicalPlanner.java","39016","64595","103611"
"2015-07-31","LogicalPlanner.java","134983","367910","502893"
"2015-09-01","LogicalPlanner.java","135586","376349","511935"
"2014-06-07","LogicalPlanner.java","127064","180284","307348"
"2014-01-30","LogicalPlanner.java","24710","27388","52098"
"2014-06-24","LogicalPlanner.java","127133","181827","308960"
"2014-02-20","LogicalPlanner.java","28285","37823","66108"
"2015-06-02","TimestampDatum.java","23393","70897","94290"
"2015-08-20","TimestampDatum.java","85818","149536","235354"
"2015-10-08","TimestampDatum.java","95559","187542","283101"
"2015-11-27","TajoSystemMetrics.java","5978","13708","19686"
"2014-10-25","LogicalPlanner.java","129768","255537","385305"
"2015-06-24","LogicalPlanner.java","136285","361967","498252"
"2014-02-04","LogicalPlanner.java","22503","24738","47241"
"2014-08-13","LogicalPlanner.java","129216","194865","324081"
"2014-12-08","LogicalPlanner.java","131777","273781","405558"
"2015-04-18","LogicalPlanner.java","135710","313655","449365"
"2015-08-14","LogicalPlanner.java","137279","373375","510654"
"2015-07-22","LogicalPlanner.java","136901","363748","500649"
"2015-10-09","LogicalPlanner.java","137924","404500","542424"
"2014-12-30","LogicalPlanner.java","132006","288591","420597"
"2014-04-08","LogicalPlanner.java","37394","65464","102858"
"2014-07-09","LogicalPlanner.java","128606","183779","312385"
"2015-11-26","LogicalPlanner.java","138035","406743","544778"
"2014-02-16","LogicalPlanner.java","23741","28186","51927"
"2015-09-10","LogicalPlanner.java","137591","379701","517292"
"2015-09-23","LogicalPlanner.java","137856","400051","537907"
"2015-11-18","LogicalPlanner.java","138000","406604","544604"
"2014-01-26","LogicalPlanner.java","2203","1968","4171"
"2015-05-11","LogicalPlanner.java","135880","317155","453035"
"2015-08-13","LogicalPlanner.java","137224","371683","508907"
"2014-07-22","LogicalPlanner.java","129042","190132","319174"
"2014-12-18","LogicalPlanner.java","131987","285439","417426"
"2014-02-17","LogicalPlanner.java","24950","30867","55817"
"2014-07-11","LogicalPlanner.java","128606","185705","314311"
"2015-07-30","LogicalPlanner.java","136989","367041","504030"
"2015-11-18","LogicalPlanner.java","138023","406691","544714"
"2015-07-20","LogicalPlanner.java","136901","363145","500046"
"2015-03-27","LogicalPlanner.java","134791","302862","437653"
"2014-02-20","LogicalPlanner.java","26202","33514","59716"
"2015-08-25","LogicalPlanner.java","137478","376474","513952"
"2014-02-24","LogicalPlanner.java","31552","38431","69983"
"2015-07-17","LogicalPlanner.java","136360","363596","499956"
"2015-10-20","LogicalPlanner.java","137949","404663","542612"
"2014-04-30","LogicalPlanner.java","127789","163654","291443"
"2015-05-27","LogicalPlanner.java","135904","354801","490705"
"2014-06-02","LogicalPlanner.java","128407","178463","306870"
"2014-05-12","LogicalPlanner.java","128116","167406","295522"
"2015-08-04","LogicalPlanner.java","137052","369703","506755"
"2014-03-20","LogicalPlanner.java","36055","54569","90624"
"2014-05-26","LogicalPlanner.java","128424","176847","305271"
"2014-05-27","LogicalPlanner.java","128424","177106","305530"
"2015-11-25","LogicalPlanner.java","138031","406681","544712"
"2014-12-05","LogicalPlanner.java","131776","273083","404859"
"2015-06-28","LogicalPlanner.java","136360","362534","498894"
"2014-04-30","LogicalPlanner.java","127656","162140","289796"
"2015-09-23","LogicalPlanner.java","137841","399404","537245"
"2015-07-20","LogicalPlanner.java","136901","363180","500081"
"2015-07-17","LogicalPlanner.java","136373","364082","500455"
"2014-03-31","LogicalPlanner.java","36755","60131","96886"
"2015-07-31","LogicalPlanner.java","136987","367711","504698"
"2015-09-01","LogicalPlanner.java","137592","376152","513744"
"2014-06-07","LogicalPlanner.java","128403","179420","307823"
"2014-01-30","LogicalPlanner.java","22037","22512","44549"
"2014-06-24","LogicalPlanner.java","128472","180963","309435"
"2014-02-20","LogicalPlanner.java","25781","33116","58897"
"2015-09-23","HttpServer.java","84547","417220","501767"
"2013-11-24","HttpServer.java","46299","89947","136246"
"2013-09-13","HttpServer.java","29230","37699","66929"
"2015-08-13","AmbiguousFunctionException.java","3446","5585","9031"
"2015-08-13","AmbiguousPartitionDirectoryExistException.java","26976","33726","60702"
"2015-07-31","AmbiguousPartitionDirectoryExistException.java","24737","27752","52489"
"2015-09-23","HttpServer.java","119131","408156","527287"
"2014-10-25","LogicalPlanner.java","118562","239886","358448"
"2015-06-24","LogicalPlanner.java","139324","360561","499885"
"2014-08-13","LogicalPlanner.java","112011","173215","285226"
"2014-12-08","LogicalPlanner.java","122311","259870","382181"
"2015-04-18","LogicalPlanner.java","138703","312203","450906"
"2015-08-14","LogicalPlanner.java","140445","372096","512541"
"2015-07-22","LogicalPlanner.java","140010","362412","502422"
"2015-10-09","LogicalPlanner.java","141206","403337","544543"
"2014-12-30","LogicalPlanner.java","134817","286957","421774"
"2014-04-08","LogicalPlanner.java","15309","38934","54243"
"2014-07-09","LogicalPlanner.java","110980","161708","272688"
"2015-11-26","LogicalPlanner.java","141311","405574","546885"
"2015-09-10","LogicalPlanner.java","140757","378422","519179"
"2015-09-23","LogicalPlanner.java","141133","398883","540016"
"2015-11-18","LogicalPlanner.java","141276","405435","546711"
"2015-05-11","LogicalPlanner.java","138912","315742","454654"
"2015-08-13","LogicalPlanner.java","140389","370403","510792"
"2014-07-22","LogicalPlanner.java","111831","168476","280307"
"2014-12-18","LogicalPlanner.java","134791","283798","418589"
"2014-02-17","LogicalPlanner.java","1312","2784","4096"
"2014-07-11","LogicalPlanner.java","110986","163640","274626"
"2015-07-30","LogicalPlanner.java","140124","365731","505855"
"2015-11-18","LogicalPlanner.java","141299","405522","546821"
"2015-07-20","LogicalPlanner.java","140010","361809","501819"
"2015-03-27","LogicalPlanner.java","137719","301345","439064"
"2014-02-20","LogicalPlanner.java","3068","5935","9003"
"2015-08-25","LogicalPlanner.java","140641","375192","515833"
"2014-02-24","LogicalPlanner.java","8493","10927","19420"
"2015-07-17","LogicalPlanner.java","139399","362190","501589"
"2015-10-20","LogicalPlanner.java","141231","403500","544731"
"2014-04-30","LogicalPlanner.java","110092","141512","251604"
"2015-05-27","LogicalPlanner.java","138936","353388","492324"
"2014-06-02","LogicalPlanner.java","110744","156355","267099"
"2014-05-12","LogicalPlanner.java","110432","145277","255709"
"2015-08-04","LogicalPlanner.java","140134","368340","508474"
"2014-03-20","LogicalPlanner.java","13765","27834","41599"
"2014-05-26","LogicalPlanner.java","110757","154735","265492"
"2014-05-27","LogicalPlanner.java","110757","154994","265751"
"2015-11-25","LogicalPlanner.java","141307","405512","546819"
"2014-12-05","LogicalPlanner.java","122304","259166","381470"
"2015-06-28","LogicalPlanner.java","139399","361128","500527"
"2014-04-30","LogicalPlanner.java","109954","139993","249947"
"2015-09-23","LogicalPlanner.java","141118","398236","539354"
"2015-07-20","LogicalPlanner.java","140010","361844","501854"
"2015-07-17","LogicalPlanner.java","139418","362682","502100"
"2014-03-31","LogicalPlanner.java","14650","33581","48231"
"2015-07-31","LogicalPlanner.java","140119","366398","506517"
"2015-09-01","LogicalPlanner.java","140758","374873","515631"
"2014-06-07","LogicalPlanner.java","110740","157312","268052"
"2014-06-24","LogicalPlanner.java","110813","158859","269672"
"2014-02-20","LogicalPlanner.java","2506","5396","7902"
"2015-09-23","HttpServer.java","90698","414902","505600"
"2013-11-24","HttpServer.java","26107","61286","87393"
"2015-08-13","AmbiguousPartitionDirectoryExistException.java","4085","7820","11905"
"2015-10-09","LogicalPlanner.java","6006","30472","36478"
"2015-11-26","LogicalPlanner.java","9702","36300","46002"
"2015-09-23","LogicalPlanner.java","4531","24616","29147"
"2015-11-18","LogicalPlanner.java","8685","35179","43864"
"2015-11-18","LogicalPlanner.java","9428","35986","45414"
"2015-10-20","LogicalPlanner.java","6271","30875","37146"
"2015-11-25","LogicalPlanner.java","9646","36186","45832"
"2015-09-23","LogicalPlanner.java","3483","22936","26419"
"2015-09-25","CannotDropCurrentDatabaseException.java","84547","420781","505328"
"2015-08-13","QueryExecutorServlet.java","114851","382961","497812"
"2015-02-14","QueryExecutorServlet.java","113075","306870","419945"
"2015-07-20","QueryExecutorServlet.java","114604","374499","489103"
"2015-03-03","QueryExecutorServlet.java","113071","307723","420794"
"2015-03-06","QueryExecutorServlet.java","113158","308360","421518"
"2014-11-21","QueryExecutorServlet.java","112881","286088","398969"
"2013-11-28","QueryExecutorServlet.java","17235","24409","41644"
"2014-05-21","QueryExecutorServlet.java","112060","187444","299504"
"2014-07-29","QueryExecutorServlet.java","112418","207725","320143"
"2014-11-10","QueryExecutorServlet.java","112819","279971","392790"
"2015-07-24","QueryExecutorServlet.java","114607","375604","490211"
"2013-12-05","QueryExecutorServlet.java","17775","29521","47296"
"2015-08-13","CatalogUpgradeRequiredException.java","84208","389145","473353"
"2015-08-13","QueryExecutorServlet.java","50729","125044","175773"
"2015-07-20","QueryExecutorServlet.java","42699","108799","151498"
"2015-03-03","QueryExecutorServlet.java","387","1244","1631"
"2015-03-06","QueryExecutorServlet.java","1711","3118","4829"
"2015-07-24","QueryExecutorServlet.java","46226","113428","159654"
"2015-08-13","DataTypeMismatchException.java","84208","389145","473353"
"2015-08-04","DataTypeMismatchException.java","84062","386860","470922"
"2015-08-13","DataTypeMismatchException.java","3446","5585","9031"
"2015-10-09","LogicalPlanner.java","1719","6100","7819"
"2015-11-26","LogicalPlanner.java","5564","12077","17641"
"2015-11-18","LogicalPlanner.java","4523","10932","15455"
"2015-11-18","LogicalPlanner.java","5266","11739","17005"
"2015-10-20","LogicalPlanner.java","1998","6517","8515"
"2015-11-25","LogicalPlanner.java","5496","11951","17447"
"2015-08-13","QueryExecutorServlet.java","11470","19685","31155"
"2015-07-24","QueryExecutorServlet.java","4645","5747","10392"
"2015-08-13","DefaultTajoException.java","84208","389145","473353"
"2015-08-13","QueryExecutorServlet.java","50584","124042","174626"
"2015-07-20","QueryExecutorServlet.java","42541","107784","150325"
"2015-03-06","QueryExecutorServlet.java","1324","1874","3198"
"2015-07-24","QueryExecutorServlet.java","46075","112420","158495"
"2015-09-25","DividedByZeroException.java","84547","420781","505328"
"2015-08-13","QueryExecutorServlet.java","50510","123418","173928"
"2015-07-20","QueryExecutorServlet.java","42381","107074","149455"
"2015-07-24","QueryExecutorServlet.java","45923","111718","157641"
"2015-08-13","DuplicateColumnException.java","84208","389145","473353"
"2015-07-20","DuplicateColumnException.java","83983","380705","464688"
"2015-08-13","QueryExecutorServlet.java","90643","185546","276189"
"2015-02-14","QueryExecutorServlet.java","56257","76845","133102"
"2015-07-20","QueryExecutorServlet.java","86801","173489","260290"
"2015-03-03","QueryExecutorServlet.java","56555","78000","134555"
"2015-03-06","QueryExecutorServlet.java","57270","79265","136535"
"2015-07-24","QueryExecutorServlet.java","88556","176346","264902"
"2015-08-13","DuplicateColumnException.java","11470","19685","31155"
"2015-07-20","DuplicateDatabaseException.java","83983","380705","464688"
"2015-08-13","QueryExecutorServlet.java","118948","379884","498832"
"2015-02-14","QueryExecutorServlet.java","115437","302058","417495"
"2015-07-20","QueryExecutorServlet.java","118676","371397","490073"
"2015-03-03","QueryExecutorServlet.java","115433","302911","418344"
"2015-03-06","QueryExecutorServlet.java","115724","303752","419476"
"2014-11-21","QueryExecutorServlet.java","115193","281226","396419"
"2014-05-21","QueryExecutorServlet.java","114158","182368","296526"
"2014-07-29","QueryExecutorServlet.java","114623","202756","317379"
"2014-11-10","QueryExecutorServlet.java","115128","275106","390234"
"2015-07-24","QueryExecutorServlet.java","118680","372503","491183"
"2013-12-05","QueryExecutorServlet.java","660","5232","5892"
"2015-08-13","DuplicateFunctionException.java","84208","389145","473353"
"2015-08-04","DuplicateFunctionException.java","84062","386860","470922"
"2015-08-13","QueryExecutorServlet.java","102851","295577","398428"
"2015-02-14","QueryExecutorServlet.java","81026","199437","280463"
"2015-07-20","QueryExecutorServlet.java","100528","285039","385567"
"2015-03-03","QueryExecutorServlet.java","81216","200484","281700"
"2015-03-06","QueryExecutorServlet.java","81709","201527","283236"
"2014-11-21","QueryExecutorServlet.java","45820","143643","189463"
"2014-07-29","QueryExecutorServlet.java","8849","28772","37621"
"2014-11-10","QueryExecutorServlet.java","44608","136376","180984"
"2015-07-24","QueryExecutorServlet.java","101277","286890","388167"
"2015-08-13","DuplicateFunctionException.java","3446","5585","9031"
"2015-08-13","DuplicateIndexException.java","84208","389145","473353"
"2015-08-13","DuplicatePartitionException.java","84208","389145","473353"
"2015-08-13","QueryExecutorServlet.java","107048","279851","386899"
"2015-02-14","QueryExecutorServlet.java","80455","178943","259398"
"2015-07-20","QueryExecutorServlet.java","104610","269198","373808"
"2015-03-03","QueryExecutorServlet.java","80685","180030","260715"
"2015-03-06","QueryExecutorServlet.java","81216","181111","262327"
"2014-11-21","QueryExecutorServlet.java","41982","119882","161864"
"2014-11-10","QueryExecutorServlet.java","40664","112509","153173"
"2015-07-24","QueryExecutorServlet.java","105432","271122","376554"
"2015-08-13","DuplicateTableException.java","84208","389145","473353"
"2015-08-13","QueryExecutorServlet.java","90399","191357","281756"
"2015-02-14","QueryExecutorServlet.java","56407","83050","139457"
"2015-07-20","QueryExecutorServlet.java","86693","179436","266129"
"2015-03-03","QueryExecutorServlet.java","56694","84194","140888"
"2015-03-06","QueryExecutorServlet.java","57404","85454","142858"
"2014-11-21","QueryExecutorServlet.java","2158","8213","10371"
"2015-07-24","QueryExecutorServlet.java","88448","182293","270741"
"2015-08-13","DuplicateTablespaceException.java","84208","389145","473353"
"2015-07-20","DuplicateTablespaceException.java","83983","380705","464688"
"2015-08-13","DuplicateTablespaceException.java","11470","19685","31155"
"2015-08-13","ErrorMessages.java","11470","19685","31155"
"2015-09-25","ErrorMessages.java","114784","154296","269080"
"2015-07-30","ErrorMessages.java","7595","11403","18998"
"2015-07-22","ErrorMessages.java","1011","1614","2625"
"2015-09-01","ErrorMessages.java","105623","117939","223562"
"2015-09-03","ErrorMessages.java","108828","122365","231193"
"2015-08-19","ErrorMessages.java","103365","114609","217974"
"2015-09-25","ErrorMessages.java","109611","140908","250519"
"2015-09-01","ErrorMessages.java","98008","102109","200117"
"2015-09-03","ErrorMessages.java","101425","106747","208172"
"2015-08-19","ErrorMessages.java","95278","98307","193585"
"2015-08-13","QueryExecutorServlet.java","6972","14085","21057"
"2015-11-26","LogicalPlanner.java","1067","1171","2238"
"2015-11-25","LogicalPlanner.java","997","1043","2040"
"2015-08-13","ErrorMessages.java","4268","8675","12943"
"2015-09-25","ErrorMessages.java","111916","147620","259536"
"2015-09-01","ErrorMessages.java","100577","109085","209662"
"2015-09-03","ErrorMessages.java","103966","113695","217661"
"2015-08-19","ErrorMessages.java","98108","105544","203652"
"2014-10-25","LogicalPlanner.java","128848","254852","383700"
"2015-06-24","LogicalPlanner.java","135540","361457","496997"
"2014-02-04","LogicalPlanner.java","20336","22806","43142"
"2014-08-13","LogicalPlanner.java","128285","194169","322454"
"2014-12-08","LogicalPlanner.java","130885","273124","404009"
"2015-04-18","LogicalPlanner.java","134955","313135","448090"
"2015-08-14","LogicalPlanner.java","136625","372956","509581"
"2015-07-22","LogicalPlanner.java","136191","363273","499464"
"2015-10-09","LogicalPlanner.java","137336","404147","541483"
"2014-12-30","LogicalPlanner.java","131114","287934","419048"
"2014-04-08","LogicalPlanner.java","36066","64371","100437"
"2014-07-09","LogicalPlanner.java","127675","183083","310758"
"2015-11-26","LogicalPlanner.java","137441","406384","543825"
"2014-02-16","LogicalPlanner.java","21585","26265","47850"
"2015-09-10","LogicalPlanner.java","136940","379285","516225"
"2015-09-23","LogicalPlanner.java","137263","399693","536956"
"2015-11-18","LogicalPlanner.java","137406","406245","543651"
"2015-05-11","LogicalPlanner.java","135142","316652","451794"
"2015-08-13","LogicalPlanner.java","136570","371264","507834"
"2014-07-22","LogicalPlanner.java","128111","189436","317547"
"2014-12-18","LogicalPlanner.java","131095","284782","415877"
"2014-02-17","LogicalPlanner.java","22859","29011","51870"
"2014-07-11","LogicalPlanner.java","127675","185009","312684"
"2015-07-30","LogicalPlanner.java","136302","366589","502891"
"2015-11-18","LogicalPlanner.java","137429","406332","543761"
"2015-07-20","LogicalPlanner.java","136191","362670","498861"
"2015-03-27","LogicalPlanner.java","134003","302309","436312"
"2014-02-20","LogicalPlanner.java","24469","32016","56485"
"2015-08-25","LogicalPlanner.java","136824","376055","512879"
"2014-02-24","LogicalPlanner.java","29830","36944","66774"
"2015-07-17","LogicalPlanner.java","135615","363086","498701"
"2015-10-20","LogicalPlanner.java","137361","404310","541671"
"2014-04-30","LogicalPlanner.java","126831","162931","289762"
"2015-05-27","LogicalPlanner.java","135166","354298","489464"
"2014-06-02","LogicalPlanner.java","127453","177744","305197"
"2014-05-12","LogicalPlanner.java","127162","166687","293849"
"2015-08-04","LogicalPlanner.java","136313","369199","505512"
"2014-03-20","LogicalPlanner.java","34723","53472","88195"
"2014-05-26","LogicalPlanner.java","127470","176128","303598"
"2014-05-27","LogicalPlanner.java","127470","176387","303857"
"2015-11-25","LogicalPlanner.java","137437","406322","543759"
"2014-12-05","LogicalPlanner.java","130883","272425","403308"
"2015-06-28","LogicalPlanner.java","135615","362024","497639"
"2014-04-30","LogicalPlanner.java","126698","161417","288115"
"2015-09-23","LogicalPlanner.java","137248","399046","536294"
"2015-07-20","LogicalPlanner.java","136191","362705","498896"
"2015-07-17","LogicalPlanner.java","135634","363578","499212"
"2014-03-31","LogicalPlanner.java","35422","59033","94455"
"2015-07-31","LogicalPlanner.java","136297","367256","503553"
"2015-09-01","LogicalPlanner.java","136941","375736","512677"
"2014-06-07","LogicalPlanner.java","127449","178701","306150"
"2014-01-30","LogicalPlanner.java","19847","20557","40404"
"2014-06-24","LogicalPlanner.java","127522","180248","307770"
"2014-02-20","LogicalPlanner.java","24011","31581","55592"
"2015-08-13","ErrorMessages.java","10549","18161","28710"
"2015-09-25","ErrorMessages.java","114461","153370","267831"
"2015-07-30","ErrorMessages.java","6598","9803","16401"
"2015-09-01","ErrorMessages.java","105264","116977","222241"
"2015-09-03","ErrorMessages.java","108469","121403","229872"
"2015-08-19","ErrorMessages.java","102999","113640","216639"
"2015-09-25","ErrorMessages.java","13906","41102","55008"
"2015-09-03","ErrorMessages.java","3577","4798","8375"
"2015-09-25","ErrorMessages.java","10440","36415","46855"
"2015-06-24","LogicalPlanner.java","19373","63780","83153"
"2015-08-14","LogicalPlanner.java","40743","95564","136307"
"2015-07-22","LogicalPlanner.java","32669","78241","110910"
"2015-10-09","LogicalPlanner.java","92263","177564","269827"
"2015-11-26","LogicalPlanner.java","94447","181880","276327"
"2015-09-10","LogicalPlanner.java","89162","149997","239159"
"2015-09-23","LogicalPlanner.java","91608","172528","264136"
"2015-11-18","LogicalPlanner.java","94212","181541","275753"
"2015-08-13","LogicalPlanner.java","40547","93731","134278"
"2015-07-30","LogicalPlanner.java","38236","87013","125249"
"2015-11-18","LogicalPlanner.java","94257","181650","275907"
"2015-07-20","LogicalPlanner.java","31719","76688","108407"
"2015-08-25","LogicalPlanner.java","82769","140490","223259"
"2015-07-17","LogicalPlanner.java","20435","66396","86831"
"2015-10-20","LogicalPlanner.java","92440","177879","270319"
"2015-05-27","LogicalPlanner.java","13158","50780","63938"
"2015-08-04","LogicalPlanner.java","39148","90524","129672"
"2015-11-25","LogicalPlanner.java","94401","181776","276177"
"2015-06-28","LogicalPlanner.java","20095","64994","85089"
"2015-09-23","LogicalPlanner.java","90849","171137","261986"
"2015-07-20","LogicalPlanner.java","31718","76722","108440"
"2015-07-17","LogicalPlanner.java","20731","67165","87896"
"2015-07-31","LogicalPlanner.java","38460","87909","126369"
"2015-09-01","LogicalPlanner.java","83454","140739","224193"
"2015-08-14","LogicalPlanner.java","274","1911","2185"
"2015-10-09","LogicalPlanner.java","110649","142766","253415"
"2015-11-26","LogicalPlanner.java","113176","147425","260601"
"2015-09-10","LogicalPlanner.java","105933","113584","219517"
"2015-09-23","LogicalPlanner.java","109350","137086","246436"
"2015-11-18","LogicalPlanner.java","112869","147014","259883"
"2015-11-18","LogicalPlanner.java","112920","147129","260049"
"2015-08-25","LogicalPlanner.java","97026","101563","198589"
"2015-10-20","LogicalPlanner.java","110883","143138","254021"
"2015-11-25","LogicalPlanner.java","113125","147316","260441"
"2015-09-23","LogicalPlanner.java","108432","135536","243968"
"2015-09-01","LogicalPlanner.java","98008","102109","200117"
"2015-08-13","QueryExecutorServlet.java","123335","379699","503034"
"2015-02-14","QueryExecutorServlet.java","119801","301850","421651"
"2015-07-20","QueryExecutorServlet.java","123051","371200","494251"
"2015-03-03","QueryExecutorServlet.java","119797","302703","422500"
"2015-03-06","QueryExecutorServlet.java","120088","303544","423632"
"2014-11-21","QueryExecutorServlet.java","119559","281020","400579"
"2014-05-21","QueryExecutorServlet.java","118395","182033","300428"
"2014-07-29","QueryExecutorServlet.java","118903","202464","321367"
"2014-11-10","QueryExecutorServlet.java","119419","274825","394244"
"2015-07-24","QueryExecutorServlet.java","123055","372306","495361"
"2015-09-25","ErrorMessages.java","23855","52123","75978"
"2015-09-01","ErrorMessages.java","10220","11292","21512"
"2015-09-03","ErrorMessages.java","13767","16060","29827"
"2015-08-13","ExceptionUtil.java","11470","19685","31155"
"2015-09-25","ExceptionUtil.java","114784","154296","269080"
"2015-09-16","ExceptionUtil.java","112672","131255","243927"
"2015-09-01","ExceptionUtil.java","105623","117939","223562"
"2015-08-19","ExceptionUtil.java","103457","114886","218343"
"2015-09-25","ExceptionUtil.java","109611","140908","250519"
"2015-09-16","ExceptionUtil.java","107209","117577","224786"
"2015-09-01","ExceptionUtil.java","98008","102109","200117"
"2015-08-19","ExceptionUtil.java","95447","98661","194108"
"2015-09-25","ExceptionUtil.java","2956","23885","26841"
"2014-10-25","LogicalPlanner.java","35159","99838","134997"
"2015-06-24","LogicalPlanner.java","98793","263385","362178"
"2014-08-13","LogicalPlanner.java","1732","6291","8023"
"2014-12-08","LogicalPlanner.java","44125","125039","169164"
"2015-04-18","LogicalPlanner.java","88688","205543","294231"
"2015-08-14","LogicalPlanner.java","106988","281994","388982"
"2015-07-22","LogicalPlanner.java","104663","270420","375083"
"2015-10-09","LogicalPlanner.java","138052","343538","481590"
"2014-12-30","LogicalPlanner.java","71154","166649","237803"
"2015-11-26","LogicalPlanner.java","138603","346221","484824"
"2015-09-10","LogicalPlanner.java","137182","318202","455384"
"2015-09-23","LogicalPlanner.java","137855","338960","476815"
"2015-11-18","LogicalPlanner.java","138538","346052","484590"
"2015-05-11","LogicalPlanner.java","89225","209410","298635"
"2015-08-13","LogicalPlanner.java","106910","280279","387189"
"2014-12-18","LogicalPlanner.java","67592","159954","227546"
"2015-07-30","LogicalPlanner.java","105878","274840","380718"
"2015-11-18","LogicalPlanner.java","138564","346142","484706"
"2015-07-20","LogicalPlanner.java","104484","269638","374122"
"2015-03-27","LogicalPlanner.java","84650","191631","276281"
"2015-08-25","LogicalPlanner.java","132852","310758","443610"
"2015-07-17","LogicalPlanner.java","99110","265256","364366"
"2015-10-20","LogicalPlanner.java","138084","343708","481792"
"2015-05-27","LogicalPlanner.java","96106","253913","350019"
"2015-08-04","LogicalPlanner.java","106188","277749","383937"
"2015-11-25","LogicalPlanner.java","138579","346139","484718"
"2014-12-05","LogicalPlanner.java","43878","124095","167973"
"2015-06-28","LogicalPlanner.java","99039","264123","363162"
"2015-09-23","LogicalPlanner.java","137762","338235","475997"
"2015-07-20","LogicalPlanner.java","104484","269673","374157"
"2015-07-17","LogicalPlanner.java","99171","265790","364961"
"2015-07-31","LogicalPlanner.java","105915","275549","381464"
"2015-09-01","LogicalPlanner.java","133274","310744","444018"
"2015-09-25","ExceptionUtil.java","13906","41102","55008"
"2015-09-16","ExceptionUtil.java","11172","17439","28611"
"2015-03-03","StaticHttpServer.java","82697","314176","396873"
"2015-09-25","ExceptionUtil.java","23700","51783","75483"
"2015-09-16","ExceptionUtil.java","21000","28154","49154"
"2015-09-01","ExceptionUtil.java","10039","10926","20965"
"2015-08-13","InsufficientPrivilegeException.java","3254","3963","7217"
"2015-07-20","ExecutionBlockErrorEvent.java","108386","212992","321378"
"2015-07-20","InvalidDataTypeException.java","114440","374153","488593"
"2015-08-13","InvalidDataTypeException.java","114700","382628","497328"
"2015-08-13","InvalidDataTypeException.java","11470","19685","31155"
"2015-07-20","ExecutionBlockStopEvent.java","18376","18104","36480"
"2015-06-24","LogicalPlanner.java","54725","126955","181680"
"2015-04-18","LogicalPlanner.java","36213","60706","96919"
"2015-08-14","LogicalPlanner.java","70359","153003","223362"
"2015-07-22","LogicalPlanner.java","63812","137207","201019"
"2015-10-09","LogicalPlanner.java","113393","226517","339910"
"2014-12-30","LogicalPlanner.java","5671","8804","14475"
"2015-11-26","LogicalPlanner.java","115218","230474","345692"
"2015-09-10","LogicalPlanner.java","111235","199893","311128"
"2015-09-23","LogicalPlanner.java","112869","221612","334481"
"2015-11-18","LogicalPlanner.java","115031","230183","345214"
"2015-05-11","LogicalPlanner.java","37792","65615","103407"
"2015-08-13","LogicalPlanner.java","70194","151201","221395"
"2015-07-30","LogicalPlanner.java","68666","145266","213932"
"2015-11-18","LogicalPlanner.java","115062","230278","345340"
"2015-07-20","LogicalPlanner.java","62949","135741","198690"
"2015-03-27","LogicalPlanner.java","30330","44949","75279"
"2015-08-25","LogicalPlanner.java","105632","191176","296808"
"2015-07-17","LogicalPlanner.java","55173","128957","184130"
"2015-10-20","LogicalPlanner.java","113478","226740","340218"
"2015-05-27","LogicalPlanner.java","49885","115330","165215"
"2015-08-04","LogicalPlanner.java","69217","148416","217633"
"2015-11-25","LogicalPlanner.java","115176","230374","345550"
"2015-06-28","LogicalPlanner.java","55088","127810","182898"
"2015-09-23","LogicalPlanner.java","112507","220618","333125"
"2015-07-20","LogicalPlanner.java","62948","135775","198723"
"2015-07-17","LogicalPlanner.java","55238","129495","184733"
"2015-07-31","LogicalPlanner.java","68704","145976","214680"
"2015-09-01","LogicalPlanner.java","106085","191193","297278"
"2015-06-08","ExecutionBlockStopEvent.java","7998","13700","21698"
"2015-07-20","ExecutionBlockStopEvent.java","24071","29501","53572"
"2014-10-25","LogicalPlanner.java","119732","239584","359316"
"2015-06-24","LogicalPlanner.java","140764","360529","501293"
"2014-08-13","LogicalPlanner.java","113148","172880","286028"
"2014-12-08","LogicalPlanner.java","123511","259598","383109"
"2015-04-18","LogicalPlanner.java","140141","312169","452310"
"2015-08-14","LogicalPlanner.java","141885","372064","513949"
"2015-07-22","LogicalPlanner.java","141452","362382","503834"
"2015-10-09","LogicalPlanner.java","142646","403305","545951"
"2014-12-30","LogicalPlanner.java","136017","286685","422702"
"2014-04-08","LogicalPlanner.java","14110","36263","50373"
"2014-07-09","LogicalPlanner.java","112119","161375","273494"
"2015-11-26","LogicalPlanner.java","142751","405542","548293"
"2015-09-10","LogicalPlanner.java","142197","378390","520587"
"2015-09-23","LogicalPlanner.java","142573","398851","541424"
"2015-11-18","LogicalPlanner.java","142716","405403","548119"
"2015-05-11","LogicalPlanner.java","140352","315710","456062"
"2015-08-13","LogicalPlanner.java","141829","370371","512200"
"2014-07-22","LogicalPlanner.java","112964","168137","281101"
"2014-12-18","LogicalPlanner.java","135991","283526","419517"
"2014-07-11","LogicalPlanner.java","112125","163307","275432"
"2015-07-30","LogicalPlanner.java","141564","365699","507263"
"2015-11-18","LogicalPlanner.java","142739","405490","548229"
"2015-07-20","LogicalPlanner.java","141452","361779","503231"
"2015-03-27","LogicalPlanner.java","139157","301311","440468"
"2014-02-20","LogicalPlanner.java","1772","3167","4939"
"2015-08-25","LogicalPlanner.java","142081","375160","517241"
"2014-02-24","LogicalPlanner.java","7199","8161","15360"
"2015-07-17","LogicalPlanner.java","140839","362158","502997"
"2015-10-20","LogicalPlanner.java","142671","403468","546139"
"2014-04-30","LogicalPlanner.java","111195","141143","252338"
"2015-05-27","LogicalPlanner.java","140376","353356","493732"
"2014-06-02","LogicalPlanner.java","111883","156022","267905"
"2014-05-12","LogicalPlanner.java","111535","144908","256443"
"2015-08-04","LogicalPlanner.java","141574","368308","509882"
"2014-03-20","LogicalPlanner.java","12543","25140","37683"
"2014-05-26","LogicalPlanner.java","111867","154373","266240"
"2014-05-27","LogicalPlanner.java","111867","154632","266499"
"2015-11-25","LogicalPlanner.java","142747","405480","548227"
"2014-12-05","LogicalPlanner.java","123504","258894","382398"
"2015-06-28","LogicalPlanner.java","140839","361096","501935"
"2014-04-30","LogicalPlanner.java","111057","139624","250681"
"2015-09-23","LogicalPlanner.java","142558","398204","540762"
"2015-07-20","LogicalPlanner.java","141452","361814","503266"
"2015-07-17","LogicalPlanner.java","140858","362650","503508"
"2014-03-31","LogicalPlanner.java","13455","30914","44369"
"2015-07-31","LogicalPlanner.java","141559","366366","507925"
"2015-09-01","LogicalPlanner.java","142198","374841","517039"
"2014-06-07","LogicalPlanner.java","111879","156979","268858"
"2014-06-24","LogicalPlanner.java","111952","158526","270478"
"2014-02-20","LogicalPlanner.java","1206","2624","3830"
"2015-08-13","InvalidNameException.java","84208","389145","473353"
"2015-07-20","InvalidNameException.java","83983","380705","464688"
"2014-10-25","LogicalPlanner.java","35733","104403","140136"
"2015-06-24","LogicalPlanner.java","96950","265533","362483"
"2014-08-13","LogicalPlanner.java","3169","11719","14888"
"2014-12-08","LogicalPlanner.java","44670","129575","174245"
"2015-04-18","LogicalPlanner.java","86970","207816","294786"
"2015-08-14","LogicalPlanner.java","105107","284104","389211"
"2015-07-22","LogicalPlanner.java","102791","272539","375330"
"2015-10-09","LogicalPlanner.java","135412","344889","480301"
"2014-12-30","LogicalPlanner.java","69649","169135","238784"
"2015-11-26","LogicalPlanner.java","135963","347572","483535"
"2015-09-10","LogicalPlanner.java","134543","319554","454097"
"2015-09-23","LogicalPlanner.java","135215","340311","475526"
"2015-11-18","LogicalPlanner.java","135898","347403","483301"
"2015-05-11","LogicalPlanner.java","87474","211650","299124"
"2015-08-13","LogicalPlanner.java","105029","282389","387418"
"2014-07-22","LogicalPlanner.java","1506","5497","7003"
"2014-12-18","LogicalPlanner.java","66095","162448","228543"
"2015-07-30","LogicalPlanner.java","104004","276957","380961"
"2015-11-18","LogicalPlanner.java","135924","347493","483417"
"2015-07-20","LogicalPlanner.java","102612","271757","374369"
"2015-03-27","LogicalPlanner.java","82968","193940","276908"
"2015-08-25","LogicalPlanner.java","130213","312110","442323"
"2015-07-17","LogicalPlanner.java","97242","267379","364621"
"2015-10-20","LogicalPlanner.java","135444","345059","480503"
"2015-05-27","LogicalPlanner.java","94297","256095","350392"
"2015-08-04","LogicalPlanner.java","104315","279867","384182"
"2015-11-25","LogicalPlanner.java","135939","347490","483429"
"2014-12-05","LogicalPlanner.java","44424","128632","173056"
"2015-06-28","LogicalPlanner.java","97171","266246","363417"
"2015-09-23","LogicalPlanner.java","135123","339587","474710"
"2015-07-20","LogicalPlanner.java","102612","271792","374404"
"2015-07-17","LogicalPlanner.java","97303","267913","365216"
"2015-07-31","LogicalPlanner.java","104042","277667","381709"
"2015-09-01","LogicalPlanner.java","130635","312096","442731"
"2015-08-13","InvalidNameException.java","11470","19685","31155"
"2015-07-20","NodeResourceAllocateEvent.java","24071","29501","53572"
"2015-07-20","NodeResourceDeallocateEvent.java","24071","29501","53572"
"2015-08-04","InvalidSessionException.java","84062","386860","470922"
"2015-09-25","InvalidSessionVariableException.java","84547","420781","505328"
"2015-08-13","InvalidTablePropertyException.java","84208","389145","473353"
"2015-08-04","InvalidTablePropertyException.java","84062","386860","470922"
"2015-07-20","NodeResourceEvent.java","18376","18104","36480"
"2015-08-13","InvalidTablePropertyException.java","3446","5585","9031"
"2015-09-25","InvalidURLException.java","84547","420781","505328"
"2015-09-16","InvalidValueForCastException.java","84377","410628","495005"
"2015-07-20","QueryStopEvent.java","108386","212992","321378"
"2015-07-20","TaskStartEvent.java","18376","18104","36480"
"2015-08-13","LMDNoMatchedDatatypeException.java","84208","389145","473353"
"2015-08-04","LMDNoMatchedDatatypeException.java","84062","386860","470922"
"2015-08-13","LMDNoMatchedDatatypeException.java","3446","5585","9031"
"2015-07-20","MetadataConnectionException.java","83983","380705","464688"
"2015-08-13","MissingTablePropertyException.java","84208","389145","473353"
"2015-08-04","MissingTablePropertyException.java","84062","386860","470922"
"2015-12-24","ExecutionBlockContext.java","147825","302247","450072"
"2015-05-06","ExecutionBlockContext.java","93230","153659","246889"
"2015-06-08","ExecutionBlockContext.java","103121","207999","311120"
"2015-07-20","ExecutionBlockContext.java","108386","212992","321378"
"2014-12-18","ExecutionBlockContext.java","69324","102891","172215"
"2015-04-16","ExecutionBlockContext.java","90069","144819","234888"
"2015-02-06","ExecutionBlockContext.java","83557","123796","207353"
"2015-11-26","ExecutionBlockContext.java","147563","296931","444494"
"2015-09-21","ExecutionBlockContext.java","146475","286722","433197"
"2015-04-19","ExecutionBlockContext.java","92781","150969","243750"
"2015-11-18","ExecutionBlockContext.java","147386","296050","443436"
"2015-05-08","ExecutionBlockContext.java","93323","153944","247267"
"2015-03-17","ExecutionBlockContext.java","85487","128741","214228"
"2015-12-24","ExecutionBlockContext.java","95460","189453","284913"
"2015-06-08","ExecutionBlockContext.java","17968","62417","80385"
"2015-07-20","ExecutionBlockContext.java","29234","73411","102645"
"2015-11-26","ExecutionBlockContext.java","94470","183409","277879"
"2015-09-21","ExecutionBlockContext.java","90579","170397","260976"
"2015-11-18","ExecutionBlockContext.java","93751","181986","275737"
"2015-05-08","ExecutionBlockContext.java","232","424","656"
"2015-08-13","MissingTablePropertyException.java","3446","5585","9031"
"2015-12-24","ExecutionBlockContext.java","130443","179987","310430"
"2015-07-20","ExecutionBlockContext.java","18376","18104","36480"
"2015-11-26","ExecutionBlockContext.java","129356","173846","303202"
"2015-09-21","ExecutionBlockContext.java","125199","160568","285767"
"2015-11-18","ExecutionBlockContext.java","128548","172334","300882"
"2015-08-13","QueryFailedException.java","84208","389145","473353"
"2015-08-04","QueryFailedException.java","84062","386860","470922"
"2015-08-14","LogicalPlanner.java","4536","10580","15116"
"2015-10-09","LogicalPlanner.java","112907","149431","262338"
"2015-11-26","LogicalPlanner.java","115411","154067","269478"
"2015-09-10","LogicalPlanner.java","108455","120513","228968"
"2015-09-23","LogicalPlanner.java","111715","143858","255573"
"2015-11-18","LogicalPlanner.java","115107","153659","268766"
"2015-08-13","LogicalPlanner.java","4268","8675","12943"
"2015-11-18","LogicalPlanner.java","115158","153774","268932"
"2015-08-25","LogicalPlanner.java","99780","108724","208504"
"2015-10-20","LogicalPlanner.java","113141","149803","262944"
"2015-08-04","LogicalPlanner.java","1552","4151","5703"
"2015-11-25","LogicalPlanner.java","115360","153958","269318"
"2015-09-23","LogicalPlanner.java","110826","142337","253163"
"2015-07-31","LogicalPlanner.java","340","1012","1352"
"2015-09-01","LogicalPlanner.java","100577","109085","209662"
"2015-12-24","ExecutionBlockContext.java","120536","170352","290888"
"2015-11-26","ExecutionBlockContext.java","119408","164170","283578"
"2015-09-21","ExecutionBlockContext.java","114707","150348","265055"
"2015-11-18","ExecutionBlockContext.java","118572","162630","281202"
"2015-08-13","QueryFailedException.java","3446","5585","9031"
"2015-12-24","ExecutionBlockContext.java","115986","236841","352827"
"2015-05-06","ExecutionBlockContext.java","37232","64094","101326"
"2015-06-08","ExecutionBlockContext.java","53486","124797","178283"
"2015-07-20","ExecutionBlockContext.java","61116","132155","193271"
"2015-04-16","ExecutionBlockContext.java","33331","54514","87845"
"2015-02-06","ExecutionBlockContext.java","24124","30796","54920"
"2015-11-26","ExecutionBlockContext.java","115262","231063","346325"
"2015-09-21","ExecutionBlockContext.java","112386","219066","331452"
"2015-04-19","ExecutionBlockContext.java","36282","60903","97185"
"2015-11-18","ExecutionBlockContext.java","114733","229830","344563"
"2015-05-08","ExecutionBlockContext.java","37388","64442","101830"
"2015-03-17","ExecutionBlockContext.java","27228","36915","64143"
"2015-11-26","LogicalPlanner.java","324","364","688"
"2015-11-25","LogicalPlanner.java","254","236","490"
"2015-08-13","QueryKilledException.java","84208","389145","473353"
"2015-08-04","QueryKilledException.java","84062","386860","470922"
"2015-12-24","ExecutionBlockContext.java","98610","198282","296892"
"2015-05-06","ExecutionBlockContext.java","6099","11778","17877"
"2015-06-08","ExecutionBlockContext.java","23848","73976","97824"
"2015-07-20","ExecutionBlockContext.java","34929","84785","119714"
"2015-11-26","ExecutionBlockContext.java","97691","192309","290000"
"2015-09-21","ExecutionBlockContext.java","94154","179651","273805"
"2015-04-19","ExecutionBlockContext.java","3651","7089","10740"
"2015-11-18","ExecutionBlockContext.java","97015","190929","287944"
"2015-05-08","ExecutionBlockContext.java","6327","12198","18525"
"2015-08-13","QueryKilledException.java","3446","5585","9031"
"2015-12-24","ExecutionBlockContext.java","100042","214225","314267"
"2015-05-06","ExecutionBlockContext.java","14247","34437","48684"
"2015-06-08","ExecutionBlockContext.java","31317","95956","127273"
"2015-07-20","ExecutionBlockContext.java","41077","105444","146521"
"2015-04-16","ExecutionBlockContext.java","9904","24415","34319"
"2015-11-26","ExecutionBlockContext.java","99169","208298","307467"
"2015-09-21","ExecutionBlockContext.java","95900","195908","291808"
"2015-04-19","ExecutionBlockContext.java","13082","31031","44113"
"2015-11-18","ExecutionBlockContext.java","98604","207029","305633"
"2015-05-08","ExecutionBlockContext.java","14474","34856","49330"
"2015-03-17","ExecutionBlockContext.java","3365","6380","9745"
"2015-08-13","QueryNotFoundException.java","84208","389145","473353"
"2015-08-04","QueryNotFoundException.java","84062","386860","470922"
"2015-08-13","QueryNotFoundException.java","3446","5585","9031"
"2015-08-13","ReturnStateUtil.java","11470","19685","31155"
"2015-09-24","ReturnStateUtil.java","114698","154041","268739"
"2015-07-30","ReturnStateUtil.java","7595","11403","18998"
"2015-09-24","ReturnStateUtil.java","109517","140645","250162"
"2015-12-24","ExecutionBlockContext.java","5906","10960","16866"
"2015-08-13","ReturnStateUtil.java","4268","8675","12943"
"2015-09-24","ReturnStateUtil.java","111830","147365","259195"
"2015-09-03","SQLExceptionUtil.java","108828","122365","231193"
"2015-08-04","SQLExceptionUtil.java","8785","14861","23646"
"2015-09-03","SQLExceptionUtil.java","103969","111430","215399"
"2015-12-24","ExecutionBlockContext.java","13023","27198","40221"
"2015-11-26","ExecutionBlockContext.java","7293","16414","23707"
"2015-11-18","ExecutionBlockContext.java","5541","13958","19499"
"2015-08-04","TajoError.java","8785","14861","23646"
"2015-08-04","TajoException.java","8785","14861","23646"
"2015-09-03","TajoException.java","108828","122365","231193"
"2015-08-14","LogicalPlanner.java","11729","21581","33310"
"2015-07-22","LogicalPlanner.java","1011","1614","2625"
"2015-10-09","LogicalPlanner.java","115685","156017","271702"
"2015-11-26","LogicalPlanner.java","118077","160541","278618"
"2015-09-10","LogicalPlanner.java","111556","127422","238978"
"2015-09-23","LogicalPlanner.java","114590","150541","265131"
"2015-11-18","LogicalPlanner.java","117788","160148","277936"
"2015-08-13","LogicalPlanner.java","11470","19685","31155"
"2015-07-30","LogicalPlanner.java","7595","11403","18998"
"2015-11-18","LogicalPlanner.java","117833","160257","278090"
"2015-08-25","LogicalPlanner.java","104903","117655","222558"
"2015-10-20","LogicalPlanner.java","115903","156373","272276"
"2015-08-04","LogicalPlanner.java","8934","15341","24275"
"2015-11-25","LogicalPlanner.java","118026","160432","278458"
"2015-09-23","LogicalPlanner.java","113703","149022","262725"
"2015-07-31","LogicalPlanner.java","7917","12397","20314"
"2015-09-01","LogicalPlanner.java","105623","117939","223562"
"2015-09-03","TajoException.java","103969","111430","215399"
"2015-07-20","TajoInternalError.java","114440","374153","488593"
"2015-08-19","TajoRuntimeException.java","103457","114886","218343"
"2015-07-22","TajoRuntimeException.java","1011","1614","2625"
"2015-12-24","ExecutionBlockContext.java","96480","192714","289194"
"2015-05-06","ExecutionBlockContext.java","2843","5084","7927"
"2015-06-08","ExecutionBlockContext.java","20710","67400","88110"
"2015-07-20","ExecutionBlockContext.java","31835","78253","110088"
"2015-11-26","ExecutionBlockContext.java","95522","186702","282224"
"2015-09-21","ExecutionBlockContext.java","91870","173929","265799"
"2015-11-18","ExecutionBlockContext.java","94811","185287","280098"
"2015-05-08","ExecutionBlockContext.java","3073","5506","8579"
"2015-08-19","TajoRuntimeException.java","103093","113919","217012"
"2015-08-13","UnavailableTableLocationException.java","84208","389145","473353"
"2015-08-04","UnavailableTableLocationException.java","84062","386860","470922"
"2015-12-24","ExecutionBlockContext.java","7775","13533","21308"
"2015-11-26","ExecutionBlockContext.java","1875","2579","4454"
"2015-08-13","UnavailableTableLocationException.java","3446","5585","9031"
"2015-07-20","UndefinedColumnException.java","83983","380705","464688"
"2015-07-20","UndefinedDatabaseException.java","83983","380705","464688"
"2015-12-24","ExecutionBlockContext.java","95571","189372","284943"
"2015-06-08","ExecutionBlockContext.java","17739","61996","79735"
"2015-07-20","ExecutionBlockContext.java","29367","73352","102719"
"2015-11-26","ExecutionBlockContext.java","94584","183331","277915"
"2015-09-21","ExecutionBlockContext.java","90712","170338","261050"
"2015-11-18","ExecutionBlockContext.java","93863","181906","275769"
"2015-08-13","UndefinedFunctionException.java","84208","389145","473353"
"2015-08-04","UndefinedFunctionException.java","84062","386860","470922"
"2015-12-24","ExecutionBlockContext.java","99632","210800","310432"
"2015-05-06","ExecutionBlockContext.java","12401","29576","41977"
"2015-06-08","ExecutionBlockContext.java","29652","91276","120928"
"2015-07-20","ExecutionBlockContext.java","39719","101071","140790"
"2015-04-16","ExecutionBlockContext.java","7934","19430","27364"
"2015-11-26","ExecutionBlockContext.java","98750","204864","303614"
"2015-09-21","ExecutionBlockContext.java","95524","192517","288041"
"2015-04-19","ExecutionBlockContext.java","11171","26105","37276"
"2015-11-18","ExecutionBlockContext.java","98176","203586","301762"
"2015-05-08","ExecutionBlockContext.java","12628","29995","42623"
"2015-08-13","UndefinedFunctionException.java","3446","5585","9031"
"2015-08-13","UndefinedIndexException.java","84208","389145","473353"
"2015-07-30","UndefinedIndexException.java","84059","384589","468648"
"2015-07-20","UndefinedIndexException.java","83983","380705","464688"
"2014-10-25","ExecutionBlockSharedResource.java","34831","41979","76810"
"2015-03-13","ExecutionBlockSharedResource.java","85535","129939","215474"
"2014-09-15","ExecutionBlockSharedResource.java","855","2076","2931"
"2015-08-13","UndefinedIndexException.java","4268","8675","12943"
"2015-08-13","UndefinedIndexException.java","11470","19685","31155"
"2015-07-30","UndefinedIndexException.java","7595","11403","18998"
"2015-03-13","ExecutionBlockSharedResource.java","56491","93747","150238"
"2015-07-20","UndefinedOperatorException.java","114440","374153","488593"
"2014-10-25","ExecutionBlockSharedResource.java","34136","40063","74199"
"2015-03-13","ExecutionBlockSharedResource.java","85282","128465","213747"
"2015-08-13","UndefinedPartitionKeyException.java","26976","33726","60702"
"2015-07-31","UndefinedPartitionKeyException.java","24737","27752","52489"
"2015-08-13","UndefinedPartitionKeyException.java","4085","7820","11905"
"2015-08-13","UndefinedPartitionMethodException.java","26976","33726","60702"
"2015-07-31","UndefinedPartitionMethodException.java","24737","27752","52489"
"2015-09-24","UndefinedPartitionMethodException.java","124631","162509","287140"
"2015-06-24","LogicalPlanner.java","28807","86418","115225"
"2015-04-18","LogicalPlanner.java","7583","17457","25040"
"2015-08-14","LogicalPlanner.java","48416","116441","164857"
"2015-07-22","LogicalPlanner.java","40736","99512","140248"
"2015-10-09","LogicalPlanner.java","95864","194369","290233"
"2015-11-26","LogicalPlanner.java","97930","198567","296497"
"2015-09-10","LogicalPlanner.java","93138","167177","260315"
"2015-09-23","LogicalPlanner.java","95256","189380","284636"
"2015-11-18","LogicalPlanner.java","97733","198266","295999"
"2015-05-11","LogicalPlanner.java","10445","23649","34094"
"2015-08-13","LogicalPlanner.java","48236","114624","162860"
"2015-07-30","LogicalPlanner.java","46110","108091","154201"
"2015-11-18","LogicalPlanner.java","97769","198366","296135"
"2015-07-20","LogicalPlanner.java","39803","97976","137779"
"2015-08-25","LogicalPlanner.java","86974","157899","244873"
"2015-07-17","LogicalPlanner.java","29591","88756","118347"
"2015-10-20","LogicalPlanner.java","95969","194612","290581"
"2015-05-27","LogicalPlanner.java","23395","74221","97616"
"2015-08-04","LogicalPlanner.java","46935","111515","158450"
"2015-11-25","LogicalPlanner.java","97885","198464","296349"
"2015-06-28","LogicalPlanner.java","29492","87595","117087"
"2015-09-23","LogicalPlanner.java","94764","188256","283020"
"2015-07-20","LogicalPlanner.java","39802","98010","137812"
"2015-07-17","LogicalPlanner.java","29879","89517","119396"
"2015-07-31","LogicalPlanner.java","46317","108970","155287"
"2015-09-01","LogicalPlanner.java","87637","158126","245763"
"2015-09-24","UndefinedPartitionMethodException.java","109517","140645","250162"
"2015-08-13","UndefinedPartitionMethodException.java","4085","7820","11905"
"2015-09-24","UndefinedPartitionMethodException.java","111935","146798","258733"
"2015-12-24","FetchImpl.java","120536","170352","290888"
"2015-10-09","FetchImpl.java","116788","158916","275704"
"2015-08-13","UndefinedTableException.java","84208","389145","473353"
"2015-08-04","UndefinedTableException.java","84062","386860","470922"
"2015-07-20","UndefinedTableException.java","83983","380705","464688"
"2015-07-20","FetchImpl.java","97393","287690","385083"
"2014-10-25","FetchImpl.java","39173","130791","169964"
"2014-12-18","FetchImpl.java","68077","187335","255412"
"2015-12-24","FetchImpl.java","125631","365744","491375"
"2014-08-21","FetchImpl.java","11888","47835","59723"
"2015-10-09","FetchImpl.java","124933","357358","482291"
"2014-10-08","FetchImpl.java","13914","103417","117331"
"2014-07-23","FetchImpl.java","10402","37478","47880"
"2014-08-11","FetchImpl.java","10799","40277","51076"
"2015-07-20","FetchImpl.java","82712","181391","264103"
"2014-12-18","FetchImpl.java","38635","66275","104910"
"2015-12-24","FetchImpl.java","125686","274181","399867"
"2015-10-09","FetchImpl.java","124328","265135","389463"
"2015-08-13","UndefinedTableException.java","3446","5585","9031"
"2015-07-20","FetchImpl.java","61116","132155","193271"
"2015-12-24","FetchImpl.java","115986","236841","352827"
"2015-10-09","FetchImpl.java","113360","226527","339887"
"2015-08-13","UndefinedTableException.java","11470","19685","31155"
"2015-08-04","UndefinedTableException.java","8785","14861","23646"
"2015-08-13","UndefinedTablespaceException.java","84208","389145","473353"
"2015-07-20","UndefinedTablespaceException.java","83983","380705","464688"
"2015-07-20","FetchImpl.java","107417","261767","369184"
"2014-10-25","FetchImpl.java","35021","90692","125713"
"2014-12-18","FetchImpl.java","69756","153067","222823"
"2015-12-24","FetchImpl.java","145037","349203","494240"
"2015-10-09","FetchImpl.java","144174","340652","484826"
"2014-10-08","FetchImpl.java","2711","56267","58978"
"2015-08-13","UndefinedTablespaceException.java","11470","19685","31155"
"2015-08-13","UnknownDataFormatException.java","84208","389145","473353"
"2015-08-04","UnknownDataFormatException.java","84062","386860","470922"
"2015-08-13","UnknownDataFormatException.java","3446","5585","9031"
"2014-10-25","LogicalPlanner.java","120298","238755","359053"
"2015-06-24","LogicalPlanner.java","141613","359983","501596"
"2014-08-13","LogicalPlanner.java","113691","172028","285719"
"2014-12-08","LogicalPlanner.java","124128","258820","382948"
"2015-04-18","LogicalPlanner.java","140977","311610","452587"
"2015-08-14","LogicalPlanner.java","142871","371655","514526"
"2015-07-22","LogicalPlanner.java","142345","361880","504225"
"2015-10-09","LogicalPlanner.java","143644","402908","546552"
"2014-12-30","LogicalPlanner.java","136705","285978","422683"
"2014-04-08","LogicalPlanner.java","13235","33993","47228"
"2014-07-09","LogicalPlanner.java","112658","160519","273177"
"2015-11-26","LogicalPlanner.java","143773","405169","548942"
"2015-09-10","LogicalPlanner.java","143187","377985","521172"
"2015-09-23","LogicalPlanner.java","143572","398455","542027"
"2015-11-18","LogicalPlanner.java","143736","405028","548764"
"2015-05-11","LogicalPlanner.java","141192","315155","456347"
"2015-08-13","LogicalPlanner.java","142815","369962","512777"
"2014-07-22","LogicalPlanner.java","113507","167285","280792"
"2014-12-18","LogicalPlanner.java","136680","282820","419500"
"2014-07-11","LogicalPlanner.java","112664","162451","275115"
"2015-07-30","LogicalPlanner.java","142467","365207","507674"
"2015-11-18","LogicalPlanner.java","143761","405117","548878"
"2015-07-20","LogicalPlanner.java","142345","361277","503622"
"2015-03-27","LogicalPlanner.java","139917","300676","440593"
"2015-08-25","LogicalPlanner.java","143067","374751","517818"
"2014-02-24","LogicalPlanner.java","5437","5004","10441"
"2015-07-17","LogicalPlanner.java","141688","361612","503300"
"2015-10-20","LogicalPlanner.java","143669","403071","546740"
"2014-04-30","LogicalPlanner.java","111691","140244","251935"
"2015-05-27","LogicalPlanner.java","141216","352801","494017"
"2014-06-02","LogicalPlanner.java","112388","155132","267520"
"2014-05-12","LogicalPlanner.java","112040","144018","256058"
"2015-08-04","LogicalPlanner.java","142482","367821","510303"
"2014-03-20","LogicalPlanner.java","11637","22839","34476"
"2014-05-26","LogicalPlanner.java","112372","153483","265855"
"2014-05-27","LogicalPlanner.java","112372","153742","266114"
"2015-11-25","LogicalPlanner.java","143769","405107","548876"
"2014-12-05","LogicalPlanner.java","124121","258116","382237"
"2015-06-28","LogicalPlanner.java","141688","360550","502238"
"2014-04-30","LogicalPlanner.java","111553","138725","250278"
"2015-09-23","LogicalPlanner.java","143557","397808","541365"
"2015-07-20","LogicalPlanner.java","142345","361312","503657"
"2015-07-17","LogicalPlanner.java","141706","362103","503809"
"2014-03-31","LogicalPlanner.java","12572","28636","41208"
"2015-07-31","LogicalPlanner.java","142466","365878","508344"
"2015-09-01","LogicalPlanner.java","143188","374436","517624"
"2014-06-07","LogicalPlanner.java","112385","156090","268475"
"2014-06-24","LogicalPlanner.java","112458","157637","270095"
"2015-08-13","UnsupportedDataTypeException.java","84208","389145","473353"
"2015-08-19","UnsupportedDataTypeException.java","84217","392368","476585"
"2015-10-09","LogicalPlanner.java","16059","43639","59698"
"2015-11-26","LogicalPlanner.java","19551","49263","68814"
"2015-09-10","LogicalPlanner.java","10385","13499","23884"
"2015-09-23","LogicalPlanner.java","14625","37824","52449"
"2015-11-18","LogicalPlanner.java","18548","48156","66704"
"2015-11-18","LogicalPlanner.java","19288","48960","68248"
"2015-10-20","LogicalPlanner.java","16321","44039","60360"
"2015-11-25","LogicalPlanner.java","19500","49154","68654"
"2015-09-23","LogicalPlanner.java","13623","36190","49813"
"2015-09-01","LogicalPlanner.java","1034","598","1632"
"2015-08-19","UnsupportedDataTypeException.java","95447","98661","194108"
"2015-12-24","FetchImpl.java","10168","17856","28024"
"2014-10-15","ClassNameSerializer.java","82548","281343","363891"
"2013-08-08","ClassNameSerializer.java","16854","10029","26883"
"2015-07-20","FetchImpl.java","109299","210093","319392"
"2014-10-25","FetchImpl.java","32854","34969","67823"
"2014-12-18","FetchImpl.java","69010","98765","167775"
"2015-12-24","FetchImpl.java","149313","299923","449236"
"2015-10-09","FetchImpl.java","148339","291261","439600"
"2014-10-15","ClassNameSerializer.java","74167","279787","353954"
"2013-12-23","DatumAdapter.java","48415","106907","155322"
"2014-11-18","DatumAdapter.java","82589","292140","374729"
"2015-04-18","DatumAdapter.java","83614","332037","415651"
"2014-04-24","DatumAdapter.java","81830","186096","267926"
"2014-11-18","DatumAdapter.java","127044","278103","405147"
"2015-04-18","DatumAdapter.java","130470","320401","450871"
"2014-04-24","DatumAdapter.java","125276","171050","296326"
"2014-10-25","LogicalPlanner.java","119687","238577","358264"
"2015-06-24","LogicalPlanner.java","141046","359849","500895"
"2014-08-13","LogicalPlanner.java","113080","171850","284930"
"2014-12-08","LogicalPlanner.java","123555","258680","382235"
"2015-04-18","LogicalPlanner.java","140404","311470","451874"
"2015-08-14","LogicalPlanner.java","142304","371521","513825"
"2015-07-22","LogicalPlanner.java","141778","361746","503524"
"2015-10-09","LogicalPlanner.java","143077","402774","545851"
"2014-12-30","LogicalPlanner.java","136132","285838","421970"
"2014-04-08","LogicalPlanner.java","7867","29058","36925"
"2014-07-09","LogicalPlanner.java","112047","160341","272388"
"2015-11-26","LogicalPlanner.java","143206","405035","548241"
"2015-09-10","LogicalPlanner.java","142620","377851","520471"
"2015-09-23","LogicalPlanner.java","143005","398321","541326"
"2015-11-18","LogicalPlanner.java","143169","404894","548063"
"2015-05-11","LogicalPlanner.java","140620","315016","455636"
"2015-08-13","LogicalPlanner.java","142248","369828","512076"
"2014-07-22","LogicalPlanner.java","112896","167107","280003"
"2014-12-18","LogicalPlanner.java","136107","282680","418787"
"2014-07-11","LogicalPlanner.java","112053","162273","274326"
"2015-07-30","LogicalPlanner.java","141900","365073","506973"
"2015-11-18","LogicalPlanner.java","143194","404983","548177"
"2015-07-20","LogicalPlanner.java","141778","361143","502921"
"2015-03-27","LogicalPlanner.java","139344","300536","439880"
"2015-08-25","LogicalPlanner.java","142500","374617","517117"
"2015-07-17","LogicalPlanner.java","141121","361478","502599"
"2015-10-20","LogicalPlanner.java","143102","402937","546039"
"2014-04-30","LogicalPlanner.java","111021","140007","251028"
"2015-05-27","LogicalPlanner.java","140644","352662","493306"
"2014-06-02","LogicalPlanner.java","111718","154895","266613"
"2014-05-12","LogicalPlanner.java","111370","143781","255151"
"2015-08-04","LogicalPlanner.java","141915","367687","509602"
"2014-03-20","LogicalPlanner.java","6250","17885","24135"
"2014-05-26","LogicalPlanner.java","111702","153246","264948"
"2014-05-27","LogicalPlanner.java","111702","153505","265207"
"2015-11-25","LogicalPlanner.java","143202","404973","548175"
"2014-12-05","LogicalPlanner.java","123548","257976","381524"
"2015-06-28","LogicalPlanner.java","141121","360416","501537"
"2014-04-30","LogicalPlanner.java","110883","138488","249371"
"2015-09-23","LogicalPlanner.java","142990","397674","540664"
"2015-07-20","LogicalPlanner.java","141778","361178","502956"
"2015-07-17","LogicalPlanner.java","141139","361969","503108"
"2014-03-31","LogicalPlanner.java","7193","23690","30883"
"2015-07-31","LogicalPlanner.java","141899","365744","507643"
"2015-09-01","LogicalPlanner.java","142621","374302","516923"
"2014-06-07","LogicalPlanner.java","111715","155853","267568"
"2014-06-24","LogicalPlanner.java","111788","157400","269188"
"2015-04-18","DatumAdapter.java","66053","104925","170978"
"2015-07-20","FetchImpl.java","103311","266532","369843"
"2014-10-25","FetchImpl.java","35118","99660","134778"
"2014-12-18","FetchImpl.java","67594","159776","227370"
"2015-12-24","FetchImpl.java","138964","352001","490965"
"2014-08-21","FetchImpl.java","2191","11062","13253"
"2015-10-09","FetchImpl.java","138164","343513","481677"
"2014-10-08","FetchImpl.java","4564","66991","71555"
"2014-08-11","FetchImpl.java","483","2885","3368"
"2014-10-25","LogicalPlanner.java","129263","256219","385482"
"2015-06-24","LogicalPlanner.java","135254","362123","497377"
"2014-02-04","LogicalPlanner.java","24324","27746","52070"
"2014-08-13","LogicalPlanner.java","128733","195569","324302"
"2014-12-08","LogicalPlanner.java","130755","273946","404701"
"2015-04-18","LogicalPlanner.java","134685","313817","448502"
"2015-08-14","LogicalPlanner.java","136245","373528","509773"
"2015-07-22","LogicalPlanner.java","135865","363899","499764"
"2015-10-09","LogicalPlanner.java","136893","404656","541549"
"2014-12-30","LogicalPlanner.java","130984","288756","419740"
"2014-04-08","LogicalPlanner.java","38890","68147","107037"
"2014-07-09","LogicalPlanner.java","128147","184507","312654"
"2014-01-25","LogicalPlanner.java","2027","3214","5241"
"2015-11-26","LogicalPlanner.java","137004","406899","543903"
"2014-02-16","LogicalPlanner.java","25530","31162","56692"
"2015-09-10","LogicalPlanner.java","136560","379857","516417"
"2015-09-23","LogicalPlanner.java","136826","400208","537034"
"2015-11-18","LogicalPlanner.java","136969","406760","543729"
"2014-01-26","LogicalPlanner.java","4089","5041","9130"
"2015-05-11","LogicalPlanner.java","134849","317311","452160"
"2015-08-13","LogicalPlanner.java","136190","371836","508026"
"2014-07-22","LogicalPlanner.java","128581","190858","319439"
"2014-12-18","LogicalPlanner.java","130965","285604","416569"
"2014-02-17","LogicalPlanner.java","26677","33781","60458"
"2014-07-11","LogicalPlanner.java","128147","186433","314580"
"2015-07-30","LogicalPlanner.java","135955","367194","503149"
"2015-11-18","LogicalPlanner.java","136992","406847","543839"
"2015-07-20","LogicalPlanner.java","135865","363296","499161"
"2015-03-27","LogicalPlanner.java","133767","303025","436792"
"2014-02-20","LogicalPlanner.java","27911","36410","64321"
"2015-08-25","LogicalPlanner.java","136444","376627","513071"
"2014-02-24","LogicalPlanner.java","33196","41262","74458"
"2015-07-17","LogicalPlanner.java","135329","363752","499081"
"2015-10-20","LogicalPlanner.java","136918","404819","541737"
"2014-01-22","LogicalPlanner.java","775","1283","2058"
"2014-04-30","LogicalPlanner.java","127365","164417","291782"
"2015-05-27","LogicalPlanner.java","134873","354957","489830"
"2014-06-02","LogicalPlanner.java","127949","179192","307141"
"2014-05-12","LogicalPlanner.java","127691","168168","295859"
"2015-08-04","LogicalPlanner.java","136018","369856","505874"
"2014-03-20","LogicalPlanner.java","37586","57287","94873"
"2014-05-26","LogicalPlanner.java","127966","177576","305542"
"2014-05-27","LogicalPlanner.java","127966","177835","305801"
"2015-11-25","LogicalPlanner.java","137000","406837","543837"
"2014-12-05","LogicalPlanner.java","130754","273248","404002"
"2015-06-28","LogicalPlanner.java","135329","362690","498019"
"2014-04-30","LogicalPlanner.java","127232","162903","290135"
"2015-09-23","LogicalPlanner.java","136811","399561","536372"
"2015-07-20","LogicalPlanner.java","135865","363331","499196"
"2015-07-17","LogicalPlanner.java","135342","364238","499580"
"2014-03-31","LogicalPlanner.java","38265","62828","101093"
"2015-07-31","LogicalPlanner.java","135953","367864","503817"
"2015-09-01","LogicalPlanner.java","136558","376305","512863"
"2014-06-07","LogicalPlanner.java","127945","180149","308094"
"2014-01-30","LogicalPlanner.java","23890","25552","49442"
"2014-06-24","LogicalPlanner.java","128014","181692","309706"
"2014-02-20","LogicalPlanner.java","27499","36021","63520"
"2015-07-20","FetchImpl.java","103646","264465","368111"
"2014-10-25","FetchImpl.java","34843","96983","131826"
"2014-12-18","FetchImpl.java","67595","157375","224970"
"2015-12-24","FetchImpl.java","140033","350668","490701"
"2014-08-21","FetchImpl.java","1760","8229","9989"
"2015-10-09","FetchImpl.java","139232","342179","481411"
"2014-10-08","FetchImpl.java","4249","64274","68523"
"2015-06-08","NodeResourceManager.java","7998","13700","21698"
"2015-07-20","NodeResourceManager.java","24071","29501","53572"
"2015-09-25","NodeResourceManager.java","124824","171562","296386"
"2014-11-18","DatumAdapter.java","45100","150385","195485"
"2015-04-18","DatumAdapter.java","86765","230922","317687"
"2015-07-20","NodeResourceManager.java","18376","18104","36480"
"2015-09-25","NodeResourceManager.java","126183","167219","293402"
"2015-09-25","NodeResourceManager.java","115903","157211","273114"
"2015-08-14","LogicalPlanner.java","27299","36159","63458"
"2015-07-22","LogicalPlanner.java","18199","17810","36009"
"2015-10-09","LogicalPlanner.java","125345","164685","290030"
"2015-11-26","LogicalPlanner.java","127688","169160","296848"
"2015-09-10","LogicalPlanner.java","121615","136489","258104"
"2015-09-23","LogicalPlanner.java","124524","159483","284007"
"2015-11-18","LogicalPlanner.java","127399","168767","296166"
"2015-08-13","LogicalPlanner.java","27092","34315","61407"
"2015-07-30","LogicalPlanner.java","24629","27445","52074"
"2015-11-18","LogicalPlanner.java","127444","168876","296320"
"2015-07-20","LogicalPlanner.java","17219","16227","33446"
"2015-08-25","LogicalPlanner.java","115051","126811","241862"
"2015-10-20","LogicalPlanner.java","125532","165010","290542"
"2015-08-04","LogicalPlanner.java","25597","31012","56609"
"2015-11-25","LogicalPlanner.java","127637","169051","296688"
"2015-09-23","LogicalPlanner.java","123713","158040","281753"
"2015-07-20","LogicalPlanner.java","17223","16266","33489"
"2015-07-31","LogicalPlanner.java","24856","28344","53200"
"2015-09-01","LogicalPlanner.java","115739","127063","242802"
"2015-02-22","OverridableConf.java","80482","176255","256737"
"2014-08-21","OverridableConf.java","813","6473","7286"
"2014-08-20","OverridableConf.java","463","3653","4116"
"2014-12-08","OverridableConf.java","43624","120856","164480"
"2015-11-26","LogicalPlanner.java","3620","5614","9234"
"2015-11-18","LogicalPlanner.java","2561","4451","7012"
"2015-11-18","LogicalPlanner.java","3304","5258","8562"
"2015-11-25","LogicalPlanner.java","3552","5488","9040"
"2015-02-22","OverridableConf.java","84182","174295","258477"
"2014-12-08","OverridableConf.java","45158","116730","161888"
"2015-02-22","OverridableConf.java","82456","175039","257495"
"2014-08-21","OverridableConf.java","420","2890","3310"
"2014-12-08","OverridableConf.java","44350","118392","162742"
"2015-02-22","OverridableConf.java","56519","75060","131579"
"2015-06-23","QueryId.java","80935","376785","457720"
"2013-08-26","QueryId.java","25900","25205","51105"
"2015-06-23","QueryId.java","83566","378721","462287"
"2015-07-20","NodeStatusUpdater.java","24071","29501","53572"
"2015-06-08","NodeStatusUpdater.java","7998","13700","21698"
"2015-09-23","NodeStatusUpdater.java","124223","167399","291622"
"2015-09-23","NodeStatusUpdater.java","115192","152938","268130"
"2015-07-20","NodeStatusUpdater.java","18376","18104","36480"
"2015-09-23","NodeStatusUpdater.java","125579","163053","288632"
"2014-12-18","QueryIdFactory.java","79968","304550","384518"
"2013-08-26","QueryIdFactory.java","25900","25205","51105"
"2014-12-18","QueryIdFactory.java","82703","306590","389293"
"2014-10-25","LogicalPlanner.java","129240","255688","384928"
"2015-06-24","LogicalPlanner.java","135755","362116","497871"
"2014-02-04","LogicalPlanner.java","23714","26628","50342"
"2014-08-13","LogicalPlanner.java","128689","195017","323706"
"2014-12-08","LogicalPlanner.java","131249","273932","405181"
"2015-04-18","LogicalPlanner.java","135180","313804","448984"
"2015-08-14","LogicalPlanner.java","136749","373524","510273"
"2015-07-22","LogicalPlanner.java","136371","363897","500268"
"2015-10-09","LogicalPlanner.java","137394","404649","542043"
"2014-12-30","LogicalPlanner.java","131478","288742","420220"
"2014-04-08","LogicalPlanner.java","38491","67240","105731"
"2014-07-09","LogicalPlanner.java","128079","183931","312010"
"2014-01-25","LogicalPlanner.java","1265","1944","3209"
"2015-11-26","LogicalPlanner.java","137505","406892","544397"
"2014-02-16","LogicalPlanner.java","24936","30060","54996"
"2015-09-10","LogicalPlanner.java","137061","379850","516911"
"2015-09-23","LogicalPlanner.java","137327","400201","537528"
"2015-11-18","LogicalPlanner.java","137470","406753","544223"
"2014-01-26","LogicalPlanner.java","3433","3877","7310"
"2015-05-11","LogicalPlanner.java","135350","317304","452654"
"2015-08-13","LogicalPlanner.java","136694","371832","508526"
"2014-07-22","LogicalPlanner.java","128515","190284","318799"
"2014-12-18","LogicalPlanner.java","131459","285590","417049"
"2014-02-17","LogicalPlanner.java","26102","32698","58800"
"2014-07-11","LogicalPlanner.java","128079","185857","313936"
"2015-07-30","LogicalPlanner.java","136459","367190","503649"
"2015-11-18","LogicalPlanner.java","137493","406840","544333"
"2015-07-20","LogicalPlanner.java","136371","363294","499665"
"2015-03-27","LogicalPlanner.java","134262","303012","437274"
"2014-02-20","LogicalPlanner.java","27348","35339","62687"
"2015-08-25","LogicalPlanner.java","136948","376623","513571"
"2014-02-24","LogicalPlanner.java","32692","40250","72942"
"2015-07-17","LogicalPlanner.java","135830","363745","499575"
"2015-10-20","LogicalPlanner.java","137419","404812","542231"
"2014-04-30","LogicalPlanner.java","127296","163840","291136"
"2015-05-27","LogicalPlanner.java","135374","354950","490324"
"2014-06-02","LogicalPlanner.java","127880","178615","306495"
"2014-05-12","LogicalPlanner.java","127623","167592","295215"
"2015-08-04","LogicalPlanner.java","136522","369852","506374"
"2014-03-20","LogicalPlanner.java","37186","56379","93565"
"2014-05-26","LogicalPlanner.java","127897","176999","304896"
"2014-05-27","LogicalPlanner.java","127897","177258","305155"
"2015-11-25","LogicalPlanner.java","137501","406830","544331"
"2014-12-05","LogicalPlanner.java","131248","273234","404482"
"2015-06-28","LogicalPlanner.java","135830","362683","498513"
"2014-04-30","LogicalPlanner.java","127163","162326","289489"
"2015-09-23","LogicalPlanner.java","137312","399554","536866"
"2015-07-20","LogicalPlanner.java","136371","363329","499700"
"2015-07-17","LogicalPlanner.java","135843","364231","500074"
"2014-03-31","LogicalPlanner.java","37867","61922","99789"
"2015-07-31","LogicalPlanner.java","136457","367860","504317"
"2015-09-01","LogicalPlanner.java","137062","376301","513363"
"2014-06-07","LogicalPlanner.java","127876","179572","307448"
"2014-01-30","LogicalPlanner.java","23257","24411","47668"
"2014-06-24","LogicalPlanner.java","127945","181115","309060"
"2014-02-20","LogicalPlanner.java","26930","34944","61874"
"2014-10-25","LogicalPlanner.java","39436","129340","168776"
"2015-06-24","LogicalPlanner.java","93945","283762","377707"
"2014-08-13","LogicalPlanner.java","10808","40592","51400"
"2014-12-08","LogicalPlanner.java","47318","153457","200775"
"2015-04-18","LogicalPlanner.java","87279","229359","316638"
"2015-08-14","LogicalPlanner.java","101296","301527","402823"
"2015-07-22","LogicalPlanner.java","99208","290190","389398"
"2015-10-09","LogicalPlanner.java","126348","357059","483407"
"2014-12-30","LogicalPlanner.java","71680","192400","264080"
"2014-07-09","LogicalPlanner.java","8072","27380","35452"
"2015-11-26","LogicalPlanner.java","126826","359669","486495"
"2015-09-10","LogicalPlanner.java","125547","331792","457339"
"2015-09-23","LogicalPlanner.java","126165","352495","478660"
"2015-11-18","LogicalPlanner.java","126774","359513","486287"
"2015-05-11","LogicalPlanner.java","87755","233165","320920"
"2015-08-13","LogicalPlanner.java","101232","299826","401058"
"2014-07-22","LogicalPlanner.java","9643","34868","44511"
"2014-12-18","LogicalPlanner.java","68423","186010","254433"
"2014-07-11","LogicalPlanner.java","8291","29525","37816"
"2015-07-30","LogicalPlanner.java","100242","294429","394671"
"2015-11-18","LogicalPlanner.java","126798","359601","486399"
"2015-07-20","LogicalPlanner.java","99039","289418","388457"
"2015-03-27","LogicalPlanner.java","83918","216124","300042"
"2015-08-25","LogicalPlanner.java","121665","324796","446461"
"2015-07-17","LogicalPlanner.java","94215","285586","379801"
"2015-10-20","LogicalPlanner.java","126378","357227","483605"
"2015-05-27","LogicalPlanner.java","91953","274985","366938"
"2014-06-02","LogicalPlanner.java","2579","16770","19349"
"2014-05-12","LogicalPlanner.java","723","4148","4871"
"2015-08-04","LogicalPlanner.java","100533","297319","397852"
"2014-05-26","LogicalPlanner.java","2002","14560","16562"
"2014-05-27","LogicalPlanner.java","2006","14823","16829"
"2015-11-25","LogicalPlanner.java","126806","359591","486397"
"2014-12-05","LogicalPlanner.java","47303","152745","200048"
"2015-06-28","LogicalPlanner.java","94156","284465","378621"
"2015-09-23","LogicalPlanner.java","126101","351799","477900"
"2015-07-20","LogicalPlanner.java","99039","289453","388492"
"2015-07-17","LogicalPlanner.java","94264","286108","380372"
"2015-07-31","LogicalPlanner.java","100279","295138","395417"
"2015-09-01","LogicalPlanner.java","122086","324781","446867"
"2014-06-07","LogicalPlanner.java","2680","17832","20512"
"2014-06-24","LogicalPlanner.java","2930","19556","22486"
"2015-06-24","LogicalPlanner.java","10579","17364","27943"
"2015-08-14","LogicalPlanner.java","36072","53271","89343"
"2015-07-22","LogicalPlanner.java","27635","35585","63220"
"2015-10-09","LogicalPlanner.java","125345","173024","298369"
"2015-11-26","LogicalPlanner.java","127569","177380","304949"
"2015-09-10","LogicalPlanner.java","122046","145259","267305"
"2015-09-23","LogicalPlanner.java","124608","167906","292514"
"2015-11-18","LogicalPlanner.java","127307","177014","304321"
"2015-08-13","LogicalPlanner.java","35876","51438","87314"
"2015-07-30","LogicalPlanner.java","33530","44685","78215"
"2015-11-18","LogicalPlanner.java","127352","177123","304475"
"2015-07-20","LogicalPlanner.java","26677","34024","60701"
"2015-08-25","LogicalPlanner.java","115422","135521","250943"
"2015-07-17","LogicalPlanner.java","11777","20116","31893"
"2015-10-20","LogicalPlanner.java","125529","173346","298875"
"2015-08-04","LogicalPlanner.java","34444","48198","82642"
"2015-11-25","LogicalPlanner.java","127523","177276","304799"
"2015-06-28","LogicalPlanner.java","11432","18709","30141"
"2015-09-23","LogicalPlanner.java","123821","166487","290308"
"2015-07-20","LogicalPlanner.java","26676","34058","60734"
"2015-07-17","LogicalPlanner.java","12074","20886","32960"
"2015-07-31","LogicalPlanner.java","33755","45582","79337"
"2015-09-01","LogicalPlanner.java","116108","135771","251879"
"2014-10-25","LogicalPlanner.java","38653","114366","153019"
"2015-06-24","LogicalPlanner.java","95726","271352","367078"
"2014-08-13","LogicalPlanner.java","8701","24294","32995"
"2014-12-08","LogicalPlanner.java","47476","139424","186900"
"2015-04-18","LogicalPlanner.java","88592","216481","305073"
"2015-08-14","LogicalPlanner.java","103770","289810","393580"
"2015-07-22","LogicalPlanner.java","101547","278338","379885"
"2015-10-09","LogicalPlanner.java","131113","347633","478746"
"2014-12-30","LogicalPlanner.java","72201","178730","250931"
"2014-07-09","LogicalPlanner.java","5595","10712","16307"
"2015-11-26","LogicalPlanner.java","131655","350307","481962"
"2015-09-10","LogicalPlanner.java","130256","322310","452566"
"2015-09-23","LogicalPlanner.java","130918","343057","473975"
"2015-11-18","LogicalPlanner.java","131594","350142","481736"
"2015-05-11","LogicalPlanner.java","89071","220290","309361"
"2015-08-13","LogicalPlanner.java","103702","288105","391807"
"2014-07-22","LogicalPlanner.java","7260","18294","25554"
"2014-12-18","LogicalPlanner.java","68753","172149","240902"
"2014-07-11","LogicalPlanner.java","5836","12879","18715"
"2015-07-30","LogicalPlanner.java","102707","282703","385410"
"2015-11-18","LogicalPlanner.java","131619","350231","481850"
"2015-07-20","LogicalPlanner.java","101371","277559","378930"
"2015-03-27","LogicalPlanner.java","85089","203104","288193"
"2015-08-25","LogicalPlanner.java","126367","315307","441674"
"2015-07-17","LogicalPlanner.java","96009","273189","369198"
"2015-10-20","LogicalPlanner.java","131145","347803","478948"
"2015-05-27","LogicalPlanner.java","93413","262254","355667"
"2015-08-04","LogicalPlanner.java","103000","285595","388595"
"2015-11-25","LogicalPlanner.java","131634","350228","481862"
"2014-12-05","LogicalPlanner.java","47275","138526","185801"
"2015-06-28","LogicalPlanner.java","95941","272059","368000"
"2015-09-23","LogicalPlanner.java","130833","342340","473173"
"2015-07-20","LogicalPlanner.java","101371","277594","378965"
"2015-07-17","LogicalPlanner.java","96070","273723","369793"
"2015-07-31","LogicalPlanner.java","102744","283412","386156"
"2015-09-01","LogicalPlanner.java","126788","315292","442080"
"2014-06-07","LogicalPlanner.java","107","1068","1175"
"2014-06-24","LogicalPlanner.java","370","2805","3175"
"2014-10-25","LogicalPlanner.java","38950","125429","164379"
"2015-06-24","LogicalPlanner.java","94379","280771","375150"
"2014-08-13","LogicalPlanner.java","10233","36592","46825"
"2014-12-08","LogicalPlanner.java","47300","150014","197314"
"2015-04-18","LogicalPlanner.java","87529","226184","313713"
"2015-08-14","LogicalPlanner.java","101790","298596","400386"
"2015-07-22","LogicalPlanner.java","99652","287209","386861"
"2015-10-09","LogicalPlanner.java","128025","355311","483336"
"2014-12-30","LogicalPlanner.java","71807","189102","260909"
"2014-07-09","LogicalPlanner.java","7377","23260","30637"
"2015-11-26","LogicalPlanner.java","128516","357934","486450"
"2015-09-10","LogicalPlanner.java","127220","330040","457260"
"2015-09-23","LogicalPlanner.java","127840","350745","478585"
"2015-11-18","LogicalPlanner.java","128456","357770","486226"
"2015-05-11","LogicalPlanner.java","88006","229991","317997"
"2015-08-13","LogicalPlanner.java","101722","296891","398613"
"2014-07-22","LogicalPlanner.java","8956","30756","39712"
"2014-12-18","LogicalPlanner.java","68422","182584","251006"
"2014-07-11","LogicalPlanner.java","7596","25405","33001"
"2015-07-30","LogicalPlanner.java","100731","291493","392224"
"2015-11-18","LogicalPlanner.java","128481","357859","486340"
"2015-07-20","LogicalPlanner.java","99482","286436","385918"
"2015-03-27","LogicalPlanner.java","84149","212930","297079"
"2015-08-25","LogicalPlanner.java","123338","323044","446382"
"2015-07-17","LogicalPlanner.java","94652","282598","377250"
"2015-10-20","LogicalPlanner.java","128057","355481","483538"
"2015-05-27","LogicalPlanner.java","92290","271897","364187"
"2014-06-02","LogicalPlanner.java","1866","12632","14498"
"2015-08-04","LogicalPlanner.java","101023","294384","395407"
"2014-05-26","LogicalPlanner.java","1281","10414","11695"
"2014-05-27","LogicalPlanner.java","1285","10677","11962"
"2015-11-25","LogicalPlanner.java","128496","357856","486352"
"2014-12-05","LogicalPlanner.java","47283","149300","196583"
"2015-06-28","LogicalPlanner.java","94593","281477","376070"
"2015-09-23","LogicalPlanner.java","127774","350047","477821"
"2015-07-20","LogicalPlanner.java","99482","286471","385953"
"2015-07-17","LogicalPlanner.java","94701","283120","377821"
"2015-07-31","LogicalPlanner.java","100768","292202","392970"
"2015-09-01","LogicalPlanner.java","123759","323029","446788"
"2014-06-07","LogicalPlanner.java","1968","13695","15663"
"2014-06-24","LogicalPlanner.java","2219","15420","17639"
"2014-12-11","SelfDiagnosisRuleEngine.java","12","123","135"
"2015-02-22","SelfDiagnosisRuleEngine.java","53844","69782","123626"
"2015-08-14","LogicalPlanner.java","3854","7299","11153"
"2015-10-09","LogicalPlanner.java","113111","147036","260147"
"2015-11-26","LogicalPlanner.java","115597","151654","267251"
"2015-09-10","LogicalPlanner.java","108572","118031","226603"
"2015-09-23","LogicalPlanner.java","111880","141424","253304"
"2015-11-18","LogicalPlanner.java","115293","151246","266539"
"2015-08-13","LogicalPlanner.java","3583","5391","8974"
"2015-11-18","LogicalPlanner.java","115344","151361","266705"
"2015-08-25","LogicalPlanner.java","99768","106113","205881"
"2015-10-20","LogicalPlanner.java","113347","147410","260757"
"2015-11-25","LogicalPlanner.java","115546","151545","267091"
"2015-09-23","LogicalPlanner.java","110966","139878","250844"
"2015-09-01","LogicalPlanner.java","100652","106561","207213"
"2015-02-22","SelfDiagnosisRuleEngine.java","53833","69660","123493"
"2015-11-26","RemoteFetcher.java","95630","186908","282538"
"2015-12-24","RemoteFetcher.java","96588","192920","289508"
"2015-02-22","SelfDiagnosisRuleSession.java","53844","69782","123626"
"2015-04-18","RemoteFetcher.java","83614","332024","415638"
"2014-05-30","RemoteFetcher.java","82129","202244","284373"
"2014-07-11","RemoteFetcher.java","82121","209997","292118"
"2015-11-26","RemoteFetcher.java","84587","424275","508862"
"2015-12-24","RemoteFetcher.java","84591","429333","513924"
"2014-08-05","RemoteFetcher.java","82324","216093","298417"
"2015-03-03","RemoteFetcher.java","82775","314577","397352"
"2014-01-04","RemoteFetcher.java","49671","111933","161604"
"2013-12-31","RemoteFetcher.java","49312","109844","159156"
"2015-03-06","RemoteFetcher.java","82754","314783","397537"
"2014-10-25","LogicalPlanner.java","123305","230560","353865"
"2015-06-24","LogicalPlanner.java","147333","354501","501834"
"2014-08-13","LogicalPlanner.java","116300","163435","279735"
"2014-12-08","LogicalPlanner.java","128524","252014","380538"
"2015-04-18","LogicalPlanner.java","146559","305990","452549"
"2015-08-14","LogicalPlanner.java","149368","366950","516318"
"2015-07-22","LogicalPlanner.java","148435","356768","505203"
"2015-10-09","LogicalPlanner.java","150329","398391","548720"
"2014-12-30","LogicalPlanner.java","141361","279432","420793"
"2014-04-08","LogicalPlanner.java","1940","11496","13436"
"2014-07-09","LogicalPlanner.java","115215","151874","267089"
"2015-11-26","LogicalPlanner.java","150622","400816","551438"
"2015-09-10","LogicalPlanner.java","149921","373517","523438"
"2015-09-23","LogicalPlanner.java","150362","394043","544405"
"2015-11-18","LogicalPlanner.java","150574","400664","551238"
"2015-05-11","LogicalPlanner.java","146859","309620","456479"
"2015-08-13","LogicalPlanner.java","149312","365257","514569"
"2014-07-22","LogicalPlanner.java","116085","158661","274746"
"2014-12-18","LogicalPlanner.java","141335","276273","417608"
"2014-07-11","LogicalPlanner.java","115226","153811","269037"
"2015-07-30","LogicalPlanner.java","148637","360175","508812"
"2015-11-18","LogicalPlanner.java","150599","400753","551352"
"2015-07-20","LogicalPlanner.java","148435","356165","504600"
"2015-03-27","LogicalPlanner.java","144946","294503","439449"
"2015-08-25","LogicalPlanner.java","149606","370088","519694"
"2015-07-17","LogicalPlanner.java","147408","356130","503538"
"2015-10-20","LogicalPlanner.java","150354","398554","548908"
"2014-04-30","LogicalPlanner.java","114062","131413","245475"
"2015-05-27","LogicalPlanner.java","146889","347272","494161"
"2014-06-02","LogicalPlanner.java","114825","146367","261192"
"2014-05-12","LogicalPlanner.java","114468","135244","249712"
"2015-08-04","LogicalPlanner.java","148695","362832","511527"
"2014-05-26","LogicalPlanner.java","114808","144717","259525"
"2014-05-27","LogicalPlanner.java","114808","144976","259784"
"2015-11-25","LogicalPlanner.java","150607","400743","551350"
"2014-12-05","LogicalPlanner.java","128516","251309","379825"
"2015-06-28","LogicalPlanner.java","147408","355068","502476"
"2014-04-30","LogicalPlanner.java","113924","129894","243818"
"2015-09-23","LogicalPlanner.java","150344","393393","543737"
"2015-07-20","LogicalPlanner.java","148435","356200","504635"
"2015-07-17","LogicalPlanner.java","147432","356627","504059"
"2014-03-31","LogicalPlanner.java","1166","6028","7194"
"2015-07-31","LogicalPlanner.java","148680","360890","509570"
"2015-09-01","LogicalPlanner.java","149918","369964","519882"
"2014-06-07","LogicalPlanner.java","114823","147326","262149"
"2014-06-24","LogicalPlanner.java","114900","148877","263777"
"2015-04-18","RemoteFetcher.java","88490","216785","305275"
"2014-07-11","RemoteFetcher.java","6022","13783","19805"
"2015-11-26","RemoteFetcher.java","131312","350885","482197"
"2015-12-24","RemoteFetcher.java","131519","356146","487665"
"2014-08-05","RemoteFetcher.java","7707","21361","29068"
"2015-03-03","RemoteFetcher.java","81666","193353","275019"
"2015-03-06","RemoteFetcher.java","81691","193605","275296"
"2014-10-25","LogicalPlanner.java","38839","116185","155024"
"2015-06-24","LogicalPlanner.java","95499","272758","368257"
"2014-08-13","LogicalPlanner.java","9042","26268","35310"
"2014-12-08","LogicalPlanner.java","47533","141114","188647"
"2015-04-18","LogicalPlanner.java","88523","218045","306568"
"2015-08-14","LogicalPlanner.java","103149","290822","393971"
"2015-07-22","LogicalPlanner.java","100927","279351","380278"
"2015-10-09","LogicalPlanner.java","129867","348020","477887"
"2014-12-30","LogicalPlanner.java","72172","180334","252506"
"2014-07-09","LogicalPlanner.java","6160","12910","19070"
"2015-11-26","LogicalPlanner.java","130399","350684","481083"
"2015-09-10","LogicalPlanner.java","129011","322698","451709"
"2015-09-23","LogicalPlanner.java","129672","343444","473116"
"2015-11-18","LogicalPlanner.java","130339","350520","480859"
"2015-05-11","LogicalPlanner.java","89001","221853","310854"
"2015-08-13","LogicalPlanner.java","103081","289117","392198"
"2014-07-22","LogicalPlanner.java","7750","20417","28167"
"2014-12-18","LogicalPlanner.java","68727","173756","242483"
"2014-07-11","LogicalPlanner.java","6386","15062","21448"
"2015-07-30","LogicalPlanner.java","102086","283715","385801"
"2015-11-18","LogicalPlanner.java","130364","350609","480973"
"2015-07-20","LogicalPlanner.java","100754","278575","379329"
"2015-03-27","LogicalPlanner.java","85020","204668","289688"
"2015-08-25","LogicalPlanner.java","125129","315702","440831"
"2015-07-17","LogicalPlanner.java","95779","274592","370371"
"2015-10-20","LogicalPlanner.java","129899","348190","478089"
"2015-05-27","LogicalPlanner.java","93286","263760","357046"
"2014-06-02","LogicalPlanner.java","592","2225","2817"
"2015-08-04","LogicalPlanner.java","102379","286607","388986"
"2014-05-27","LogicalPlanner.java","4","263","267"
"2015-11-25","LogicalPlanner.java","130379","350606","480985"
"2014-12-05","LogicalPlanner.java","47357","140241","187598"
"2015-06-28","LogicalPlanner.java","95713","273464","369177"
"2015-09-23","LogicalPlanner.java","129588","342728","472316"
"2015-07-20","LogicalPlanner.java","100754","278610","379364"
"2015-07-17","LogicalPlanner.java","95828","275114","370942"
"2015-07-31","LogicalPlanner.java","102123","284424","386547"
"2015-09-01","LogicalPlanner.java","125550","315687","441237"
"2014-06-07","LogicalPlanner.java","695","3289","3984"
"2014-06-24","LogicalPlanner.java","957","5025","5982"
"2014-10-25","LogicalPlanner.java","38944","116031","154975"
"2015-06-24","LogicalPlanner.java","95605","272605","368210"
"2014-08-13","LogicalPlanner.java","9118","26085","35203"
"2014-12-08","LogicalPlanner.java","47638","140960","188598"
"2015-04-18","LogicalPlanner.java","88629","217892","306521"
"2015-08-14","LogicalPlanner.java","103256","290670","393926"
"2015-07-22","LogicalPlanner.java","101034","279199","380233"
"2015-10-09","LogicalPlanner.java","130106","348000","478106"
"2014-12-30","LogicalPlanner.java","72277","180180","252457"
"2014-07-09","LogicalPlanner.java","6180","12671","18851"
"2015-11-26","LogicalPlanner.java","130637","350663","481300"
"2015-09-10","LogicalPlanner.java","129250","322678","451928"
"2015-09-23","LogicalPlanner.java","129911","343424","473335"
"2015-11-18","LogicalPlanner.java","130577","350499","481076"
"2015-05-11","LogicalPlanner.java","89107","221700","310807"
"2015-08-13","LogicalPlanner.java","103188","288965","392153"
"2014-07-22","LogicalPlanner.java","7825","20233","28058"
"2014-12-18","LogicalPlanner.java","68832","173602","242434"
"2014-07-11","LogicalPlanner.java","6406","14823","21229"
"2015-07-30","LogicalPlanner.java","102193","283563","385756"
"2015-11-18","LogicalPlanner.java","130602","350588","481190"
"2015-07-20","LogicalPlanner.java","100861","278423","379284"
"2015-03-27","LogicalPlanner.java","85126","204515","289641"
"2015-08-25","LogicalPlanner.java","125361","315675","441036"
"2015-07-17","LogicalPlanner.java","95886","274440","370326"
"2015-10-20","LogicalPlanner.java","130138","348170","478308"
"2015-05-27","LogicalPlanner.java","93392","263607","356999"
"2014-06-02","LogicalPlanner.java","588","1962","2550"
"2015-08-04","LogicalPlanner.java","102486","286455","388941"
"2015-11-25","LogicalPlanner.java","130617","350585","481202"
"2014-12-05","LogicalPlanner.java","47462","140087","187549"
"2015-06-28","LogicalPlanner.java","95820","273312","369132"
"2015-09-23","LogicalPlanner.java","129827","342708","472535"
"2015-07-20","LogicalPlanner.java","100861","278458","379319"
"2015-07-17","LogicalPlanner.java","95935","274962","370897"
"2015-07-31","LogicalPlanner.java","102230","284272","386502"
"2015-09-01","LogicalPlanner.java","125782","315660","441442"
"2014-06-07","LogicalPlanner.java","695","3030","3725"
"2014-06-24","LogicalPlanner.java","957","4766","5723"
"2015-04-18","RemoteFetcher.java","86920","207454","294374"
"2015-11-26","RemoteFetcher.java","136247","348059","484306"
"2015-12-24","RemoteFetcher.java","136454","353320","489774"
"2014-08-05","RemoteFetcher.java","1817","7710","9527"
"2015-03-03","RemoteFetcher.java","79520","183446","262966"
"2015-03-06","RemoteFetcher.java","79546","183699","263245"
"2015-05-14","BaseServiceTracker.java","19961","43005","62966"
"2015-12-24","RemoteFetcher.java","5906","10960","16866"
"2015-11-26","LogicalPlanner.java","70","128","198"
"2015-04-18","RemoteFetcher.java","88626","203267","291893"
"2015-11-26","RemoteFetcher.java","139512","345431","484943"
"2015-12-24","RemoteFetcher.java","139723","350696","490419"
"2015-03-03","RemoteFetcher.java","81134","179167","260301"
"2015-03-06","RemoteFetcher.java","81161","179421","260582"
"2015-05-14","HAServiceTracker.java","19961","43005","62966"
"2015-05-15","HAServiceTracker.java","19972","43233","63205"
"2015-05-15","HAServiceTracker.java","19","236","255"
"2015-04-18","RemoteFetcher.java","11802","28410","40212"
"2015-11-26","RemoteFetcher.java","98852","206738","305590"
"2015-12-24","RemoteFetcher.java","99734","212674","312408"
"2015-03-06","RemoteFetcher.java","82","309","391"
"2015-04-18","RemoteFetcher.java","129665","315813","445478"
"2014-05-30","RemoteFetcher.java","123734","181587","305321"
"2014-07-11","RemoteFetcher.java","123907","189521","313428"
"2015-11-26","RemoteFetcher.java","131976","409402","541378"
"2015-12-24","RemoteFetcher.java","131980","414460","546440"
"2014-08-05","RemoteFetcher.java","124406","195913","320319"
"2015-03-03","RemoteFetcher.java","126746","296286","423032"
"2015-03-06","RemoteFetcher.java","126752","296519","423271"
"2015-01-28","ServiceTracker.java","81690","172148","253838"
"2015-05-14","ServiceTracker.java","91334","204836","296170"
"2015-04-18","RemoteFetcher.java","127935","315813","443748"
"2014-05-30","RemoteFetcher.java","122004","181587","303591"
"2014-07-11","RemoteFetcher.java","122177","189521","311698"
"2015-11-26","RemoteFetcher.java","130246","409402","539648"
"2015-12-24","RemoteFetcher.java","130250","414460","544710"
"2014-08-05","RemoteFetcher.java","122676","195913","318589"
"2015-03-03","RemoteFetcher.java","125016","296286","421302"
"2014-01-04","RemoteFetcher.java","1123","2853","3976"
"2015-03-06","RemoteFetcher.java","125022","296519","421541"
"2015-06-24","LogicalPlanner.java","80064","164439","244503"
"2014-12-08","LogicalPlanner.java","355","1052","1407"
"2015-04-18","LogicalPlanner.java","66779","103417","170196"
"2015-08-14","LogicalPlanner.java","92024","186813","278837"
"2015-07-22","LogicalPlanner.java","88828","174368","263196"
"2015-10-09","LogicalPlanner.java","130183","255452","385635"
"2014-12-30","LogicalPlanner.java","40025","55303","95328"
"2015-11-26","LogicalPlanner.java","131123","258524","389647"
"2015-09-10","LogicalPlanner.java","128265","229068","357333"
"2015-09-23","LogicalPlanner.java","129791","250679","380470"
"2015-11-18","LogicalPlanner.java","131001","258298","389299"
"2015-05-11","LogicalPlanner.java","68011","107979","175990"
"2015-08-13","LogicalPlanner.java","91862","185014","276876"
"2014-12-18","LogicalPlanner.java","34730","46875","81605"
"2015-07-30","LogicalPlanner.java","90511","179256","269767"
"2015-11-18","LogicalPlanner.java","131030","258391","389421"
"2015-07-20","LogicalPlanner.java","87975","172912","260887"
"2015-03-27","LogicalPlanner.java","61634","88398","150032"
"2015-08-25","LogicalPlanner.java","123839","221528","345367"
"2015-07-17","LogicalPlanner.java","80448","166377","246825"
"2015-10-20","LogicalPlanner.java","130245","255652","385897"
"2015-05-27","LogicalPlanner.java","76527","154117","230644"
"2015-08-04","LogicalPlanner.java","90987","182331","273318"
"2015-11-25","LogicalPlanner.java","131089","258432","389521"
"2015-06-28","LogicalPlanner.java","80362","165229","245591"
"2015-09-23","LogicalPlanner.java","129507","249763","379270"
"2015-07-20","LogicalPlanner.java","87974","172946","260920"
"2015-07-17","LogicalPlanner.java","80513","166915","247428"
"2015-07-31","LogicalPlanner.java","90543","179960","270503"
"2015-09-01","LogicalPlanner.java","124273","221526","345799"
"2015-05-14","ServiceTracker.java","19961","43005","62966"
"2015-08-14","LogicalPlanner.java","27680","37602","65282"
"2015-07-22","LogicalPlanner.java","18596","19269","37865"
"2015-10-09","LogicalPlanner.java","124773","165175","289948"
"2015-11-26","LogicalPlanner.java","127110","169644","296754"
"2015-09-10","LogicalPlanner.java","121048","136984","258032"
"2015-09-23","LogicalPlanner.java","123955","159976","283931"
"2015-11-18","LogicalPlanner.java","126821","169251","296072"
"2015-08-13","LogicalPlanner.java","27484","35769","63253"
"2015-07-30","LogicalPlanner.java","25021","28899","53920"
"2015-11-18","LogicalPlanner.java","126866","169360","296226"
"2015-07-20","LogicalPlanner.java","17618","17688","35306"
"2015-08-25","LogicalPlanner.java","114484","127306","241790"
"2015-07-17","LogicalPlanner.java","407","1469","1876"
"2015-10-20","LogicalPlanner.java","124960","165500","290460"
"2015-08-04","LogicalPlanner.java","25989","32466","58455"
"2015-11-25","LogicalPlanner.java","127059","169535","296594"
"2015-09-23","LogicalPlanner.java","123145","158534","281679"
"2015-07-20","LogicalPlanner.java","17622","17727","35349"
"2015-07-17","LogicalPlanner.java","705","2240","2945"
"2015-07-31","LogicalPlanner.java","25248","29798","55046"
"2015-09-01","LogicalPlanner.java","115172","127558","242730"
"2014-10-25","LogicalPlanner.java","125926","265482","391408"
"2015-06-24","LogicalPlanner.java","129691","369160","498851"
"2014-02-04","LogicalPlanner.java","39320","55342","94662"
"2014-08-13","LogicalPlanner.java","125606","205042","330648"
"2014-12-08","LogicalPlanner.java","126121","281912","408033"
"2014-01-17","LogicalPlanner.java","16856","28091","44947"
"2015-04-18","LogicalPlanner.java","129542","321274","450816"
"2015-08-14","LogicalPlanner.java","130577","380460","511037"
"2015-07-22","LogicalPlanner.java","130227","370861","501088"
"2015-10-09","LogicalPlanner.java","131029","411392","542421"
"2014-12-30","LogicalPlanner.java","126322","296694","423016"
"2014-04-08","LogicalPlanner.java","51799","93656","145455"
"2014-07-09","LogicalPlanner.java","125050","194010","319060"
"2014-01-20","LogicalPlanner.java","16900","28484","45384"
"2014-01-25","LogicalPlanner.java","19010","32797","51807"
"2015-11-26","LogicalPlanner.java","131132","413627","544759"
"2014-02-16","LogicalPlanner.java","40259","58491","98750"
"2015-09-10","LogicalPlanner.java","130725","386622","517347"
"2015-09-23","LogicalPlanner.java","130978","406960","537938"
"2015-11-18","LogicalPlanner.java","131102","413493","544595"
"2014-01-26","LogicalPlanner.java","20617","34169","54786"
"2015-05-11","LogicalPlanner.java","129682","324744","454426"
"2015-08-13","LogicalPlanner.java","130535","378781","509316"
"2014-07-22","LogicalPlanner.java","125454","200331","325785"
"2014-12-18","LogicalPlanner.java","126321","293560","419881"
"2014-02-17","LogicalPlanner.java","41016","60720","101736"
"2014-07-11","LogicalPlanner.java","125050","195936","320986"
"2015-07-30","LogicalPlanner.java","130318","374157","504475"
"2015-11-18","LogicalPlanner.java","131123","413578","544701"
"2015-07-20","LogicalPlanner.java","130227","370258","500485"
"2015-03-27","LogicalPlanner.java","128877","310735","439612"
"2014-02-20","LogicalPlanner.java","42126","63225","105351"
"2015-08-25","LogicalPlanner.java","130612","383395","514007"
"2014-02-24","LogicalPlanner.java","47219","67885","115104"
"2014-01-21","LogicalPlanner.java","17764","30364","48128"
"2015-07-17","LogicalPlanner.java","129766","370789","500555"
"2015-10-20","LogicalPlanner.java","131053","411554","542607"
"2014-01-22","LogicalPlanner.java","18002","31110","49112"
"2014-04-30","LogicalPlanner.java","124515","174167","298682"
"2015-05-27","LogicalPlanner.java","129706","362390","492096"
"2014-06-02","LogicalPlanner.java","124939","188782","313721"
"2014-05-12","LogicalPlanner.java","124788","177865","302653"
"2015-08-04","LogicalPlanner.java","130372","376810","507182"
"2014-03-20","LogicalPlanner.java","51001","83302","134303"
"2014-05-26","LogicalPlanner.java","124933","187143","312076"
"2014-05-27","LogicalPlanner.java","124933","187402","312335"
"2015-11-25","LogicalPlanner.java","131131","413568","544699"
"2014-12-05","LogicalPlanner.java","126121","281215","407336"
"2015-06-28","LogicalPlanner.java","129766","369727","499493"
"2014-04-30","LogicalPlanner.java","124390","172661","297051"
"2015-09-23","LogicalPlanner.java","130970","406320","537290"
"2015-07-20","LogicalPlanner.java","130227","370293","500520"
"2015-07-17","LogicalPlanner.java","129767","371263","501030"
"2014-03-31","LogicalPlanner.java","51505","88668","140173"
"2015-07-31","LogicalPlanner.java","130316","374827","505143"
"2015-09-01","LogicalPlanner.java","130720","383067","513787"
"2014-06-07","LogicalPlanner.java","124939","189743","314682"
"2014-01-30","LogicalPlanner.java","39072","53334","92406"
"2014-06-24","LogicalPlanner.java","124936","191214","316150"
"2014-02-20","LogicalPlanner.java","41762","62884","104646"
"2015-04-18","RemoteFetcher.java","11744","28125","39869"
"2015-11-26","RemoteFetcher.java","98912","206571","305483"
"2015-12-24","RemoteFetcher.java","99794","212507","312301"
"2014-12-08","SessionVars.java","43624","120856","164480"
"2015-08-25","SessionVars.java","134306","308530","442836"
"2015-09-04","SessionVars.java","134748","309820","444568"
"2015-05-28","SessionVars.java","97039","254041","351080"
"2014-10-28","SessionVars.java","35320","98866","134186"
"2015-11-26","SessionVars.java","140123","345112","485235"
"2015-07-30","SessionVars.java","106242","271522","377764"
"2015-06-26","SessionVars.java","99134","260550","359684"
"2015-09-14","SessionVars.java","138678","317636","456314"
"2015-02-22","SessionVars.java","80482","176255","256737"
"2015-08-25","SessionVars.java","124074","221066","345140"
"2015-09-04","SessionVars.java","124567","222407","346974"
"2015-05-28","SessionVars.java","77306","157076","234382"
"2015-11-26","SessionVars.java","131475","259232","390707"
"2015-07-30","SessionVars.java","90431","178479","268910"
"2015-06-26","SessionVars.java","80039","164223","244262"
"2015-09-14","SessionVars.java","129059","230785","359844"
"2015-02-22","SessionVars.java","56519","75060","131579"
"2014-10-25","LogicalPlanner.java","39062","130347","169409"
"2015-06-24","LogicalPlanner.java","93561","284759","378320"
"2014-08-13","LogicalPlanner.java","11418","42583","54001"
"2014-12-08","LogicalPlanner.java","46944","154464","201408"
"2015-04-18","LogicalPlanner.java","86900","230361","317261"
"2015-08-14","LogicalPlanner.java","100890","302502","403392"
"2015-07-22","LogicalPlanner.java","98823","291186","390009"
"2015-10-09","LogicalPlanner.java","125072","357164","482236"
"2014-12-30","LogicalPlanner.java","71305","193406","264711"
"2014-07-09","LogicalPlanner.java","8688","29377","38065"
"2015-11-26","LogicalPlanner.java","125550","359774","485324"
"2015-09-10","LogicalPlanner.java","124332","331958","456290"
"2015-09-23","LogicalPlanner.java","124889","352600","477489"
"2015-11-18","LogicalPlanner.java","125498","359618","485116"
"2015-05-11","LogicalPlanner.java","87371","234162","321533"
"2015-08-13","LogicalPlanner.java","100826","300801","401627"
"2014-07-22","LogicalPlanner.java","10259","36865","47124"
"2014-12-18","LogicalPlanner.java","68048","187016","255064"
"2014-07-11","LogicalPlanner.java","8907","31522","40429"
"2015-07-30","LogicalPlanner.java","99847","295415","395262"
"2015-11-18","LogicalPlanner.java","125522","359706","485228"
"2015-07-20","LogicalPlanner.java","98654","290414","389068"
"2015-03-27","LogicalPlanner.java","83543","217130","300673"
"2015-08-25","LogicalPlanner.java","120450","324962","445412"
"2015-07-17","LogicalPlanner.java","93831","286583","380414"
"2015-10-20","LogicalPlanner.java","125102","357332","482434"
"2015-05-27","LogicalPlanner.java","91569","275982","367551"
"2014-06-02","LogicalPlanner.java","3239","18811","22050"
"2014-05-12","LogicalPlanner.java","1384","6190","7574"
"2015-08-04","LogicalPlanner.java","100130","298297","398427"
"2014-05-26","LogicalPlanner.java","2662","16601","19263"
"2014-05-27","LogicalPlanner.java","2666","16864","19530"
"2015-11-25","LogicalPlanner.java","125530","359696","485226"
"2014-12-05","LogicalPlanner.java","46929","153752","200681"
"2015-06-28","LogicalPlanner.java","93772","285462","379234"
"2015-09-23","LogicalPlanner.java","124825","351904","476729"
"2015-07-20","LogicalPlanner.java","98654","290449","389103"
"2015-07-17","LogicalPlanner.java","93880","287105","380985"
"2015-07-31","LogicalPlanner.java","99884","296124","396008"
"2015-09-01","LogicalPlanner.java","120871","324947","445818"
"2014-06-07","LogicalPlanner.java","3338","19871","23209"
"2014-06-24","LogicalPlanner.java","3585","21592","25177"
"2015-09-04","SessionVars.java","4665","5513","10178"
"2015-11-26","SessionVars.java","19916","50681","70597"
"2015-09-14","SessionVars.java","11863","16597","28460"
"2015-11-26","SessionVars.java","15594","45511","61105"
"2015-09-14","SessionVars.java","7233","11119","18352"
"2015-10-09","LogicalPlanner.java","2801","7814","10615"
"2015-11-26","LogicalPlanner.java","6621","13766","20387"
"2015-11-18","LogicalPlanner.java","5581","12622","18203"
"2015-11-18","LogicalPlanner.java","6324","13429","19753"
"2015-10-20","LogicalPlanner.java","3080","8231","11311"
"2015-11-25","LogicalPlanner.java","6553","13640","20193"
"2015-08-25","SessionVars.java","117263","134485","251748"
"2015-09-04","SessionVars.java","121214","139284","260498"
"2015-11-26","SessionVars.java","129670","177657","307327"
"2015-07-30","SessionVars.java","30319","38597","68916"
"2015-06-26","SessionVars.java","6906","11320","18226"
"2015-09-14","SessionVars.java","124740","146696","271436"
"2014-12-08","SessionVars.java","9966","23652","33618"
"2015-08-25","SessionVars.java","117475","228153","345628"
"2015-09-04","SessionVars.java","117935","229461","347396"
"2015-05-28","SessionVars.java","73783","167239","241022"
"2015-11-26","SessionVars.java","124752","266195","390947"
"2015-07-30","SessionVars.java","85922","187656","273578"
"2015-06-26","SessionVars.java","76477","174347","250824"
"2015-09-14","SessionVars.java","122422","237834","360256"
"2015-02-22","SessionVars.java","53584","85811","139395"
"2015-08-14","LogicalPlanner.java","11739","21556","33295"
"2015-07-22","LogicalPlanner.java","1007","1575","2582"
"2015-10-09","LogicalPlanner.java","115711","156008","271719"
"2015-11-26","LogicalPlanner.java","118103","160532","278635"
"2015-09-10","LogicalPlanner.java","111582","127413","238995"
"2015-09-23","LogicalPlanner.java","114616","150532","265148"
"2015-11-18","LogicalPlanner.java","117814","160139","277953"
"2015-08-13","LogicalPlanner.java","11480","19660","31140"
"2015-07-30","LogicalPlanner.java","7591","11364","18955"
"2015-11-18","LogicalPlanner.java","117859","160248","278107"
"2015-08-25","LogicalPlanner.java","104929","117646","222575"
"2015-10-20","LogicalPlanner.java","115929","156364","272293"
"2015-08-04","LogicalPlanner.java","8943","15315","24258"
"2015-11-25","LogicalPlanner.java","118052","160423","278475"
"2015-09-23","LogicalPlanner.java","113729","149013","262742"
"2015-07-31","LogicalPlanner.java","7913","12358","20271"
"2015-09-01","LogicalPlanner.java","105649","117930","223579"
"2015-08-25","SessionVars.java","99780","108724","208504"
"2015-09-04","SessionVars.java","103994","113786","217780"
"2015-11-26","SessionVars.java","115685","155394","271079"
"2015-09-14","SessionVars.java","109425","123103","232528"
"2015-08-25","SessionVars.java","114777","127585","242362"
"2015-09-04","SessionVars.java","118650","132306","250956"
"2015-11-26","SessionVars.java","127635","171208","298843"
"2015-07-30","SessionVars.java","25341","29205","54546"
"2015-09-14","SessionVars.java","122211","139753","261964"
"2015-11-26","SessionVars.java","8625","34656","43281"
"2014-10-25","LogicalPlanner.java","118720","267062","385782"
"2015-06-24","LogicalPlanner.java","121847","370102","491949"
"2014-02-04","LogicalPlanner.java","39315","64123","103438"
"2014-08-13","LogicalPlanner.java","118386","206608","324994"
"2014-12-08","LogicalPlanner.java","118902","283479","402381"
"2014-01-17","LogicalPlanner.java","17593","37614","55207"
"2015-04-18","LogicalPlanner.java","121698","322216","443914"
"2015-08-14","LogicalPlanner.java","122710","381379","504089"
"2015-07-22","LogicalPlanner.java","122383","371803","494186"
"2015-10-09","LogicalPlanner.java","123141","412290","535431"
"2014-12-30","LogicalPlanner.java","119103","298261","417364"
"2014-04-08","LogicalPlanner.java","51145","101788","152933"
"2014-07-09","LogicalPlanner.java","117842","195588","313430"
"2014-01-20","LogicalPlanner.java","17638","38008","55646"
"2014-01-25","LogicalPlanner.java","19285","41858","61143"
"2015-11-26","LogicalPlanner.java","123244","414525","537769"
"2014-02-16","LogicalPlanner.java","40224","67242","107466"
"2015-09-10","LogicalPlanner.java","122858","387541","510399"
"2015-09-23","LogicalPlanner.java","123092","407860","530952"
"2015-11-18","LogicalPlanner.java","123214","414391","537605"
"2014-01-26","LogicalPlanner.java","20869","43207","64076"
"2015-05-11","LogicalPlanner.java","121838","325686","447524"
"2015-08-13","LogicalPlanner.java","122667","379699","502366"
"2014-07-22","LogicalPlanner.java","118236","201899","320135"
"2014-12-18","LogicalPlanner.java","119102","295127","414229"
"2014-02-17","LogicalPlanner.java","40926","69416","110342"
"2014-07-11","LogicalPlanner.java","117842","197514","315356"
"2015-07-30","LogicalPlanner.java","122474","375099","497573"
"2015-11-18","LogicalPlanner.java","123235","414476","537711"
"2015-07-20","LogicalPlanner.java","122383","371200","493583"
"2015-03-27","LogicalPlanner.java","121657","312301","433958"
"2014-02-20","LogicalPlanner.java","41926","71811","113737"
"2015-08-25","LogicalPlanner.java","122745","384314","507059"
"2014-02-24","LogicalPlanner.java","47008","76460","123468"
"2014-01-21","LogicalPlanner.java","18130","39516","57646"
"2015-07-17","LogicalPlanner.java","121922","371731","493653"
"2015-10-20","LogicalPlanner.java","123165","412452","535617"
"2014-01-22","LogicalPlanner.java","18342","40236","58578"
"2014-04-30","LogicalPlanner.java","117455","175893","293348"
"2015-05-27","LogicalPlanner.java","121862","363332","485194"
"2014-06-02","LogicalPlanner.java","117734","190363","308097"
"2014-05-12","LogicalPlanner.java","117727","179590","297317"
"2015-08-04","LogicalPlanner.java","122528","377752","500280"
"2014-03-20","LogicalPlanner.java","50390","91477","141867"
"2014-05-26","LogicalPlanner.java","117728","188724","306452"
"2014-05-27","LogicalPlanner.java","117728","188983","306711"
"2015-11-25","LogicalPlanner.java","123243","414466","537709"
"2014-12-05","LogicalPlanner.java","118903","282783","401686"
"2015-06-28","LogicalPlanner.java","121922","370669","492591"
"2013-12-16","LogicalPlanner.java","2312","11098","13410"
"2014-04-30","LogicalPlanner.java","117340","174397","291737"
"2015-09-23","LogicalPlanner.java","123084","407220","530304"
"2015-07-20","LogicalPlanner.java","122383","371235","493618"
"2015-07-17","LogicalPlanner.java","121923","372205","494128"
"2014-03-31","LogicalPlanner.java","50866","96815","147681"
"2015-07-31","LogicalPlanner.java","122472","375769","498241"
"2015-09-01","LogicalPlanner.java","122853","383986","506839"
"2014-06-07","LogicalPlanner.java","117734","191324","309058"
"2014-01-30","LogicalPlanner.java","39226","62274","101500"
"2014-06-24","LogicalPlanner.java","117731","192795","310526"
"2014-02-20","LogicalPlanner.java","41576","71484","113060"
"2015-08-25","SessionVars.java","88445","166896","255341"
"2015-09-04","SessionVars.java","91940","171239","263179"
"2015-05-28","SessionVars.java","27833","89062","116895"
"2015-11-26","SessionVars.java","99139","208355","307494"
"2015-07-30","SessionVars.java","48864","118371","167235"
"2015-06-26","SessionVars.java","32563","98206","130769"
"2015-09-14","SessionVars.java","95174","178359","273533"
"2015-01-28","ConnectivityCheckerRuleForTajoWorker.java","48975","62509","111484"
"2014-12-11","ConnectivityCheckerRuleForTajoWorker.java","12","123","135"
"2015-09-23","ConnectivityCheckerRuleForTajoWorker.java","128612","246199","374811"
"2015-09-23","ConnectivityCheckerRuleForTajoWorker.java","99128","203181","302309"
"2015-08-14","LogicalPlanner.java","27183","35570","62753"
"2015-07-22","LogicalPlanner.java","17968","17106","35074"
"2015-10-09","LogicalPlanner.java","125439","164306","289745"
"2015-11-26","LogicalPlanner.java","127782","168781","296563"
"2015-09-10","LogicalPlanner.java","121680","136081","257761"
"2015-09-23","LogicalPlanner.java","124597","159083","283680"
"2015-11-18","LogicalPlanner.java","127493","168388","295881"
"2015-08-13","LogicalPlanner.java","26976","33726","60702"
"2015-07-30","LogicalPlanner.java","24399","26742","51141"
"2015-11-18","LogicalPlanner.java","127538","168497","296035"
"2015-07-20","LogicalPlanner.java","16985","15520","32505"
"2015-08-25","LogicalPlanner.java","115115","126402","241517"
"2015-10-20","LogicalPlanner.java","125626","164631","290257"
"2015-08-04","LogicalPlanner.java","25481","30423","55904"
"2015-11-25","LogicalPlanner.java","127731","168672","296403"
"2015-09-23","LogicalPlanner.java","123784","157638","281422"
"2015-07-20","LogicalPlanner.java","16989","15559","32548"
"2015-07-31","LogicalPlanner.java","24737","27752","52489"
"2015-09-01","LogicalPlanner.java","115803","126654","242457"
"2015-01-28","ConnectivityCheckerRuleForTajoWorker.java","48964","62387","111351"
"2015-09-23","ConnectivityCheckerRuleForTajoWorker.java","128601","246077","374678"
"2015-04-29","BufferPool.java","1467","4200","5667"
"2015-12-07","BufferPool.java","96042","189131","285173"
"2015-09-03","BufferPool.java","87645","148829","236474"
"2014-10-25","LogicalPlanner.java","91911","275573","367484"
"2015-06-24","LogicalPlanner.java","93144","376719","469863"
"2014-02-04","LogicalPlanner.java","45147","105275","150422"
"2014-08-13","LogicalPlanner.java","91639","215181","306820"
"2014-12-08","LogicalPlanner.java","91952","291849","383801"
"2014-01-17","LogicalPlanner.java","31820","87161","118981"
"2015-04-18","LogicalPlanner.java","93173","329011","422184"
"2015-08-14","LogicalPlanner.java","93854","387843","481697"
"2015-07-22","LogicalPlanner.java","93636","378376","472012"
"2015-10-09","LogicalPlanner.java","94235","418704","512939"
"2014-12-30","LogicalPlanner.java","92138","306616","398754"
"2014-04-08","LogicalPlanner.java","52409","138372","190781"
"2014-07-09","LogicalPlanner.java","91238","204304","295542"
"2014-01-20","LogicalPlanner.java","31853","87543","119396"
"2014-01-25","LogicalPlanner.java","32887","90780","123667"
"2015-11-26","LogicalPlanner.java","94292","420893","515185"
"2014-02-16","LogicalPlanner.java","45920","108258","154178"
"2015-09-10","LogicalPlanner.java","93967","393970","487937"
"2015-09-23","LogicalPlanner.java","94203","414291","508494"
"2015-11-18","LogicalPlanner.java","94270","420767","515037"
"2014-01-26","LogicalPlanner.java","32991","90649","123640"
"2015-05-11","LogicalPlanner.java","93156","332324","425480"
"2015-08-13","LogicalPlanner.java","93852","386204","480056"
"2014-07-22","LogicalPlanner.java","91540","210523","302063"
"2014-12-18","LogicalPlanner.java","92140","303485","395625"
"2014-02-17","LogicalPlanner.java","46445","110255","156700"
"2014-07-11","LogicalPlanner.java","91238","206230","297468"
"2015-07-30","LogicalPlanner.java","93721","381666","475387"
"2015-11-18","LogicalPlanner.java","94291","420852","515143"
"2015-07-20","LogicalPlanner.java","93636","377773","471409"
"2015-03-27","LogicalPlanner.java","93159","319123","412282"
"2014-02-20","LogicalPlanner.java","46838","112043","158881"
"2015-08-25","LogicalPlanner.java","93865","390754","484619"
"2014-02-24","LogicalPlanner.java","50189","114961","165150"
"2014-01-21","LogicalPlanner.java","31989","88695","120684"
"2015-07-17","LogicalPlanner.java","93145","378274","471419"
"2015-10-20","LogicalPlanner.java","94259","418866","513125"
"2014-01-22","LogicalPlanner.java","32184","89398","121582"
"2014-04-30","LogicalPlanner.java","91016","184774","275790"
"2015-05-27","LogicalPlanner.java","93158","369948","463106"
"2014-06-02","LogicalPlanner.java","91244","199193","290437"
"2014-05-12","LogicalPlanner.java","91237","188420","279657"
"2015-08-04","LogicalPlanner.java","93726","384270","477996"
"2014-03-20","LogicalPlanner.java","51843","128250","180093"
"2014-05-26","LogicalPlanner.java","91238","197554","288792"
"2014-05-27","LogicalPlanner.java","91238","197813","289051"
"2015-11-25","LogicalPlanner.java","94291","420834","515125"
"2014-12-05","LogicalPlanner.java","91951","291151","383102"
"2015-06-28","LogicalPlanner.java","93145","377212","470357"
"2013-12-16","LogicalPlanner.java","24132","68238","92370"
"2014-04-30","LogicalPlanner.java","90902","183279","274181"
"2015-09-23","LogicalPlanner.java","94198","413654","507852"
"2015-07-20","LogicalPlanner.java","93636","377808","471444"
"2013-12-03","LogicalPlanner.java","23387","58707","82094"
"2015-07-17","LogicalPlanner.java","93145","378747","471892"
"2014-03-31","LogicalPlanner.java","52264","133533","185797"
"2015-07-31","LogicalPlanner.java","93720","382337","476057"
"2015-09-01","LogicalPlanner.java","93965","390418","484383"
"2014-06-07","LogicalPlanner.java","91244","200154","291398"
"2014-01-30","LogicalPlanner.java","45065","103433","148498"
"2014-06-24","LogicalPlanner.java","91244","201628","292872"
"2014-02-20","LogicalPlanner.java","46588","111816","158404"
"2015-04-18","BufferPool.java","66502","110968","177470"
"2015-04-29","BufferPool.java","66753","114101","180854"
"2015-04-20","BufferPool.java","66537","111152","177689"
"2015-12-07","BufferPool.java","129225","266929","396154"
"2015-09-03","BufferPool.java","122228","228027","350255"
"2015-12-07","BufferPool.java","16294","48199","64493"
"2015-06-02","EmptyTuple.java","78262","166673","244935"
"2014-10-25","LogicalPlanner.java","124768","227161","351929"
"2015-06-24","LogicalPlanner.java","150913","353219","504132"
"2014-08-13","LogicalPlanner.java","117713","159986","277699"
"2014-12-08","LogicalPlanner.java","130066","248694","378760"
"2015-04-18","LogicalPlanner.java","150133","304702","454835"
"2015-08-14","LogicalPlanner.java","152971","365691","518662"
"2015-07-22","LogicalPlanner.java","152080","355551","507631"
"2015-10-09","LogicalPlanner.java","154163","397363","551526"
"2014-12-30","LogicalPlanner.java","144736","277945","422681"
"2014-04-08","LogicalPlanner.java","849","5543","6392"
"2014-07-09","LogicalPlanner.java","116619","148416","265035"
"2015-11-26","LogicalPlanner.java","154482","399814","554296"
"2015-09-10","LogicalPlanner.java","153597","372331","525928"
"2015-09-23","LogicalPlanner.java","154050","392869","546919"
"2015-11-18","LogicalPlanner.java","154434","399662","554096"
"2015-05-11","LogicalPlanner.java","150440","308339","458779"
"2015-08-13","LogicalPlanner.java","152914","363997","516911"
"2014-07-22","LogicalPlanner.java","117497","155211","272708"
"2014-12-18","LogicalPlanner.java","144710","274786","419496"
"2014-07-11","LogicalPlanner.java","116635","150358","266993"
"2015-07-30","LogicalPlanner.java","152293","358969","511262"
"2015-11-18","LogicalPlanner.java","154459","399751","554210"
"2015-07-20","LogicalPlanner.java","152080","354948","507028"
"2015-03-27","LogicalPlanner.java","148386","293081","441467"
"2015-08-25","LogicalPlanner.java","153210","368830","522040"
"2015-07-17","LogicalPlanner.java","150988","354848","505836"
"2015-10-20","LogicalPlanner.java","154189","397527","551716"
"2014-04-30","LogicalPlanner.java","115380","127869","243249"
"2015-05-27","LogicalPlanner.java","150469","345990","496459"
"2014-06-02","LogicalPlanner.java","116216","142896","259112"
"2014-05-12","LogicalPlanner.java","115795","131709","247504"
"2015-08-04","LogicalPlanner.java","152343","361618","513961"
"2014-05-26","LogicalPlanner.java","116199","141246","257445"
"2014-05-27","LogicalPlanner.java","116199","141505","257704"
"2015-11-25","LogicalPlanner.java","154467","399741","554208"
"2014-12-05","LogicalPlanner.java","130056","247987","378043"
"2015-06-28","LogicalPlanner.java","150988","353786","504774"
"2014-04-30","LogicalPlanner.java","115242","126350","241592"
"2015-09-23","LogicalPlanner.java","154031","392218","546249"
"2015-07-20","LogicalPlanner.java","152080","354983","507063"
"2015-07-17","LogicalPlanner.java","151019","355352","506371"
"2015-07-31","LogicalPlanner.java","152328","359676","512004"
"2015-09-01","LogicalPlanner.java","153594","368778","522372"
"2014-06-07","LogicalPlanner.java","116215","143856","260071"
"2014-06-24","LogicalPlanner.java","116292","145407","261699"
"2013-12-06","TajoWorker.java","27925","78017","105942"
"2015-09-02","TajoWorker.java","81727","391471","473198"
"2015-01-09","TajoWorker.java","79969","310379","390348"
"2014-11-11","TajoWorker.java","79761","287678","367439"
"2013-10-10","TajoWorker.java","13808","51330","65138"
"2015-09-11","TajoWorker.java","81729","395868","477597"
"2015-01-28","TajoWorker.java","79976","309290","389266"
"2014-10-09","TajoWorker.java","79572","276567","356139"
"2013-10-25","TajoWorker.java","21922","60499","82421"
"2015-12-15","TajoWorker.java","82024","424307","506331"
"2013-10-21","TajoWorker.java","21282","58986","80268"
"2015-06-08","TajoWorker.java","80935","376828","457763"
"2014-09-20","TajoWorker.java","79567","270843","350410"
"2015-07-20","TajoWorker.java","80948","376569","457517"
"2015-09-25","TajoWorker.java","81957","418886","500843"
"2014-09-15","TajoWorker.java","79567","270582","350149"
"2014-08-21","TajoWorker.java","79513","220784","300297"
"2015-12-21","TajoWorker.java","82028","427081","509109"
"2013-12-14","TajoWorker.java","28185","84497","112682"
"2015-08-03","TajoWorker.java","81449","383286","464735"
"2014-12-10","TajoWorker.java","79783","295563","375346"
"2013-09-13","TajoWorker.java","4776","13940","18716"
"2014-02-17","TajoWorker.java","44693","120620","165313"
"2015-11-17","TajoWorker.java","82004","421688","503692"
"2013-09-04","TajoWorker.java","2915","4214","7129"
"2015-01-27","TajoWorker.java","79976","308980","388956"
"2014-09-03","TajoWorker.java","79566","269666","349232"
"2014-08-23","TajoWorker.java","79565","269359","348924"
"2015-04-01","TajoWorker.java","80973","319819","400792"
"2015-07-23","TajoWorker.java","81370","379005","460375"
"2013-12-02","TajoWorker.java","27883","74247","102130"
"2013-09-09","TajoWorker.java","3748","4961","8709"
"2015-09-02","TajoWorker.java","124345","383997","508342"
"2015-01-09","TajoWorker.java","120607","300925","421532"
"2014-11-11","TajoWorker.java","120243","278068","398311"
"2015-09-11","TajoWorker.java","124343","388390","512733"
"2015-01-28","TajoWorker.java","120628","299850","420478"
"2014-10-09","TajoWorker.java","119974","266877","386851"
"2015-12-15","TajoWorker.java","124736","416927","541663"
"2015-06-08","TajoWorker.java","123340","369141","492481"
"2014-09-20","TajoWorker.java","119948","261132","381080"
"2015-07-20","TajoWorker.java","123429","368958","492387"
"2015-09-25","TajoWorker.java","124597","411434","536031"
"2014-09-15","TajoWorker.java","119948","260871","380819"
"2014-08-21","TajoWorker.java","119886","211065","330951"
"2015-12-21","TajoWorker.java","124740","419701","544441"
"2013-12-14","TajoWorker.java","1310","7530","8840"
"2015-08-03","TajoWorker.java","123964","375709","499673"
"2014-12-10","TajoWorker.java","120397","286085","406482"
"2014-02-17","TajoWorker.java","40370","66205","106575"
"2015-11-17","TajoWorker.java","124706","414298","539004"
"2015-01-27","TajoWorker.java","120628","299540","420168"
"2014-09-03","TajoWorker.java","119947","259955","379902"
"2014-08-23","TajoWorker.java","119946","259648","379594"
"2015-04-01","TajoWorker.java","123172","311926","435098"
"2015-07-23","TajoWorker.java","123879","371422","495301"
"2015-09-11","TajoWorker.java","10062","14457","24519"
"2015-12-15","TajoWorker.java","19655","52194","71849"
"2015-09-25","TajoWorker.java","13797","40982","54779"
"2015-12-21","TajoWorker.java","23995","59304","83299"
"2015-11-17","TajoWorker.java","17097","47037","64134"
"2015-08-14","LogicalPlanner.java","4353","9725","14078"
"2015-10-09","LogicalPlanner.java","113015","148867","261882"
"2015-11-26","LogicalPlanner.java","115522","153506","269028"
"2015-09-10","LogicalPlanner.java","108536","119922","228458"
"2015-09-23","LogicalPlanner.java","111800","143271","255071"
"2015-11-18","LogicalPlanner.java","115218","153098","268316"
"2015-08-13","LogicalPlanner.java","4085","7820","11905"
"2015-11-18","LogicalPlanner.java","115269","153213","268482"
"2015-08-25","LogicalPlanner.java","99772","108044","207816"
"2015-10-20","LogicalPlanner.java","113251","149241","262492"
"2015-08-04","LogicalPlanner.java","1215","3142","4357"
"2015-11-25","LogicalPlanner.java","115471","153397","268868"
"2015-09-23","LogicalPlanner.java","110911","141750","252661"
"2015-09-01","LogicalPlanner.java","100649","108485","209134"
"2015-06-02","NullTuple.java","13886","55100","68986"
"2015-07-22","NullTuple.java","31147","77687","108834"
"2015-09-02","TajoWorker.java","95358","174692","270050"
"2015-09-11","TajoWorker.java","101009","184738","285747"
"2015-01-28","TajoWorker.java","3647","2551","6198"
"2015-12-15","TajoWorker.java","105558","217431","322989"
"2015-06-08","TajoWorker.java","38688","104171","142859"
"2015-07-20","TajoWorker.java","48154","113365","161519"
"2015-09-25","TajoWorker.java","102441","208960","311401"
"2015-12-21","TajoWorker.java","105578","220221","325799"
"2015-08-03","TajoWorker.java","56485","127912","184397"
"2015-11-17","TajoWorker.java","104429","213703","318132"
"2015-01-27","TajoWorker.java","2703","1297","4000"
"2015-04-01","TajoWorker.java","15700","24136","39836"
"2015-07-23","TajoWorker.java","53561","120786","174347"
"2015-09-02","TajoWorker.java","123804","225631","349435"
"2015-01-09","TajoWorker.java","50650","73143","123793"
"2015-09-11","TajoWorker.java","128234","234456","362690"
"2015-01-28","TajoWorker.java","52878","74275","127153"
"2015-12-15","TajoWorker.java","130931","265297","396228"
"2015-06-08","TajoWorker.java","80265","168241","248506"
"2015-07-20","TajoWorker.java","86231","173935","260166"
"2015-09-25","TajoWorker.java","129350","258362","387712"
"2015-12-21","TajoWorker.java","130945","268081","399026"
"2015-08-03","TajoWorker.java","90563","184483","275046"
"2014-12-10","TajoWorker.java","7343","15206","22549"
"2015-11-17","TajoWorker.java","130230","261997","392227"
"2015-01-27","TajoWorker.java","52714","73801","126515"
"2015-04-01","TajoWorker.java","63065","93994","157059"
"2015-07-23","TajoWorker.java","89584","179302","268886"
"2015-07-22","NullTuple.java","22769","28095","50864"
"2013-12-06","TajoWorker.java","17822","30392","48214"
"2015-09-02","TajoWorker.java","115019","387241","502260"
"2015-01-09","TajoWorker.java","113073","305961","419034"
"2014-11-11","TajoWorker.java","112819","283214","396033"
"2015-09-11","TajoWorker.java","115021","391638","506659"
"2015-01-28","TajoWorker.java","113080","304872","417952"
"2014-10-09","TajoWorker.java","112606","272079","384685"
"2013-10-25","TajoWorker.java","10140","11195","21335"
"2015-12-15","TajoWorker.java","115405","420166","535571"
"2013-10-21","TajoWorker.java","9352","9534","18886"
"2015-06-08","TajoWorker.java","114086","372457","486543"
"2014-09-20","TajoWorker.java","112601","266355","378956"
"2015-07-20","TajoWorker.java","114123","372222","486345"
"2015-09-25","TajoWorker.java","115282","414689","529971"
"2014-09-15","TajoWorker.java","112601","266094","378695"
"2014-08-21","TajoWorker.java","112541","216290","328831"
"2015-12-21","TajoWorker.java","115409","422940","538349"
"2013-12-14","TajoWorker.java","18211","37001","55212"
"2015-08-03","TajoWorker.java","114683","378998","493681"
"2014-12-10","TajoWorker.java","112882","291140","404022"
"2014-02-17","TajoWorker.java","45844","84249","130093"
"2015-11-17","TajoWorker.java","115383","417545","532928"
"2015-01-27","TajoWorker.java","113080","304562","417642"
"2014-09-03","TajoWorker.java","112600","265178","377778"
"2014-08-23","TajoWorker.java","112599","264871","377470"
"2015-04-01","TajoWorker.java","114104","315428","429532"
"2015-07-23","TajoWorker.java","114607","374720","489327"
"2013-12-02","TajoWorker.java","17528","26370","43898"
"2015-12-15","TajoWorker.java","10088","38232","48320"
"2015-09-25","TajoWorker.java","3967","26757","30724"
"2015-12-21","TajoWorker.java","14430","45344","59774"
"2015-11-17","TajoWorker.java","7477","33022","40499"
"2015-10-09","LogicalPlanner.java","15058","43074","58132"
"2015-11-26","LogicalPlanner.java","18580","48728","67308"
"2015-09-10","LogicalPlanner.java","9365","12915","22280"
"2015-09-23","LogicalPlanner.java","13621","37256","50877"
"2015-11-18","LogicalPlanner.java","17576","47620","65196"
"2015-11-18","LogicalPlanner.java","18317","48425","66742"
"2015-10-20","LogicalPlanner.java","15323","43477","58800"
"2015-11-25","LogicalPlanner.java","18529","48619","67148"
"2015-09-23","LogicalPlanner.java","12619","35622","48241"
"2014-10-25","LogicalPlanner.java","38686","113438","152124"
"2015-06-24","LogicalPlanner.java","95949","270614","366563"
"2014-08-13","LogicalPlanner.java","8610","23242","31852"
"2014-12-08","LogicalPlanner.java","47547","138534","186081"
"2015-04-18","LogicalPlanner.java","88788","215716","304504"
"2015-08-14","LogicalPlanner.java","104007","289086","393093"
"2015-07-22","LogicalPlanner.java","101771","277601","379372"
"2015-10-09","LogicalPlanner.java","131676","347235","478911"
"2014-12-30","LogicalPlanner.java","72329","177897","250226"
"2014-07-09","LogicalPlanner.java","5493","9649","15142"
"2015-11-26","LogicalPlanner.java","132219","349910","482129"
"2015-09-10","LogicalPlanner.java","130819","321912","452731"
"2015-09-23","LogicalPlanner.java","131481","342659","474140"
"2015-11-18","LogicalPlanner.java","132158","349745","481903"
"2015-05-11","LogicalPlanner.java","89267","219525","308792"
"2015-08-13","LogicalPlanner.java","103939","287381","391320"
"2014-07-22","LogicalPlanner.java","7160","17233","24393"
"2014-12-18","LogicalPlanner.java","68825","171260","240085"
"2014-07-11","LogicalPlanner.java","5734","11816","17550"
"2015-07-30","LogicalPlanner.java","102932","281967","384899"
"2015-11-18","LogicalPlanner.java","132183","349834","482017"
"2015-07-20","LogicalPlanner.java","101595","276822","378417"
"2015-03-27","LogicalPlanner.java","85237","202291","287528"
"2015-08-25","LogicalPlanner.java","126793","314772","441565"
"2015-07-17","LogicalPlanner.java","96232","272451","368683"
"2015-10-20","LogicalPlanner.java","131708","347405","479113"
"2015-05-27","LogicalPlanner.java","93636","261516","355152"
"2015-08-04","LogicalPlanner.java","103227","284861","388088"
"2015-11-25","LogicalPlanner.java","132198","349831","482029"
"2014-12-05","LogicalPlanner.java","47317","137607","184924"
"2015-06-28","LogicalPlanner.java","96164","271321","367485"
"2015-09-23","LogicalPlanner.java","131396","341942","473338"
"2015-07-20","LogicalPlanner.java","101595","276857","378452"
"2015-07-17","LogicalPlanner.java","96293","272985","369278"
"2015-07-31","LogicalPlanner.java","102969","282676","385645"
"2015-09-01","LogicalPlanner.java","127214","314757","441971"
"2014-06-24","LogicalPlanner.java","265","1739","2004"
"2015-09-02","TajoWorker.java","92561","172991","265552"
"2015-09-11","TajoWorker.java","98234","183059","281293"
"2015-12-15","TajoWorker.java","102838","215807","318645"
"2015-06-08","TajoWorker.java","35520","102099","137619"
"2015-07-20","TajoWorker.java","45166","111473","156639"
"2015-09-25","TajoWorker.java","99717","207332","307049"
"2015-12-21","TajoWorker.java","102858","218597","321455"
"2015-08-03","TajoWorker.java","53528","126051","179579"
"2015-11-17","TajoWorker.java","101705","212075","313780"
"2015-04-01","TajoWorker.java","12224","21756","33980"
"2015-07-23","TajoWorker.java","50588","118909","169497"
"2014-10-25","LogicalPlanner.java","116733","242027","358760"
"2015-06-24","LogicalPlanner.java","135969","361176","497145"
"2014-02-04","LogicalPlanner.java","509","2269","2778"
"2014-08-13","LogicalPlanner.java","110262","175436","285698"
"2014-12-08","LogicalPlanner.java","119482","261011","380493"
"2015-04-18","LogicalPlanner.java","135377","312847","448224"
"2015-08-14","LogicalPlanner.java","137084","372705","509789"
"2015-07-22","LogicalPlanner.java","136650","363022","499672"
"2015-10-09","LogicalPlanner.java","137791","403892","541683"
"2014-12-30","LogicalPlanner.java","131515","287625","419140"
"2014-04-08","LogicalPlanner.java","17009","44604","61613"
"2014-07-09","LogicalPlanner.java","109596","164294","273890"
"2015-11-26","LogicalPlanner.java","137896","406129","544025"
"2014-02-16","LogicalPlanner.java","2120","6090","8210"
"2015-09-10","LogicalPlanner.java","137396","379031","516427"
"2015-09-23","LogicalPlanner.java","137718","399438","537156"
"2015-11-18","LogicalPlanner.java","137861","405990","543851"
"2015-05-11","LogicalPlanner.java","135571","316371","451942"
"2015-08-13","LogicalPlanner.java","137028","371012","508040"
"2014-07-22","LogicalPlanner.java","110083","170698","280781"
"2014-12-18","LogicalPlanner.java","131495","284472","415967"
"2014-02-17","LogicalPlanner.java","3406","8848","12254"
"2014-07-11","LogicalPlanner.java","109601","166225","275826"
"2015-07-30","LogicalPlanner.java","136761","366338","503099"
"2015-11-18","LogicalPlanner.java","137884","406077","543961"
"2015-07-20","LogicalPlanner.java","136650","362419","499069"
"2015-03-27","LogicalPlanner.java","134411","302007","436418"
"2014-02-20","LogicalPlanner.java","5107","11944","17051"
"2015-08-25","LogicalPlanner.java","137280","375801","513081"
"2014-02-24","LogicalPlanner.java","10468","16872","27340"
"2015-07-17","LogicalPlanner.java","136044","362805","498849"
"2015-10-20","LogicalPlanner.java","137816","404055","541871"
"2014-04-30","LogicalPlanner.java","108719","144109","252828"
"2015-05-27","LogicalPlanner.java","135595","354017","489612"
"2014-06-02","LogicalPlanner.java","109369","158950","268319"
"2014-05-12","LogicalPlanner.java","109059","147874","256933"
"2015-08-04","LogicalPlanner.java","136771","368947","505718"
"2014-03-20","LogicalPlanner.java","15558","33597","49155"
"2014-05-26","LogicalPlanner.java","109382","157330","266712"
"2014-05-27","LogicalPlanner.java","109382","157589","266971"
"2015-11-25","LogicalPlanner.java","137892","406067","543959"
"2014-12-05","LogicalPlanner.java","119475","260307","379782"
"2015-06-28","LogicalPlanner.java","136044","361743","497787"
"2014-04-30","LogicalPlanner.java","108581","142590","251171"
"2015-09-23","LogicalPlanner.java","137703","398791","536494"
"2015-07-20","LogicalPlanner.java","136650","362454","499104"
"2015-07-17","LogicalPlanner.java","136063","363297","499360"
"2014-03-31","LogicalPlanner.java","16363","39264","55627"
"2015-07-31","LogicalPlanner.java","136756","367005","503761"
"2015-09-01","LogicalPlanner.java","137397","375482","512879"
"2014-06-07","LogicalPlanner.java","109365","159907","269272"
"2014-06-24","LogicalPlanner.java","109438","161454","270892"
"2014-02-20","LogicalPlanner.java","4560","11420","15980"
"2015-09-02","TajoWorker.java","143959","256708","400667"
"2015-01-09","TajoWorker.java","81435","114850","196285"
"2014-11-11","TajoWorker.java","40002","50924","90926"
"2015-09-11","TajoWorker.java","147890","265034","412924"
"2015-01-28","TajoWorker.java","83446","115765","199211"
"2015-12-15","TajoWorker.java","149917","295205","445122"
"2015-06-08","TajoWorker.java","104117","203015","307132"
"2015-07-20","TajoWorker.java","109563","208189","317752"
"2015-09-25","TajoWorker.java","148776","288710","437486"
"2015-12-21","TajoWorker.java","149918","297976","447894"
"2015-08-03","TajoWorker.java","112628","217470","330098"
"2014-12-10","TajoWorker.java","46307","65092","111399"
"2015-11-17","TajoWorker.java","149489","292178","441667"
"2015-01-27","TajoWorker.java","83340","115349","198689"
"2015-04-01","TajoWorker.java","89208","131059","220267"
"2015-07-23","TajoWorker.java","111825","212465","324290"
"2013-12-06","TajoWorker.java","11166","22681","33847"
"2015-09-02","TajoWorker.java","115693","386860","502553"
"2015-01-09","TajoWorker.java","112776","304609","417385"
"2014-11-11","TajoWorker.java","112515","281855","394370"
"2015-09-11","TajoWorker.java","115698","391260","506958"
"2015-01-28","TajoWorker.java","112789","303526","416315"
"2014-10-09","TajoWorker.java","112263","270681","382944"
"2015-12-15","TajoWorker.java","116082","419788","535870"
"2015-06-08","TajoWorker.java","114757","372073","486830"
"2014-09-20","TajoWorker.java","112252","264951","377203"
"2015-07-20","TajoWorker.java","114782","371826","486608"
"2015-09-25","TajoWorker.java","115958","414310","530268"
"2014-09-15","TajoWorker.java","112252","264690","376942"
"2014-08-21","TajoWorker.java","112190","214884","327074"
"2015-12-21","TajoWorker.java","116086","422562","538648"
"2013-12-14","TajoWorker.java","11613","29348","40961"
"2015-08-03","TajoWorker.java","115347","378607","493954"
"2014-12-10","TajoWorker.java","112586","289789","402375"
"2014-02-17","TajoWorker.java","40130","77480","117610"
"2015-11-17","TajoWorker.java","116060","417167","533227"
"2015-01-27","TajoWorker.java","112789","303216","416005"
"2014-09-03","TajoWorker.java","112251","263774","376025"
"2014-08-23","TajoWorker.java","112250","263467","375717"
"2015-04-01","TajoWorker.java","114774","315043","429817"
"2015-07-23","TajoWorker.java","115267","374325","489592"
"2013-12-02","TajoWorker.java","10324","18111","28435"
"2015-12-21","TajoWorker.java","4517","7287","11804"
"2013-12-06","TajoWorker.java","11799","24187","35986"
"2015-09-02","TajoWorker.java","114868","386908","501776"
"2015-01-09","TajoWorker.java","111964","304670","416634"
"2014-11-11","TajoWorker.java","111701","281914","393615"
"2015-09-11","TajoWorker.java","114873","391308","506181"
"2015-01-28","TajoWorker.java","111977","303587","415564"
"2014-10-09","TajoWorker.java","111451","270742","382193"
"2013-10-25","TajoWorker.java","870","1743","2613"
"2015-12-15","TajoWorker.java","115256","419835","535091"
"2015-06-08","TajoWorker.java","113934","372123","486057"
"2014-09-20","TajoWorker.java","111440","265012","376452"
"2015-07-20","TajoWorker.java","113959","371876","485835"
"2015-09-25","TajoWorker.java","115133","414358","529491"
"2014-09-15","TajoWorker.java","111440","264751","376191"
"2014-08-21","TajoWorker.java","111379","214946","326325"
"2015-12-21","TajoWorker.java","115260","422609","537869"
"2013-12-14","TajoWorker.java","12244","30852","43096"
"2015-08-03","TajoWorker.java","114524","378657","493181"
"2014-12-10","TajoWorker.java","111772","289848","401620"
"2014-02-17","TajoWorker.java","40710","78933","119643"
"2015-11-17","TajoWorker.java","115234","417214","532448"
"2015-01-27","TajoWorker.java","111977","303277","415254"
"2014-09-03","TajoWorker.java","111439","263835","375274"
"2014-08-23","TajoWorker.java","111438","263528","374966"
"2015-04-01","TajoWorker.java","113951","315093","429044"
"2015-07-23","TajoWorker.java","114444","374375","488819"
"2013-12-02","TajoWorker.java","10959","19619","30578"
"2015-09-02","TajoWorker.java","117729","131580","249309"
"2015-09-11","TajoWorker.java","124150","142396","266546"
"2015-12-15","TajoWorker.java","130060","176450","306510"
"2015-07-20","TajoWorker.java","18376","18104","36480"
"2015-09-25","TajoWorker.java","126183","167219","293402"
"2015-12-21","TajoWorker.java","130115","179275","309390"
"2015-08-03","TajoWorker.java","28763","34707","63470"
"2015-11-17","TajoWorker.java","128540","172331","300871"
"2015-07-23","TajoWorker.java","24982","26724","51706"
"2015-09-02","TajoWorker.java","141926","260394","402320"
"2015-01-09","TajoWorker.java","80895","120029","200924"
"2014-11-11","TajoWorker.java","40248","56889","97137"
"2015-09-11","TajoWorker.java","145856","268719","414575"
"2015-01-28","TajoWorker.java","82898","120936","203834"
"2014-10-09","TajoWorker.java","925","6644","7569"
"2015-12-15","TajoWorker.java","147683","298690","446373"
"2015-06-08","TajoWorker.java","102891","207508","310399"
"2015-07-20","TajoWorker.java","108303","212648","320951"
"2015-09-25","TajoWorker.java","146686","292339","439025"
"2015-12-21","TajoWorker.java","147684","301461","449145"
"2015-08-03","TajoWorker.java","111181","221742","332923"
"2014-12-10","TajoWorker.java","46457","70961","117418"
"2015-11-17","TajoWorker.java","147349","295757","443106"
"2015-01-27","TajoWorker.java","82792","120520","203312"
"2015-04-01","TajoWorker.java","88384","135954","224338"
"2015-07-23","TajoWorker.java","110380","216739","327119"
"2014-11-10","StorageConstants.java","131711","235059","366770"
"2015-09-16","StorageConstants.java","158960","384602","543562"
"2014-10-25","StorageConstants.java","127970","223608","351578"
"2015-09-16","StorageConstants.java","127005","249299","376304"
"2015-09-02","TajoWorker.java","106982","121105","228087"
"2015-09-11","TajoWorker.java","113483","132001","245484"
"2015-12-15","TajoWorker.java","120144","166806","286950"
"2015-09-25","TajoWorker.java","115903","157211","273114"
"2015-12-21","TajoWorker.java","120201","169633","289834"
"2015-08-03","TajoWorker.java","10789","17005","27794"
"2015-11-17","TajoWorker.java","118554","162617","281171"
"2015-07-23","TajoWorker.java","6813","8827","15640"
"2014-10-25","LogicalPlanner.java","38871","112149","151020"
"2015-06-24","LogicalPlanner.java","96709","269900","366609"
"2014-08-13","LogicalPlanner.java","8644","21802","30446"
"2014-12-08","LogicalPlanner.java","47753","137266","185019"
"2015-04-18","LogicalPlanner.java","89213","214667","303880"
"2015-08-14","LogicalPlanner.java","104786","288391","393177"
"2015-07-22","LogicalPlanner.java","102540","276896","379436"
"2015-10-09","LogicalPlanner.java","132872","346957","479829"
"2014-12-30","LogicalPlanner.java","72557","176651","249208"
"2014-07-09","LogicalPlanner.java","5494","8176","13670"
"2015-11-26","LogicalPlanner.java","133415","349632","483047"
"2015-09-10","LogicalPlanner.java","132015","321634","453649"
"2015-09-23","LogicalPlanner.java","132677","342381","475058"
"2015-11-18","LogicalPlanner.java","133354","349467","482821"
"2015-05-11","LogicalPlanner.java","89715","218499","308214"
"2015-08-13","LogicalPlanner.java","104718","286686","391404"
"2014-07-22","LogicalPlanner.java","7178","15777","22955"
"2014-12-18","LogicalPlanner.java","69050","170011","239061"
"2014-07-11","LogicalPlanner.java","5751","10359","16110"
"2015-07-30","LogicalPlanner.java","103708","281269","384977"
"2015-11-18","LogicalPlanner.java","133379","349556","482935"
"2015-07-20","LogicalPlanner.java","102364","276117","378481"
"2015-03-27","LogicalPlanner.java","85593","201173","286766"
"2015-08-25","LogicalPlanner.java","127988","314493","442481"
"2015-07-17","LogicalPlanner.java","96999","271744","368743"
"2015-10-20","LogicalPlanner.java","132904","347127","480031"
"2015-05-27","LogicalPlanner.java","94325","260731","355056"
"2015-08-04","LogicalPlanner.java","104004","284164","388168"
"2015-11-25","LogicalPlanner.java","133394","349553","482947"
"2014-12-05","LogicalPlanner.java","47507","136323","183830"
"2015-06-28","LogicalPlanner.java","96930","270613","367543"
"2015-09-23","LogicalPlanner.java","132592","341664","474256"
"2015-07-20","LogicalPlanner.java","102364","276152","378516"
"2015-07-17","LogicalPlanner.java","97060","272278","369338"
"2015-07-31","LogicalPlanner.java","103745","281978","385723"
"2015-09-01","LogicalPlanner.java","128410","314479","442889"
"2015-12-15","TajoWorker.java","6688","12042","18730"
"2015-12-21","TajoWorker.java","11143","19267","30410"
"2015-11-17","TajoWorker.java","3848","6603","10451"
"2014-11-10","StorageConstants.java","7251","14961","22212"
"2015-09-16","StorageConstants.java","123290","253294","376584"
"2015-09-02","TajoWorker.java","141976","260705","402681"
"2015-01-09","TajoWorker.java","81205","120600","201805"
"2014-11-11","TajoWorker.java","41038","57940","98978"
"2015-09-11","TajoWorker.java","145906","269030","414936"
"2015-01-28","TajoWorker.java","83205","121504","204709"
"2014-10-09","TajoWorker.java","1742","7722","9464"
"2015-12-15","TajoWorker.java","147728","298996","446724"
"2015-06-08","TajoWorker.java","103121","207999","311120"
"2014-09-20","TajoWorker.java","827","1088","1915"
"2015-07-20","TajoWorker.java","108386","212992","321378"
"2015-09-25","TajoWorker.java","146733","292647","439380"
"2015-12-21","TajoWorker.java","147729","301767","449496"
"2015-08-03","TajoWorker.java","111263","222085","333348"
"2014-12-10","TajoWorker.java","46833","71598","118431"
"2015-11-17","TajoWorker.java","147387","296056","443443"
"2015-01-27","TajoWorker.java","83101","121090","204191"
"2015-04-01","TajoWorker.java","88648","136479","225127"
"2015-07-23","TajoWorker.java","110463","217083","327546"
"2014-10-25","LogicalPlanner.java","120581","239015","359596"
"2015-06-24","LogicalPlanner.java","141807","360154","501961"
"2014-08-13","LogicalPlanner.java","113986","172300","286286"
"2014-12-08","LogicalPlanner.java","124404","259073","383477"
"2015-04-18","LogicalPlanner.java","141173","311783","452956"
"2015-08-14","LogicalPlanner.java","143186","371947","515133"
"2015-07-22","LogicalPlanner.java","142539","362051","504590"
"2015-10-09","LogicalPlanner.java","143947","403188","547135"
"2014-12-30","LogicalPlanner.java","136912","286162","423074"
"2014-04-08","LogicalPlanner.java","13762","34497","48259"
"2014-07-09","LogicalPlanner.java","112956","160794","273750"
"2015-11-26","LogicalPlanner.java","143965","405338","549303"
"2015-09-10","LogicalPlanner.java","143501","378276","521777"
"2015-09-23","LogicalPlanner.java","143886","398746","542632"
"2015-11-18","LogicalPlanner.java","143928","405197","549125"
"2015-05-11","LogicalPlanner.java","141386","315326","456712"
"2015-08-13","LogicalPlanner.java","143130","370254","513384"
"2014-07-22","LogicalPlanner.java","113802","167557","281359"
"2014-12-18","LogicalPlanner.java","136886","283003","419889"
"2014-07-11","LogicalPlanner.java","112962","162726","275688"
"2015-07-30","LogicalPlanner.java","142660","365377","508037"
"2015-11-18","LogicalPlanner.java","143953","405286","549239"
"2015-07-20","LogicalPlanner.java","142539","361448","503987"
"2015-03-27","LogicalPlanner.java","140113","300849","440962"
"2015-08-25","LogicalPlanner.java","143382","375043","518425"
"2014-02-24","LogicalPlanner.java","6012","5556","11568"
"2015-07-17","LogicalPlanner.java","141882","361783","503665"
"2015-10-20","LogicalPlanner.java","143972","403351","547323"
"2014-04-30","LogicalPlanner.java","111989","140519","252508"
"2015-05-27","LogicalPlanner.java","141410","352972","494382"
"2014-06-02","LogicalPlanner.java","112686","155407","268093"
"2014-05-12","LogicalPlanner.java","112338","144293","256631"
"2015-08-04","LogicalPlanner.java","142675","367991","510666"
"2014-03-20","LogicalPlanner.java","12184","23363","35547"
"2014-05-26","LogicalPlanner.java","112670","153758","266428"
"2014-05-27","LogicalPlanner.java","112670","154017","266687"
"2015-11-25","LogicalPlanner.java","143961","405276","549237"
"2014-12-05","LogicalPlanner.java","124397","258369","382766"
"2015-06-28","LogicalPlanner.java","141882","360721","502603"
"2014-04-30","LogicalPlanner.java","111851","139000","250851"
"2015-09-23","LogicalPlanner.java","143871","398099","541970"
"2015-07-20","LogicalPlanner.java","142539","361483","504022"
"2015-07-17","LogicalPlanner.java","141900","362274","504174"
"2014-03-31","LogicalPlanner.java","13102","29143","42245"
"2015-07-31","LogicalPlanner.java","142659","366048","508707"
"2015-09-01","LogicalPlanner.java","143502","374727","518229"
"2014-06-07","LogicalPlanner.java","112683","156365","269048"
"2014-06-24","LogicalPlanner.java","112756","157912","270668"
"2014-11-04","Tuple.java","82577","284823","367400"
"2015-06-02","Tuple.java","83566","375934","459500"
"2015-07-22","Tuple.java","83983","381677","465660"
"2015-04-18","Tuple.java","83614","332037","415651"
"2014-01-27","Tuple.java","51302","121398","172700"
"2015-06-02","Tuple.java","76797","166919","243716"
"2015-07-22","Tuple.java","86693","182141","268834"
"2015-04-18","Tuple.java","65097","111274","176371"
"2015-09-02","TajoWorker.java","139370","307843","447213"
"2015-01-09","TajoWorker.java","81416","170555","251971"
"2014-11-11","TajoWorker.java","41872","108518","150390"
"2015-09-11","TajoWorker.java","143300","316168","459468"
"2015-01-28","TajoWorker.java","83418","171461","254879"
"2014-10-09","TajoWorker.java","2897","58621","61518"
"2015-12-15","TajoWorker.java","144937","345949","490886"
"2015-06-08","TajoWorker.java","102493","257115","359608"
"2014-09-20","TajoWorker.java","2011","52016","54027"
"2015-07-20","TajoWorker.java","107417","261767","369184"
"2015-09-25","TajoWorker.java","143993","339651","483644"
"2014-09-15","TajoWorker.java","1318","51062","52380"
"2015-12-21","TajoWorker.java","144938","348720","493658"
"2015-08-03","TajoWorker.java","110252","270818","381070"
"2014-12-10","TajoWorker.java","47397","121906","169303"
"2015-11-17","TajoWorker.java","144643","343056","487699"
"2015-01-27","TajoWorker.java","83306","171039","254345"
"2014-09-03","TajoWorker.java","625","49454","50079"
"2014-08-23","TajoWorker.java","549","49072","49621"
"2015-04-01","TajoWorker.java","88730","186305","275035"
"2015-07-23","TajoWorker.java","109460","265824","375284"
"2015-07-22","Tuple.java","22769","28095","50864"
"2015-09-02","TajoWorker.java","129726","383158","512884"
"2015-01-09","TajoWorker.java","125413","299511","424924"
"2014-11-11","TajoWorker.java","125038","276643","401681"
"2015-09-11","TajoWorker.java","129724","387551","517275"
"2015-01-28","TajoWorker.java","125434","298436","423870"
"2014-10-09","TajoWorker.java","124765","265448","390213"
"2015-12-15","TajoWorker.java","130138","416109","546247"
"2015-06-08","TajoWorker.java","128697","368278","496975"
"2014-09-20","TajoWorker.java","124739","259703","384442"
"2015-07-20","TajoWorker.java","128786","368095","496881"
"2015-09-25","TajoWorker.java","129999","410616","540615"
"2014-09-15","TajoWorker.java","124739","259442","384181"
"2014-08-21","TajoWorker.java","124696","209655","334351"
"2015-12-21","TajoWorker.java","130142","418883","549025"
"2015-08-03","TajoWorker.java","129321","374846","504167"
"2014-12-10","TajoWorker.java","125202","284670","409872"
"2014-02-17","TajoWorker.java","40473","60088","100561"
"2015-11-17","TajoWorker.java","130108","413480","543588"
"2015-01-27","TajoWorker.java","125434","298126","423560"
"2014-09-03","TajoWorker.java","124762","258550","383312"
"2014-08-23","TajoWorker.java","124761","258243","383004"
"2015-04-01","TajoWorker.java","127977","310511","438488"
"2015-07-23","TajoWorker.java","129236","370559","499795"
"2015-06-02","Tuple.java","19920","63865","83785"
"2015-07-22","Tuple.java","36014","85285","121299"
"2014-11-04","Tuple.java","130455","262605","393060"
"2015-06-02","Tuple.java","135023","357295","492318"
"2015-07-22","Tuple.java","135977","363575","499552"
"2015-04-18","Tuple.java","134721","313048","447769"
"2015-09-02","TajoWorker.java","100677","108584","209261"
"2015-09-11","TajoWorker.java","109221","121523","230744"
"2015-12-15","TajoWorker.java","116512","156958","273470"
"2015-09-25","TajoWorker.java","111938","147030","258968"
"2015-12-21","TajoWorker.java","116583","159799","276382"
"2015-11-17","TajoWorker.java","114793","152640","267433"
"2015-06-02","VTuple.java","83566","375934","459500"
"2014-11-04","VTuple.java","82577","284823","367400"
"2015-07-22","VTuple.java","83983","381677","465660"
"2014-11-28","VTuple.java","82592","293704","376296"
"2014-02-04","VTuple.java","59834","133461","193295"
"2014-08-23","VTuple.java","82390","271489","353879"
"2013-09-11","VTuple.java","28589","34262","62851"
"2014-01-27","VTuple.java","51302","121398","172700"
"2013-09-14","VTuple.java","29292","38661","67953"
"2015-05-15","VTuple.java","83580","334734","418314"
"2015-09-02","TajoWorker.java","123272","217236","340508"
"2015-01-09","TajoWorker.java","46202","60832","107034"
"2015-09-11","TajoWorker.java","127768","226127","353895"
"2015-01-28","TajoWorker.java","48975","62509","111484"
"2015-12-15","TajoWorker.java","130686","257189","387875"
"2015-06-08","TajoWorker.java","77695","157808","235503"
"2015-07-20","TajoWorker.java","84437","164278","248715"
"2015-09-25","TajoWorker.java","128963","250112","379075"
"2015-12-21","TajoWorker.java","130699","259972","390671"
"2015-08-03","TajoWorker.java","88926","174983","263909"
"2015-11-17","TajoWorker.java","129878","253782","383660"
"2015-01-27","TajoWorker.java","48796","62020","110816"
"2015-04-01","TajoWorker.java","60270","83336","143606"
"2015-07-23","TajoWorker.java","87899","169754","257653"
"2013-12-06","TajoWorker.java","27667","68595","96262"
"2015-09-02","TajoWorker.java","90462","391042","481504"
"2015-01-09","TajoWorker.java","88685","309931","398616"
"2014-11-11","TajoWorker.java","88477","287230","375707"
"2013-10-10","TajoWorker.java","12498","40856","53354"
"2015-09-11","TajoWorker.java","90464","395439","485903"
"2015-01-28","TajoWorker.java","88692","308842","397534"
"2014-10-09","TajoWorker.java","88288","276119","364407"
"2013-10-25","TajoWorker.java","21115","50528","71643"
"2015-12-15","TajoWorker.java","90766","423885","514651"
"2013-10-21","TajoWorker.java","20418","48958","69376"
"2015-06-08","TajoWorker.java","89662","376391","466053"
"2014-09-20","TajoWorker.java","88283","270395","358678"
"2015-07-20","TajoWorker.java","89676","376133","465809"
"2015-09-25","TajoWorker.java","90698","418463","509161"
"2014-09-15","TajoWorker.java","88283","270134","358417"
"2014-08-21","TajoWorker.java","88227","220334","308561"
"2015-12-21","TajoWorker.java","90770","426659","517429"
"2013-12-14","TajoWorker.java","27931","75079","103010"
"2015-08-03","TajoWorker.java","90179","382852","473031"
"2014-12-10","TajoWorker.java","88499","295115","383614"
"2014-02-17","TajoWorker.java","47986","114749","162735"
"2015-11-17","TajoWorker.java","90746","421266","512012"
"2015-01-27","TajoWorker.java","88692","308532","397224"
"2014-09-03","TajoWorker.java","88282","269218","357500"
"2014-08-23","TajoWorker.java","88281","268911","357192"
"2015-04-01","TajoWorker.java","89690","319372","409062"
"2015-07-23","TajoWorker.java","90100","378571","468671"
"2013-12-02","TajoWorker.java","27618","64818","92436"
"2015-09-10","LogicalPlanPreprocessor.java","135500","380493","515993"
"2015-07-22","VTuple.java","22769","28095","50864"
"2015-06-02","VTuple.java","76797","166919","243716"
"2015-07-22","VTuple.java","86693","182141","268834"
"2014-11-28","VTuple.java","4163","13029","17192"
"2015-05-15","VTuple.java","67644","116552","184196"
"2015-09-02","TajoWorker.java","141047","374864","515911"
"2015-01-09","TajoWorker.java","134904","289387","424291"
"2014-11-11","TajoWorker.java","120735","252725","373460"
"2015-09-11","TajoWorker.java","141046","379258","520304"
"2015-01-28","TajoWorker.java","134940","288327","423267"
"2014-10-09","TajoWorker.java","112322","233390","345712"
"2015-12-15","TajoWorker.java","141600","407956","549556"
"2015-06-08","TajoWorker.java","139330","359296","498626"
"2014-09-20","TajoWorker.java","112173","227522","339695"
"2015-07-20","TajoWorker.java","139722","359416","499138"
"2015-09-25","TajoWorker.java","141437","402439","543876"
"2014-09-15","TajoWorker.java","112134","227222","339356"
"2014-08-21","TajoWorker.java","112034","177378","289412"
"2015-12-21","TajoWorker.java","141604","410730","552334"
"2015-08-03","TajoWorker.java","140408","366318","506726"
"2014-12-10","TajoWorker.java","122362","262215","384577"
"2015-11-17","TajoWorker.java","141565","405322","546887"
"2015-01-27","TajoWorker.java","134938","288015","422953"
"2014-09-03","TajoWorker.java","112112","226285","338397"
"2014-08-23","TajoWorker.java","112110","225977","338087"
"2015-04-01","TajoWorker.java","138041","300960","439001"
"2015-07-23","TajoWorker.java","140304","362012","502316"
"2015-12-15","TajoWorker.java","2934","5533","8467"
"2015-12-21","TajoWorker.java","7401","12770","20171"
"2014-02-17","NamedExprsManager.java","27736","36205","63941"
"2014-10-25","NamedExprsManager.java","128255","256576","384831"
"2014-08-13","NamedExprsManager.java","127770","195971","323741"
"2014-03-27","NamedExprsManager.java","38807","60903","99710"
"2014-03-23","NamedExprsManager.java","38736","59949","98685"
"2014-01-29","NamedExprsManager.java","24937","27767","52704"
"2013-12-06","TajoWorker.java","26379","75172","101551"
"2015-09-02","TajoWorker.java","82755","391200","473955"
"2015-01-09","TajoWorker.java","80990","310101","391091"
"2014-11-11","TajoWorker.java","80782","287400","368182"
"2013-10-10","TajoWorker.java","11963","48186","60149"
"2015-09-11","TajoWorker.java","82757","395597","478354"
"2015-01-28","TajoWorker.java","80997","309012","390009"
"2014-10-09","TajoWorker.java","80593","276289","356882"
"2013-10-25","TajoWorker.java","20181","57459","77640"
"2015-12-15","TajoWorker.java","83057","424041","507098"
"2013-10-21","TajoWorker.java","19496","55901","75397"
"2015-06-08","TajoWorker.java","81960","376554","458514"
"2014-09-20","TajoWorker.java","80588","270565","351153"
"2015-07-20","TajoWorker.java","81973","376295","458268"
"2015-09-25","TajoWorker.java","82989","418619","501608"
"2014-09-15","TajoWorker.java","80588","270304","350892"
"2014-08-21","TajoWorker.java","80533","220505","301038"
"2015-12-21","TajoWorker.java","83061","426815","509876"
"2013-12-14","TajoWorker.java","26639","81652","108291"
"2015-08-03","TajoWorker.java","82474","383012","465486"
"2014-12-10","TajoWorker.java","80804","295285","376089"
"2013-09-13","TajoWorker.java","2188","10053","12241"
"2014-02-17","TajoWorker.java","44219","118847","163066"
"2015-11-17","TajoWorker.java","83037","421422","504459"
"2015-01-27","TajoWorker.java","80997","308702","389699"
"2014-09-03","TajoWorker.java","80587","269388","349975"
"2014-08-23","TajoWorker.java","80586","269081","349667"
"2015-04-01","TajoWorker.java","81995","319542","401537"
"2015-07-23","TajoWorker.java","82395","378731","461126"
"2013-12-02","TajoWorker.java","26337","71402","97739"
"2013-09-09","TajoWorker.java","1084","998","2082"
"2014-10-25","NamedExprsManager.java","119732","239584","359316"
"2014-08-13","NamedExprsManager.java","113148","172880","286028"
"2014-03-27","NamedExprsManager.java","12906","26533","39439"
"2014-03-23","NamedExprsManager.java","12741","25485","38226"
"2015-06-02","VTuple.java","78309","159565","237874"
"2015-07-22","VTuple.java","89061","175643","264704"
"2015-05-15","VTuple.java","69244","109286","178530"
"2015-09-02","TajoWorker.java","93206","173946","267152"
"2015-09-11","TajoWorker.java","98862","183997","282859"
"2015-01-28","TajoWorker.java","997","1307","2304"
"2015-12-15","TajoWorker.java","103462","216741","320203"
"2015-06-08","TajoWorker.java","36275","103164","139439"
"2015-07-20","TajoWorker.java","45886","112503","158389"
"2015-09-25","TajoWorker.java","100342","208267","308609"
"2015-12-21","TajoWorker.java","103482","219531","323013"
"2015-08-03","TajoWorker.java","54243","127076","181319"
"2015-11-17","TajoWorker.java","102328","213008","315336"
"2015-04-01","TajoWorker.java","13194","23036","36230"
"2015-07-23","TajoWorker.java","51306","119937","171243"
"2015-06-02","VTuple.java","137868","356609","494477"
"2014-11-04","VTuple.java","119497","248116","367613"
"2015-07-22","VTuple.java","138836","362903","501739"
"2014-11-28","VTuple.java","121192","258677","379869"
"2014-08-23","VTuple.java","111018","226490","337508"
"2015-05-15","VTuple.java","137763","315290","453053"
"2014-10-25","NamedExprsManager.java","34320","94440","128760"
"2015-09-02","TajoWorker.java","141482","261126","402608"
"2015-01-09","TajoWorker.java","81753","122063","203816"
"2014-11-11","TajoWorker.java","41762","59579","101341"
"2015-09-11","TajoWorker.java","145412","269451","414863"
"2015-01-28","TajoWorker.java","83750","122964","206714"
"2014-10-09","TajoWorker.java","2493","9388","11881"
"2015-12-15","TajoWorker.java","147200","299383","446583"
"2015-06-08","TajoWorker.java","103075","208868","311943"
"2014-09-20","TajoWorker.java","1605","2781","4386"
"2015-07-20","TajoWorker.java","108061","213582","321643"
"2015-09-25","TajoWorker.java","146224","293053","439277"
"2014-09-15","TajoWorker.java","821","1736","2557"
"2015-12-21","TajoWorker.java","147201","302154","449355"
"2015-08-03","TajoWorker.java","110925","222662","333587"
"2014-12-10","TajoWorker.java","47522","73202","120724"
"2015-11-17","TajoWorker.java","146879","296463","443342"
"2015-01-27","TajoWorker.java","83643","122547","206190"
"2015-04-01","TajoWorker.java","89113","137859","226972"
"2015-07-23","TajoWorker.java","110125","217660","327785"
"2015-09-02","TajoWorker.java","141227","261177","402404"
"2015-01-09","TajoWorker.java","81510","122126","203636"
"2014-11-11","TajoWorker.java","41710","59833","101543"
"2015-09-11","TajoWorker.java","145157","269502","414659"
"2015-01-28","TajoWorker.java","83507","123027","206534"
"2014-10-09","TajoWorker.java","2439","9640","12079"
"2015-12-15","TajoWorker.java","146948","299437","446385"
"2015-06-08","TajoWorker.java","102822","208921","311743"
"2014-09-20","TajoWorker.java","1553","3035","4588"
"2015-07-20","TajoWorker.java","107806","213633","321439"
"2015-09-25","TajoWorker.java","145969","293104","439073"
"2014-09-15","TajoWorker.java","855","2076","2931"
"2015-12-21","TajoWorker.java","146949","302208","449157"
"2015-08-03","TajoWorker.java","110670","222713","333383"
"2014-12-10","TajoWorker.java","47287","73273","120560"
"2015-11-17","TajoWorker.java","146624","296514","443138"
"2015-01-27","TajoWorker.java","83400","122610","206010"
"2014-09-03","TajoWorker.java","76","382","458"
"2015-04-01","TajoWorker.java","88860","137912","226772"
"2015-07-23","TajoWorker.java","109870","217711","327581"
"2014-10-25","NamedExprsManager.java","123928","230153","354081"
"2014-08-13","NamedExprsManager.java","116921","163026","279947"
"2015-09-02","TajoWorker.java","86761","157659","244420"
"2015-09-11","TajoWorker.java","92911","168204","261115"
"2015-12-15","TajoWorker.java","97728","201165","298893"
"2015-06-08","TajoWorker.java","26025","83072","109097"
"2015-07-20","TajoWorker.java","36385","93160","129545"
"2015-09-25","TajoWorker.java","94415","192498","286913"
"2015-12-21","TajoWorker.java","97748","203955","301703"
"2015-08-03","TajoWorker.java","45201","108192","153393"
"2015-11-17","TajoWorker.java","96544","197382","293926"
"2015-07-23","TajoWorker.java","42020","100809","142829"
"2015-06-02","VTuple.java","102294","205563","307857"
"2014-11-04","VTuple.java","41338","54485","95823"
"2015-07-22","VTuple.java","109738","218333","328071"
"2014-11-28","VTuple.java","44708","66721","111429"
"2015-05-15","VTuple.java","94538","156593","251131"
"2015-06-02","VTuple.java","86866","373561","460427"
"2014-11-04","VTuple.java","85681","282254","367935"
"2015-07-22","VTuple.java","87301","379322","466623"
"2014-11-28","VTuple.java","85700","291139","376839"
"2014-02-04","VTuple.java","44778","112732","157510"
"2014-08-23","VTuple.java","85485","268911","354396"
"2014-01-27","VTuple.java","35476","99899","135375"
"2013-09-14","VTuple.java","1218","4914","6132"
"2015-05-15","VTuple.java","86880","332361","419241"
"2015-06-02","VTuple.java","135023","357295","492318"
"2014-11-04","VTuple.java","130455","262605","393060"
"2015-07-22","VTuple.java","135977","363575","499552"
"2014-11-28","VTuple.java","130645","271661","402306"
"2014-02-04","VTuple.java","20374","23905","44279"
"2014-08-23","VTuple.java","128125","247128","375253"
"2015-05-15","VTuple.java","134932","315990","450922"
"2015-06-02","VTuple.java","90388","373387","463775"
"2014-11-04","VTuple.java","89187","282064","371251"
"2015-07-22","VTuple.java","90823","379148","469971"
"2014-11-28","VTuple.java","89221","290964","380185"
"2014-02-04","VTuple.java","47713","111971","159684"
"2014-08-23","VTuple.java","88991","268721","357712"
"2014-01-27","VTuple.java","35700","96427","132127"
"2015-05-15","VTuple.java","90402","332187","422589"
"2015-06-02","VTuple.java","13886","55100","68986"
"2015-07-22","VTuple.java","31147","77687","108834"
"2014-02-04","TajoConstants.java","59686","132242","191928"
"2014-03-20","TajoConstants.java","61564","150556","212120"
"2015-09-25","TajoConstants.java","84547","420781","505328"
"2014-03-20","TajoConstants.java","15276","31712","46988"
"2015-09-25","TajoConstants.java","139256","402934","542190"
"2015-09-25","TajoConstants.java","150254","397496","547750"
"2015-09-02","TajoWorker.java","102793","114902","217695"
"2015-09-11","TajoWorker.java","109383","125887","235270"
"2015-12-15","TajoWorker.java","116314","160962","277276"
"2015-09-25","TajoWorker.java","111935","151229","263164"
"2015-12-21","TajoWorker.java","116380","163798","280178"
"2015-08-03","TajoWorker.java","4082","8284","12366"
"2015-11-17","TajoWorker.java","114686","156735","271421"
"2014-12-18","TaskAttemptId.java","79968","304550","384518"
"2014-12-18","TaskAttemptId.java","82703","306590","389293"
"2013-08-26","TaskAttemptId.java","25900","25205","51105"
"2015-07-29","TaskId.java","81370","379915","461285"
"2014-12-18","TaskId.java","79968","304550","384518"
"2013-08-26","TaskId.java","25900","25205","51105"
"2015-07-29","TaskId.java","83983","381833","465816"
"2014-12-18","TaskId.java","82703","306590","389293"
"2014-10-25","NamedExprsManager.java","123369","230477","353846"
"2014-08-13","NamedExprsManager.java","116364","163352","279716"
"2014-03-27","NamedExprsManager.java","215","1098","1313"
"2013-12-06","TajoWorker.java","960","4688","5648"
"2015-09-02","TajoWorker.java","120751","384131","504882"
"2015-01-09","TajoWorker.java","117041","301087","418128"
"2014-11-11","TajoWorker.java","116750","278303","395053"
"2015-09-11","TajoWorker.java","120756","388531","509287"
"2015-01-28","TajoWorker.java","117062","300012","417074"
"2014-10-09","TajoWorker.java","116483","267114","383597"
"2015-12-15","TajoWorker.java","121159","417078","538237"
"2015-06-08","TajoWorker.java","119764","369293","489057"
"2014-09-20","TajoWorker.java","116457","261369","377826"
"2015-07-20","TajoWorker.java","119855","369112","488967"
"2015-09-25","TajoWorker.java","121021","411586","532607"
"2014-09-15","TajoWorker.java","116457","261108","377565"
"2014-08-21","TajoWorker.java","116395","211302","327697"
"2015-12-21","TajoWorker.java","121163","419852","541015"
"2013-12-14","TajoWorker.java","2171","12119","14290"
"2015-08-03","TajoWorker.java","120385","375858","496243"
"2014-12-10","TajoWorker.java","116831","286247","403078"
"2014-02-17","TajoWorker.java","39578","69141","108719"
"2015-11-17","TajoWorker.java","121129","414449","535578"
"2015-01-27","TajoWorker.java","117062","299702","416764"
"2014-09-03","TajoWorker.java","116456","260192","376648"
"2014-08-23","TajoWorker.java","116455","259885","376340"
"2015-04-01","TajoWorker.java","119604","312086","431690"
"2015-07-23","TajoWorker.java","120304","371575","491879"
"2015-07-29","TaskId.java","66224","140187","206411"
"2013-12-06","TajoWorker.java","25738","74617","100355"
"2015-09-02","TajoWorker.java","82587","391118","473705"
"2015-01-09","TajoWorker.java","80810","310007","390817"
"2014-11-11","TajoWorker.java","80602","287306","367908"
"2013-10-10","TajoWorker.java","10964","47273","58237"
"2015-09-11","TajoWorker.java","82589","395515","478104"
"2015-01-28","TajoWorker.java","80817","308918","389735"
"2014-10-09","TajoWorker.java","80412","276194","356606"
"2013-10-25","TajoWorker.java","19496","56860","76356"
"2015-12-15","TajoWorker.java","82891","423961","506852"
"2013-10-21","TajoWorker.java","18805","55296","74101"
"2015-06-08","TajoWorker.java","81787","376467","458254"
"2014-09-20","TajoWorker.java","80407","270470","350877"
"2015-07-20","TajoWorker.java","81801","376209","458010"
"2015-09-25","TajoWorker.java","82823","418539","501362"
"2014-09-15","TajoWorker.java","80407","270209","350616"
"2014-08-21","TajoWorker.java","80352","220410","300762"
"2015-12-21","TajoWorker.java","82895","426735","509630"
"2013-12-14","TajoWorker.java","26000","81099","107099"
"2015-08-03","TajoWorker.java","82304","382928","465232"
"2014-12-10","TajoWorker.java","80624","295191","375815"
"2013-09-13","TajoWorker.java","1126","9077","10203"
"2014-02-17","TajoWorker.java","43633","118347","161980"
"2015-11-17","TajoWorker.java","82871","421342","504213"
"2015-01-27","TajoWorker.java","80817","308608","389425"
"2014-09-03","TajoWorker.java","80406","269293","349699"
"2014-08-23","TajoWorker.java","80405","268986","349391"
"2015-04-01","TajoWorker.java","81815","319448","401263"
"2015-07-23","TajoWorker.java","82225","378647","460872"
"2013-12-02","TajoWorker.java","25694","70845","96539"
"2014-02-17","NamedExprsManager.java","3487","9126","12613"
"2014-10-25","NamedExprsManager.java","116663","242154","358817"
"2014-08-13","NamedExprsManager.java","110194","175565","285759"
"2014-03-27","NamedExprsManager.java","15903","35169","51072"
"2014-03-23","NamedExprsManager.java","15757","34140","49897"
"2013-10-16","TajoWorkerClientService.java","24404","65480","89884"
"2013-08-26","TajoWorkerClientService.java","5944","10112","16056"
"2014-09-20","TajoWorkerClientService.java","75973","271417","347390"
"2014-02-17","TajoWorkerClientService.java","47156","127251","174407"
"2013-09-04","TajoWorkerClientService.java","8494","13961","22455"
"2014-11-11","TajoWorkerClientService.java","76167","288252","364419"
"2015-07-20","TajoWorkerClientService.java","77624","379209","456833"
"2014-09-20","TajoWorkerClientService.java","110947","265315","376262"
"2014-02-17","TajoWorkerClientService.java","41402","80421","121823"
"2014-11-11","TajoWorkerClientService.java","111182","282191","393373"
"2015-07-20","TajoWorkerClientService.java","113910","374419","488329"
"2013-10-16","TajoWorkerClientService.java","20461","57369","77830"
"2014-09-20","TajoWorkerClientService.java","79567","270843","350410"
"2014-02-17","TajoWorkerClientService.java","44693","120620","165313"
"2013-09-04","TajoWorkerClientService.java","2915","4214","7129"
"2014-11-11","TajoWorkerClientService.java","79761","287678","367439"
"2015-07-20","TajoWorkerClientService.java","81367","378784","460151"
"2014-11-11","TajoWorkerClientService.java","40248","56889","97137"
"2015-07-20","TajoWorkerClientService.java","109611","215752","325363"
"2014-09-20","TajoWorkerClientService.java","112173","227522","339695"
"2014-11-11","TajoWorkerClientService.java","120735","252725","373460"
"2015-07-20","TajoWorkerClientService.java","140301","361791","502092"
"2015-10-20","NameResolver.java","138084","343708","481792"
"2015-05-11","NameResolver.java","89225","209410","298635"
"2015-09-23","NameResolver.java","137762","338235","475997"
"2015-07-22","NameResolver.java","104663","270420","375083"
"2015-08-04","NameResolver.java","106180","277410","383590"
"2015-08-14","NameResolver.java","106988","281994","388982"
"2015-09-07","NameResolver.java","137181","316153","453334"
"2015-08-12","NameResolver.java","106345","279166","385511"
"2013-10-16","TajoWorkerClientService.java","18642","54251","72893"
"2014-09-20","TajoWorkerClientService.java","80588","270565","351153"
"2014-02-17","TajoWorkerClientService.java","44219","118847","163066"
"2014-11-11","TajoWorkerClientService.java","80782","287400","368182"
"2015-07-20","TajoWorkerClientService.java","82392","378510","460902"
"2015-11-26","BaseTupleBuilder.java","15702","45634","61336"
"2015-09-14","BaseTupleBuilder.java","7397","11849","19246"
"2015-07-20","TajoWorkerClientService.java","87965","177465","265430"
"2015-10-20","NameResolver.java","92440","177879","270319"
"2015-09-23","NameResolver.java","90849","171137","261986"
"2015-07-22","NameResolver.java","32669","78241","110910"
"2015-08-04","NameResolver.java","39001","90046","129047"
"2015-08-14","NameResolver.java","40743","95564","136307"
"2015-09-07","NameResolver.java","90749","149536","240285"
"2015-08-12","NameResolver.java","39423","92059","131482"
"2015-10-20","NameResolver.java","3080","8231","11311"
"2015-11-26","BaseTupleBuilder.java","8586","34066","42652"
"2015-11-26","CompactRowBlockWriter.java","1906","2605","4511"
"2015-07-20","TajoWorkerManagerService.java","80948","376569","457517"
"2014-02-17","TajoWorkerManagerService.java","44693","120620","165313"
"2014-09-15","TajoWorkerManagerService.java","79567","270582","350149"
"2014-02-17","TajoWorkerManagerService.java","44942","121473","166415"
"2014-05-30","TajoWorkerManagerService.java","79282","200092","279374"
"2013-12-06","TajoWorkerManagerService.java","27925","78017","105942"
"2014-08-05","TajoWorkerManagerService.java","79490","213912","293402"
"2015-10-20","NameResolver.java","115582","155449","271031"
"2015-09-23","NameResolver.java","113376","148092","261468"
"2015-08-04","NameResolver.java","7820","13293","21113"
"2015-08-14","NameResolver.java","10815","20064","30879"
"2015-09-07","NameResolver.java","112779","125994","238773"
"2015-08-12","NameResolver.java","8304","15368","23672"
"2015-09-03","DirectBufTuple.java","120694","228204","348898"
"2015-07-20","TajoWorkerManagerService.java","139722","359416","499138"
"2014-09-15","TajoWorkerManagerService.java","112134","227222","339356"
"2014-05-30","TajoWorkerManagerService.java","110780","155663","266443"
"2014-08-05","TajoWorkerManagerService.java","111928","170423","282351"
"2015-10-20","NameResolver.java","113233","147627","260860"
"2015-09-23","NameResolver.java","110856","140099","250955"
"2015-08-14","NameResolver.java","3717","7493","11210"
"2015-09-07","NameResolver.java","108351","116093","224444"
"2015-08-12","NameResolver.java","540","2131","2671"
"2015-07-20","TajoWorkerManagerService.java","108386","212992","321378"
"2015-10-20","NameResolver.java","111268","141886","253154"
"2015-09-23","NameResolver.java","108801","134268","243069"
"2015-09-07","NameResolver.java","106143","110109","216252"
"2015-09-03","HeapTuple.java","120694","228204","348898"
"2015-06-02","HeapTuple.java","76797","166919","243716"
"2015-11-17","HeapTuple.java","127071","263814","390885"
"2015-07-22","HeapTuple.java","86693","182141","268834"
"2015-08-19","HeapTuple.java","119588","225493","345081"
"2015-12-07","HeapTuple.java","127691","267106","394797"
"2015-11-17","HeapTuple.java","13995","43228","57223"
"2015-12-07","HeapTuple.java","16294","48199","64493"
"2015-09-03","HeapTuple.java","119466","136854","256320"
"2015-11-17","HeapTuple.java","127188","173809","300997"
"2015-07-22","HeapTuple.java","22769","28095","50864"
"2015-08-19","HeapTuple.java","114299","130082","244381"
"2015-12-07","HeapTuple.java","128481","177774","306255"
"2015-07-20","TajoWorkerManagerService.java","140321","359411","499732"
"2014-09-15","TajoWorkerManagerService.java","112715","227199","339914"
"2014-05-30","TajoWorkerManagerService.java","111328","155607","266935"
"2014-08-05","TajoWorkerManagerService.java","112505","170396","282901"
"2015-07-20","TajoWorkerManagerService.java","99982","274793","374775"
"2014-09-15","TajoWorkerManagerService.java","10023","80228","90251"
"2014-08-05","TajoWorkerManagerService.java","7674","21286","28960"
"2015-07-20","TajoWorkerManagerService.java","123429","368958","492387"
"2014-02-17","TajoWorkerManagerService.java","40370","66205","106575"
"2014-09-15","TajoWorkerManagerService.java","119948","260871","380819"
"2014-02-17","TajoWorkerManagerService.java","40663","67102","107765"
"2014-05-30","TajoWorkerManagerService.java","119224","189942","309166"
"2014-08-05","TajoWorkerManagerService.java","119821","204151","323972"
"2015-07-20","TajoWorkerManagerService.java","103379","264578","367957"
"2014-09-15","TajoWorkerManagerService.java","2914","59507","62421"
"2015-12-07","HeapTuple.java","2632","5304","7936"
"2015-07-20","Task.java","18376","18104","36480"
"2015-12-24","Task.java","130443","179987","310430"
"2015-09-23","Task.java","126108","163583","289691"
"2015-07-22","Task.java","22123","24256","46379"
"2015-12-24","Task.java","119101","166512","285613"
"2015-09-23","Task.java","114241","149583","263824"
"2015-09-03","HeapTuple.java","107584","119646","227230"
"2015-11-17","HeapTuple.java","116397","157692","274089"
"2015-08-19","HeapTuple.java","102241","112698","214939"
"2015-12-07","HeapTuple.java","117781","161748","279529"
"2013-10-28","TaskAttemptContext.java","44260","82382","126642"
"2013-10-27","TaskAttemptContext.java","43599","80820","124419"
"2014-03-01","TaskAttemptContext.java","60888","140564","201452"
"2015-01-23","TaskAttemptContext.java","82709","310829","393538"
"2014-08-21","TaskAttemptContext.java","82349","222925","305274"
"2015-06-08","TaskAttemptContext.java","83566","378764","462330"
"2014-05-12","TaskAttemptContext.java","82133","191901","274034"
"2014-07-15","TaskAttemptContext.java","82121","210295","292416"
"2015-09-21","TaskAttemptContext.java","84545","415112","499657"
"2014-08-23","TaskAttemptContext.java","82390","271489","353879"
"2014-01-02","TaskAttemptContext.java","49672","111858","161530"
"2015-09-23","TaskAttemptContext.java","84547","417220","501767"
"2014-07-09","TaskAttemptContext.java","82121","209209","291330"
"2014-07-24","TaskAttemptContext.java","82247","214122","296369"
"2014-09-15","TaskAttemptContext.java","82390","272710","355100"
"2014-04-05","TaskAttemptContext.java","61926","159903","221829"
"2014-05-28","TaskAttemptContext.java","82134","201727","283861"
"2015-09-03","HeapTuple.java","13491","15096","28587"
"2015-11-17","HeapTuple.java","26922","57760","84682"
"2015-12-07","HeapTuple.java","29105","62615","91720"
"2014-03-01","TaskAttemptContext.java","44984","86538","131522"
"2015-01-23","TaskAttemptContext.java","111702","301700","413402"
"2014-08-21","TaskAttemptContext.java","111049","213503","324552"
"2015-06-08","TaskAttemptContext.java","114373","371449","485822"
"2014-05-12","TaskAttemptContext.java","110522","182168","292690"
"2014-07-15","TaskAttemptContext.java","110594","200646","311240"
"2015-09-21","TaskAttemptContext.java","115588","408033","523621"
"2014-08-23","TaskAttemptContext.java","111109","262086","373195"
"2014-01-02","TaskAttemptContext.java","13431","37495","50926"
"2015-09-23","TaskAttemptContext.java","115603","410154","525757"
"2014-07-09","TaskAttemptContext.java","110579","199545","310124"
"2014-07-24","TaskAttemptContext.java","110898","204651","315549"
"2014-09-15","TaskAttemptContext.java","111111","263309","374420"
"2014-04-05","TaskAttemptContext.java","47181","107036","154217"
"2014-05-28","TaskAttemptContext.java","110523","191994","302517"
"2013-10-28","TaskAttemptContext.java","1463","2364","3827"
"2014-03-01","TaskAttemptContext.java","45323","87778","133101"
"2015-01-23","TaskAttemptContext.java","111468","302367","413835"
"2014-08-21","TaskAttemptContext.java","110834","214189","325023"
"2015-06-08","TaskAttemptContext.java","113453","371430","484883"
"2014-05-12","TaskAttemptContext.java","110323","182870","293193"
"2014-07-15","TaskAttemptContext.java","110390","201343","311733"
"2015-09-21","TaskAttemptContext.java","114703","408049","522752"
"2014-08-23","TaskAttemptContext.java","110894","262772","373666"
"2014-01-02","TaskAttemptContext.java","14491","39456","53947"
"2015-09-23","TaskAttemptContext.java","114718","410170","524888"
"2014-07-09","TaskAttemptContext.java","110380","200247","310627"
"2014-07-24","TaskAttemptContext.java","110694","205348","316042"
"2014-09-15","TaskAttemptContext.java","110896","263995","374891"
"2014-04-05","TaskAttemptContext.java","47373","108129","155502"
"2014-05-28","TaskAttemptContext.java","110324","192696","303020"
"2015-01-23","TaskAttemptContext.java","138418","286862","425280"
"2014-08-21","TaskAttemptContext.java","115163","176063","291226"
"2015-06-08","TaskAttemptContext.java","142996","358518","501514"
"2014-05-12","TaskAttemptContext.java","113432","143524","256956"
"2014-07-15","TaskAttemptContext.java","114154","162652","276806"
"2015-09-21","TaskAttemptContext.java","145221","396112","541333"
"2014-08-23","TaskAttemptContext.java","115239","224662","339901"
"2015-09-23","TaskAttemptContext.java","145259","398256","543515"
"2014-07-09","TaskAttemptContext.java","114109","161521","275630"
"2014-07-24","TaskAttemptContext.java","114958","167157","282115"
"2014-09-15","TaskAttemptContext.java","115264","225908","341172"
"2014-04-05","TaskAttemptContext.java","6198","24499","30697"
"2014-05-28","TaskAttemptContext.java","113769","153686","267455"
"2015-06-08","TaskAttemptContext.java","36426","103504","139930"
"2015-09-21","TaskAttemptContext.java","99747","202194","301941"
"2015-09-23","TaskAttemptContext.java","100371","204924","305295"
"2015-01-23","TaskAttemptContext.java","83290","170834","254124"
"2015-06-08","TaskAttemptContext.java","102493","257115","359608"
"2015-09-21","TaskAttemptContext.java","143843","333834","477677"
"2014-08-23","TaskAttemptContext.java","549","49072","49621"
"2015-09-23","TaskAttemptContext.java","143976","336073","480049"
"2014-09-15","TaskAttemptContext.java","1318","51062","52380"
"2015-09-21","TaskAttemptContext.java","125199","160568","285767"
"2015-09-23","TaskAttemptContext.java","126108","163583","289691"
"2015-01-23","TaskAttemptContext.java","79602","197954","277556"
"2014-08-21","TaskAttemptContext.java","10606","41414","52020"
"2015-06-08","TaskAttemptContext.java","93946","279376","373322"
"2014-07-15","TaskAttemptContext.java","7745","26151","33896"
"2015-09-21","TaskAttemptContext.java","127737","348536","476273"
"2014-08-23","TaskAttemptContext.java","10952","90283","101235"
"2015-09-23","TaskAttemptContext.java","127840","350745","478585"
"2014-07-09","TaskAttemptContext.java","7559","24879","32438"
"2014-07-24","TaskAttemptContext.java","8964","31071","40035"
"2014-09-15","TaskAttemptContext.java","11488","92040","103528"
"2014-05-28","TaskAttemptContext.java","1460","11285","12745"
"2015-01-23","TaskAttemptContext.java","78265","178211","256476"
"2014-08-21","TaskAttemptContext.java","3441","15843","19284"
"2015-06-08","TaskAttemptContext.java","96660","263684","360344"
"2015-09-21","TaskAttemptContext.java","135543","337936","473479"
"2014-08-23","TaskAttemptContext.java","3845","64770","68615"
"2015-09-23","TaskAttemptContext.java","135673","340172","475845"
"2014-07-24","TaskAttemptContext.java","1318","5019","6337"
"2014-09-15","TaskAttemptContext.java","4423","66569","70992"
"2015-10-20","NameResolver.java","8544","35196","43740"
"2015-09-23","NameResolver.java","5797","27298","33095"
"2015-10-20","NameResolver.java","113178","145981","259159"
"2015-09-23","NameResolver.java","110763","138415","249178"
"2015-08-14","NameResolver.java","3278","5463","8741"
"2015-09-07","NameResolver.java","108196","114347","222543"
"2015-09-23","TaskAttemptContext.java","1544","3650","5194"
"2015-01-23","TaskAttemptContext.java","83384","122405","205789"
"2015-06-08","TaskAttemptContext.java","102822","208921","311743"
"2015-09-21","TaskAttemptContext.java","145713","287181","432894"
"2015-09-23","TaskAttemptContext.java","145946","289520","435466"
"2014-09-15","TaskAttemptContext.java","855","2076","2931"
"2014-03-01","TaskAttemptContext.java","40096","57586","97682"
"2015-01-23","TaskAttemptContext.java","126219","292153","418372"
"2014-08-21","TaskAttemptContext.java","124406","202796","327202"
"2015-06-08","TaskAttemptContext.java","129855","362867","492722"
"2014-05-12","TaskAttemptContext.java","123420","171002","294422"
"2014-07-15","TaskAttemptContext.java","123839","189827","313666"
"2015-09-21","TaskAttemptContext.java","131703","400084","531787"
"2014-08-23","TaskAttemptContext.java","124467","251380","375847"
"2015-09-23","TaskAttemptContext.java","131718","402205","533923"
"2014-07-09","TaskAttemptContext.java","123816","188718","312534"
"2014-07-24","TaskAttemptContext.java","124237","193926","318163"
"2014-09-15","TaskAttemptContext.java","124464","252598","377062"
"2014-04-05","TaskAttemptContext.java","43652","79443","123095"
"2014-05-28","TaskAttemptContext.java","123652","181059","304711"
"2015-01-23","TaskAttemptContext.java","78224","179256","257480"
"2014-08-21","TaskAttemptContext.java","3601","17089","20690"
"2015-06-08","TaskAttemptContext.java","96261","264371","360632"
"2014-07-15","TaskAttemptContext.java","298","1384","1682"
"2015-09-21","TaskAttemptContext.java","134762","338241","473003"
"2014-08-23","TaskAttemptContext.java","3999","66010","70009"
"2015-09-23","TaskAttemptContext.java","134886","340471","475357"
"2014-07-24","TaskAttemptContext.java","1594","6381","7975"
"2014-09-15","TaskAttemptContext.java","4572","67804","72376"
"2014-10-25","ResolverByLegacy.java","35159","99838","134997"
"2015-09-23","ResolverByLegacy.java","137762","338235","475997"
"2015-08-04","ResolverByLegacy.java","106180","277410","383590"
"2015-01-23","TaskAttemptContext.java","79879","176124","256003"
"2014-08-21","TaskAttemptContext.java","2181","10882","13063"
"2015-06-08","TaskAttemptContext.java","98514","261837","360351"
"2015-09-21","TaskAttemptContext.java","137976","336668","474644"
"2014-08-23","TaskAttemptContext.java","2618","59842","62460"
"2015-09-23","TaskAttemptContext.java","138106","338904","477010"
"2014-09-15","TaskAttemptContext.java","3196","61641","64837"
"2015-09-23","ResolverByLegacy.java","123717","259511","383228"
"2015-08-04","ResolverByLegacy.java","86980","193531","280511"
"2015-11-17","MemoryRowBlock.java","13995","43228","57223"
"2015-01-23","TaskAttemptContext.java","83085","120885","203970"
"2015-06-08","TaskAttemptContext.java","103121","207999","311120"
"2015-09-21","TaskAttemptContext.java","146475","286722","433197"
"2015-09-23","TaskAttemptContext.java","146709","289062","435771"
"2015-09-23","ResolverByLegacy.java","110856","140099","250955"
"2015-01-23","TaskAttemptContext.java","148600","278743","427343"
"2014-08-21","TaskAttemptContext.java","120539","163138","283677"
"2015-06-08","TaskAttemptContext.java","154220","351441","505661"
"2014-05-12","TaskAttemptContext.java","118470","130261","248731"
"2014-07-15","TaskAttemptContext.java","119362","149559","268921"
"2015-09-21","TaskAttemptContext.java","157644","390234","547878"
"2014-08-23","TaskAttemptContext.java","120624","211746","332370"
"2015-09-23","TaskAttemptContext.java","157698","392394","550092"
"2014-07-09","TaskAttemptContext.java","119301","148412","267713"
"2014-07-24","TaskAttemptContext.java","120217","154115","274332"
"2014-09-15","TaskAttemptContext.java","120656","212999","333655"
"2014-05-28","TaskAttemptContext.java","118882","140498","259380"
"2014-10-25","ResolverByRels.java","35159","99838","134997"
"2015-09-23","ResolverByRels.java","137762","338235","475997"
"2015-09-23","ResolverByRels.java","123717","259511","383228"
"2015-01-23","TaskAttemptContext.java","80593","189120","269713"
"2014-08-21","TaskAttemptContext.java","9438","30421","39859"
"2015-06-08","TaskAttemptContext.java","95356","270961","366317"
"2014-07-15","TaskAttemptContext.java","6430","15011","21441"
"2015-09-21","TaskAttemptContext.java","130206","341180","471386"
"2014-08-23","TaskAttemptContext.java","9821","79327","89148"
"2015-09-23","TaskAttemptContext.java","130327","343407","473734"
"2014-07-09","TaskAttemptContext.java","6182","13677","19859"
"2014-07-24","TaskAttemptContext.java","7653","19935","27588"
"2014-09-15","TaskAttemptContext.java","10359","81086","91445"
"2014-10-25","ResolverByRelsAndSubExprs.java","35159","99838","134997"
"2015-09-23","ResolverByRelsAndSubExprs.java","137762","338235","475997"
"2015-09-23","ResolverByRelsAndSubExprs.java","123717","259511","383228"
"2015-11-17","OffHeapRowBlockUtils.java","13995","43228","57223"
"2015-11-26","OffHeapRowBlockUtils.java","15702","45634","61336"
"2015-11-26","OffHeapRowBlockUtils.java","1906","2605","4511"
"2015-07-20","TaskExecutor.java","18376","18104","36480"
"2015-07-22","TaskExecutor.java","22123","24256","46379"
"2015-10-08","TaskExecutor.java","126771","168624","295395"
"2014-10-25","ResolverBySubExprsAndRels.java","35159","99838","134997"
"2015-09-23","ResolverBySubExprsAndRels.java","137762","338235","475997"
"2015-09-23","ResolverBySubExprsAndRels.java","123717","259511","383228"
"2015-07-22","TaskExecutor.java","3908","6313","10221"
"2015-10-08","TaskExecutor.java","116702","158827","275529"
"2015-09-14","OffHeapRowBlockWriter.java","125206","237168","362374"
"2015-09-03","OffHeapRowBlockWriter.java","120694","228204","348898"
"2015-11-26","OffHeapRowBlockWriter.java","127506","264948","392454"
"2015-11-26","OffHeapRowBlockWriter.java","8586","34066","42652"
"2014-02-17","PlanString.java","48387","113677","162064"
"2015-09-23","PlanString.java","93091","414659","507750"
"2015-09-23","PlanString.java","142573","398851","541424"
"2015-09-14","OffHeapRowBlockWriter.java","7397","11849","19246"
"2015-11-26","OffHeapRowBlockWriter.java","15702","45634","61336"
"2015-10-08","TaskExecutor.java","115258","154978","270236"
"2014-10-25","BaseLogicalPlanRewriteEngine.java","75872","277889","353761"
"2014-12-30","BaseLogicalPlanRewriteEngine.java","75999","308832","384831"
"2014-05-09","BaseLogicalPlanRewriteEngine.java","75417","189024","264441"
"2014-12-30","BaseLogicalPlanRewriteEngine.java","43464","74280","117744"
"2015-11-17","ResizableLimitSpec.java","127071","263814","390885"
"2014-10-25","BaseLogicalPlanRewriteEngine.java","39046","127456","166502"
"2014-12-30","BaseLogicalPlanRewriteEngine.java","71663","190889","262552"
"2015-08-14","BaseLogicalPlanRewriteRuleProvider.java","67172","146683","213855"
"2015-12-04","BaseLogicalPlanRewriteRuleProvider.java","112667","226781","339448"
"2015-11-26","ResizableMemoryBlock.java","15702","45634","61336"
"2015-12-04","BaseLogicalPlanRewriteRuleProvider.java","114116","148719","262835"
"2015-09-23","BaseSchemaBuildPhase.java","2958","22080","25038"
"2015-11-26","BaseSchemaBuildPhase.java","9200","35467","44667"
"2015-11-18","BaseSchemaBuildPhase.java","8175","34338","42513"
"2015-11-26","BaseSchemaBuildPhase.java","6621","13766","20387"
"2015-11-18","BaseSchemaBuildPhase.java","5581","12622","18203"
"2014-11-11","TaskHistory.java","44161","131268","175429"
"2015-07-20","TaskHistory.java","99982","274793","374775"
"2014-12-18","TaskHistory.java","68642","172414","241056"
"2014-11-11","TaskHistory.java","123948","251494","375442"
"2014-05-30","TaskHistory.java","113779","154218","267997"
"2015-07-20","TaskHistory.java","143410","358660","502070"
"2014-12-18","TaskHistory.java","138349","282560","420909"
"2015-11-17","RowBlock.java","13995","43228","57223"
"2014-11-11","TaskHistory.java","124138","270828","394966"
"2014-05-30","TaskHistory.java","122004","181587","303591"
"2014-03-01","TaskHistory.java","41045","60189","101234"
"2015-07-20","TaskHistory.java","128592","362986","491578"
"2014-12-18","TaskHistory.java","124522","287877","412399"
"2015-11-26","RowWriter.java","127506","264948","392454"
"2015-09-03","RowWriter.java","120694","228204","348898"
"2015-07-20","TaskHistory.java","61116","132155","193271"
"2015-11-26","BaseSchemaBuildPhase.java","1067","1171","2238"
"2015-11-26","RowWriter.java","15702","45634","61336"
"2015-08-19","UnSafeTuple.java","119588","225493","345081"
"2015-12-07","UnSafeTuple.java","127691","267106","394797"
"2015-09-03","UnSafeTuple.java","120694","228204","348898"
"2015-11-17","UnSafeTuple.java","127071","263814","390885"
"2015-06-02","UnSafeTuple.java","76797","166919","243716"
"2015-07-22","UnSafeTuple.java","86693","182141","268834"
"2014-11-17","UnSafeTuple.java","1712","9416","11128"
"2015-12-07","UnSafeTuple.java","29105","62615","91720"
"2015-09-03","UnSafeTuple.java","13491","15096","28587"
"2015-11-17","UnSafeTuple.java","26922","57760","84682"
"2014-12-30","LogicalPlanRewriteEngine.java","75999","308832","384831"
"2015-12-07","UnSafeTuple.java","16294","48199","64493"
"2015-11-17","UnSafeTuple.java","13995","43228","57223"
"2014-10-25","LogicalPlanRewriteRule.java","75872","277889","353761"
"2015-12-07","UnSafeTuple.java","2632","5304","7936"
"2015-08-19","UnSafeTuple.java","114299","130082","244381"
"2015-12-07","UnSafeTuple.java","128481","177774","306255"
"2015-09-03","UnSafeTuple.java","119466","136854","256320"
"2015-11-17","UnSafeTuple.java","127188","173809","300997"
"2015-07-22","UnSafeTuple.java","22769","28095","50864"
"2015-12-04","LogicalPlanRewriteRuleContext.java","115965","156612","272577"
"2015-07-20","TaskImpl.java","18376","18104","36480"
"2015-11-26","TaskImpl.java","129356","173846","303202"
"2015-07-30","TaskImpl.java","28457","33789","62246"
"2015-12-24","TaskImpl.java","130443","179987","310430"
"2015-07-31","TaskImpl.java","28683","34687","63370"
"2015-09-21","TaskImpl.java","125199","160568","285767"
"2015-11-26","TaskImpl.java","119408","164170","283578"
"2015-07-30","TaskImpl.java","10367","15971","26338"
"2015-12-24","TaskImpl.java","120536","170352","290888"
"2015-07-31","TaskImpl.java","10705","16981","27686"
"2015-09-21","TaskImpl.java","114707","150348","265055"
"2015-08-19","CommonConditionReduceRule.java","95581","98270","193851"
"2015-10-20","CommonConditionReduceRule.java","111022","142586","253608"
"2015-10-20","CommonConditionReduceRule.java","24938","53813","78751"
"2015-12-24","TaskImpl.java","5906","10960","16866"
"2015-11-26","TaskImpl.java","115650","154808","270458"
"2015-12-24","TaskImpl.java","116889","161101","277990"
"2015-07-31","TaskImpl.java","340","1012","1352"
"2015-09-21","TaskImpl.java","110635","140672","251307"
"2015-08-19","UnSafeTuple.java","102241","112698","214939"
"2015-12-07","UnSafeTuple.java","117781","161748","279529"
"2015-09-03","UnSafeTuple.java","107584","119646","227230"
"2015-11-17","UnSafeTuple.java","116397","157692","274089"
"2015-11-26","TaskImpl.java","115761","154247","270008"
"2015-12-24","TaskImpl.java","117000","160540","277540"
"2015-09-21","TaskImpl.java","110720","140085","250805"
"2014-05-26","FilterPushDownRule.java","74111","199460","273571"
"2015-07-30","FilterPushDownRule.java","76113","383091","459204"
"2014-10-25","FilterPushDownRule.java","74568","277263","351831"
"2013-10-02","FilterPushDownRule.java","18207","41760","59967"
"2015-12-10","FilterPushDownRule.java","76669","424761","501430"
"2013-09-04","FilterPushDownRule.java","11564","18616","30180"
"2015-10-20","FilterPushDownRule.java","76646","420286","496932"
"2014-02-07","FilterPushDownRule.java","47664","128222","175886"
"2014-10-27","FilterPushDownRule.java","74568","277306","351874"
"2014-06-24","FilterPushDownRule.java","74106","204364","278470"
"2015-03-27","FilterPushDownRule.java","75629","320626","396255"
"2013-10-11","FilterPushDownRule.java","20752","64827","85579"
"2015-07-24","FilterPushDownRule.java","76027","380251","456278"
"2014-04-18","FilterPushDownRule.java","50207","159219","209426"
"2014-04-22","FilterPushDownRule.java","73196","182228","255424"
"2015-09-28","FilterPushDownRule.java","76607","419325","495932"
"2014-07-09","FilterPushDownRule.java","74098","206197","280295"
"2015-07-22","FilterPushDownRule.java","76023","379796","455819"
"2015-09-05","FilterPushDownRule.java","76379","393226","469605"
"2015-01-06","FilterPushDownRule.java","74699","310863","385562"
"2013-12-18","FilterPushDownRule.java","33571","97991","131562"
"2015-03-20","FilterPushDownRule.java","75619","318358","393977"
"2015-07-30","FilterPushDownRule.java","102086","283715","385801"
"2014-10-25","FilterPushDownRule.java","38839","116185","155024"
"2015-12-10","FilterPushDownRule.java","130504","353247","483751"
"2015-10-20","FilterPushDownRule.java","129899","348190","478089"
"2014-10-27","FilterPushDownRule.java","38842","116231","155073"
"2014-06-24","FilterPushDownRule.java","1066","5975","7041"
"2015-03-27","FilterPushDownRule.java","85020","204668","289688"
"2015-07-24","FilterPushDownRule.java","101497","280372","381869"
"2015-09-28","FilterPushDownRule.java","129688","347057","476745"
"2014-07-09","FilterPushDownRule.java","6160","12910","19070"
"2015-07-22","FilterPushDownRule.java","100927","279351","380278"
"2015-09-05","FilterPushDownRule.java","125550","317048","442598"
"2015-01-06","FilterPushDownRule.java","72559","183374","255933"
"2015-03-20","FilterPushDownRule.java","84712","202102","286814"
"2015-12-10","FilterPushDownRule.java","116329","157443","273772"
"2015-10-20","FilterPushDownRule.java","113141","149803","262944"
"2015-09-28","FilterPushDownRule.java","111959","147699","259658"
"2015-09-05","FilterPushDownRule.java","104004","113873","217877"
"2015-07-30","FilterPushDownRule.java","86568","190851","277419"
"2015-12-10","FilterPushDownRule.java","125495","270892","396387"
"2015-10-20","FilterPushDownRule.java","124377","265322","389699"
"2014-10-27","FilterPushDownRule.java","45","88","133"
"2015-03-27","FilterPushDownRule.java","59770","102072","161842"
"2015-07-24","FilterPushDownRule.java","85867","187396","273263"
"2015-09-28","FilterPushDownRule.java","124067","264090","388157"
"2015-07-22","FilterPushDownRule.java","85037","186115","271152"
"2015-09-05","FilterPushDownRule.java","118571","232723","351294"
"2015-01-06","FilterPushDownRule.java","44064","77533","121597"
"2015-03-20","FilterPushDownRule.java","59258","99302","158560"
"2014-05-26","FilterPushDownRule.java","95548","197344","292892"
"2015-07-30","FilterPushDownRule.java","98071","381496","479567"
"2014-10-25","FilterPushDownRule.java","96260","275402","371662"
"2015-12-10","FilterPushDownRule.java","98643","423182","521825"
"2015-10-20","FilterPushDownRule.java","98610","418697","517307"
"2014-02-07","FilterPushDownRule.java","46234","103239","149473"
"2014-10-27","FilterPushDownRule.java","96260","275445","371705"
"2014-06-24","FilterPushDownRule.java","95554","202259","297813"
"2015-03-27","FilterPushDownRule.java","97508","318952","416460"
"2013-10-11","FilterPushDownRule.java","7310","27832","35142"
"2015-07-24","FilterPushDownRule.java","97989","378660","476649"
"2014-04-18","FilterPushDownRule.java","53729","139188","192917"
"2014-04-22","FilterPushDownRule.java","94498","179977","274475"
"2015-09-28","FilterPushDownRule.java","98555","417720","516275"
"2014-07-09","FilterPushDownRule.java","95569","204115","299684"
"2015-07-22","FilterPushDownRule.java","97986","378206","476192"
"2015-09-05","FilterPushDownRule.java","98315","391609","489924"
"2015-01-06","FilterPushDownRule.java","96490","309101","405591"
"2013-12-18","FilterPushDownRule.java","25036","65903","90939"
"2015-03-20","FilterPushDownRule.java","97498","316684","414182"
"2014-05-26","FilterPushDownRule.java","80296","198593","278889"
"2015-07-30","FilterPushDownRule.java","82475","382401","464876"
"2014-10-25","FilterPushDownRule.java","80777","276420","357197"
"2013-10-02","FilterPushDownRule.java","9190","25691","34881"
"2015-12-10","FilterPushDownRule.java","83057","424097","507154"
"2015-10-20","FilterPushDownRule.java","83026","419614","502640"
"2014-02-07","FilterPushDownRule.java","43446","116952","160398"
"2014-10-27","FilterPushDownRule.java","80777","276463","357240"
"2014-06-24","FilterPushDownRule.java","80302","203508","283810"
"2015-03-27","FilterPushDownRule.java","81992","319937","401929"
"2013-10-11","FilterPushDownRule.java","12051","49074","61125"
"2015-07-24","FilterPushDownRule.java","82395","379567","461962"
"2014-04-18","FilterPushDownRule.java","47222","149182","196404"
"2014-04-22","FilterPushDownRule.java","79340","181320","260660"
"2015-09-28","FilterPushDownRule.java","82989","418655","501644"
"2014-07-09","FilterPushDownRule.java","80294","205341","285635"
"2015-07-22","FilterPushDownRule.java","82392","379113","461505"
"2015-09-05","FilterPushDownRule.java","82755","392550","475305"
"2015-01-06","FilterPushDownRule.java","80990","310102","391092"
"2013-12-18","FilterPushDownRule.java","26979","84347","111326"
"2015-03-20","FilterPushDownRule.java","81982","317669","399651"
"2015-08-19","UnSafeTuple.java","121717","219918","341635"
"2015-12-07","UnSafeTuple.java","129901","261612","391513"
"2015-09-03","UnSafeTuple.java","122832","222638","345470"
"2015-11-17","UnSafeTuple.java","129270","258309","387579"
"2015-06-02","UnSafeTuple.java","78337","160755","239092"
"2015-07-22","UnSafeTuple.java","88341","176085","264426"
"2015-12-10","FilterPushDownRule.java","4838","9290","14128"
"2014-05-26","FilterPushDownRule.java","110465","155256","265721"
"2015-07-30","FilterPushDownRule.java","139400","365820","505220"
"2014-10-25","FilterPushDownRule.java","117899","240036","357935"
"2015-12-10","FilterPushDownRule.java","140587","408121","548708"
"2015-10-20","FilterPushDownRule.java","140507","403589","544096"
"2014-10-27","FilterPushDownRule.java","117899","240079","357978"
"2014-06-24","FilterPushDownRule.java","110521","160221","270742"
"2015-03-27","FilterPushDownRule.java","137012","301451","438463"
"2015-07-24","FilterPushDownRule.java","139291","362957","502248"
"2014-04-18","FilterPushDownRule.java","17059","45513","62572"
"2014-04-22","FilterPushDownRule.java","108172","136646","244818"
"2015-09-28","FilterPushDownRule.java","140424","402584","543008"
"2014-07-09","FilterPushDownRule.java","110688","162229","272917"
"2015-07-22","FilterPushDownRule.java","139286","362501","501787"
"2015-09-05","FilterPushDownRule.java","140031","376320","516351"
"2015-01-06","FilterPushDownRule.java","134161","289767","423928"
"2015-03-20","FilterPushDownRule.java","136912","299093","436005"
"2015-07-30","FilterPushDownRule.java","86539","190779","277318"
"2015-12-10","FilterPushDownRule.java","125467","270821","396288"
"2015-10-20","FilterPushDownRule.java","124349","265251","389600"
"2015-03-27","FilterPushDownRule.java","59735","101994","161729"
"2015-07-24","FilterPushDownRule.java","85838","187324","273162"
"2015-09-28","FilterPushDownRule.java","124039","264019","388058"
"2015-07-22","FilterPushDownRule.java","85007","186042","271049"
"2015-09-05","FilterPushDownRule.java","118543","232652","351195"
"2015-01-06","FilterPushDownRule.java","44023","77449","121472"
"2015-03-20","FilterPushDownRule.java","59218","99219","158437"
"2015-11-26","TaskImpl.java","7293","16414","23707"
"2015-12-24","TaskImpl.java","13023","27198","40221"
"2013-09-11","BitArray.java","28568","34221","62789"
"2015-07-30","FilterPushDownRule.java","104419","281139","385558"
"2014-10-25","FilterPushDownRule.java","39027","111464","150491"
"2015-12-10","FilterPushDownRule.java","134348","352182","486530"
"2015-10-20","FilterPushDownRule.java","133731","347113","480844"
"2014-10-27","FilterPushDownRule.java","39030","111510","150540"
"2015-03-27","FilterPushDownRule.java","85828","200567","286395"
"2015-07-24","FilterPushDownRule.java","103828","277794","381622"
"2015-09-28","FilterPushDownRule.java","133520","345980","479500"
"2014-07-09","FilterPushDownRule.java","5409","7250","12659"
"2015-07-22","FilterPushDownRule.java","103241","276756","379997"
"2015-09-05","FilterPushDownRule.java","129238","315827","445065"
"2015-01-06","FilterPushDownRule.java","73175","179081","252256"
"2015-03-20","FilterPushDownRule.java","85513","197994","283507"
"2015-09-23","TaskManager.java","115192","152938","268130"
"2015-10-08","TaskManager.java","116702","158827","275529"
"2015-07-30","FilterPushDownRule.java","46110","108091","154201"
"2015-12-10","FilterPushDownRule.java","98529","201624","300153"
"2015-10-20","FilterPushDownRule.java","95969","194612","290581"
"2015-07-24","FilterPushDownRule.java","43321","102548","145869"
"2015-09-28","FilterPushDownRule.java","95352","193073","288425"
"2015-07-22","FilterPushDownRule.java","40736","99512","140248"
"2015-09-05","FilterPushDownRule.java","90521","162371","252892"
"2015-07-20","TaskManager.java","18376","18104","36480"
"2015-09-23","TaskManager.java","125579","163053","288632"
"2015-10-08","TaskManager.java","126771","168624","295395"
"2015-10-08","TaskManager.java","2287","6666","8953"
"2014-07-22","Bytes.java","82247","213251","295498"
"2014-04-01","Bytes.java","61876","156813","218689"
"2013-09-14","Bytes.java","29292","38661","67953"
"2014-02-12","Bytes.java","60372","134878","195250"
"2014-05-26","FilterPushDownRule.java","112845","194119","306964"
"2015-07-30","FilterPushDownRule.java","115485","378388","493873"
"2014-10-25","FilterPushDownRule.java","113608","272228","385836"
"2015-12-10","FilterPushDownRule.java","116200","420217","536417"
"2015-10-20","FilterPushDownRule.java","116131","415696","531827"
"2014-02-07","FilterPushDownRule.java","45166","81649","126815"
"2014-10-27","FilterPushDownRule.java","113608","272271","385879"
"2014-06-24","FilterPushDownRule.java","112844","199027","311871"
"2015-03-27","FilterPushDownRule.java","114897","315819","430716"
"2015-07-24","FilterPushDownRule.java","115403","375552","490955"
"2014-04-18","FilterPushDownRule.java","54917","119854","174771"
"2014-04-22","FilterPushDownRule.java","111716","176673","288389"
"2015-09-28","FilterPushDownRule.java","116077","414720","530797"
"2014-07-09","FilterPushDownRule.java","112901","200925","313826"
"2015-07-22","FilterPushDownRule.java","115400","375098","490498"
"2015-09-05","FilterPushDownRule.java","115814","388586","504400"
"2015-01-06","FilterPushDownRule.java","113869","305958","419827"
"2013-12-18","FilterPushDownRule.java","18852","39197","58049"
"2015-03-20","FilterPushDownRule.java","114885","313549","428434"
"2015-07-30","FilterPushDownRule.java","3117","5871","8988"
"2015-12-10","FilterPushDownRule.java","116191","160059","276250"
"2015-10-20","FilterPushDownRule.java","113119","152535","265654"
"2015-09-28","FilterPushDownRule.java","112005","150499","262504"
"2015-09-05","FilterPushDownRule.java","105844","118467","224311"
"2014-05-26","FilterPushDownRule.java","119591","135928","255519"
"2015-07-30","FilterPushDownRule.java","158960","356926","515886"
"2014-10-25","FilterPushDownRule.java","128748","222431","351179"
"2015-12-10","FilterPushDownRule.java","161317","400397","561714"
"2015-10-20","FilterPushDownRule.java","160989","395617","556606"
"2014-10-27","FilterPushDownRule.java","128748","222474","351222"
"2014-06-24","FilterPushDownRule.java","119692","140938","260630"
"2015-03-27","FilterPushDownRule.java","154686","290671","445357"
"2015-07-24","FilterPushDownRule.java","158734","353946","512680"
"2014-04-22","FilterPushDownRule.java","116531","116551","233082"
"2015-09-28","FilterPushDownRule.java","160852","394558","555410"
"2014-07-09","FilterPushDownRule.java","120030","143117","263147"
"2015-07-22","FilterPushDownRule.java","158729","353490","512219"
"2015-09-05","FilterPushDownRule.java","160344","368179","528523"
"2015-01-06","FilterPushDownRule.java","151201","278353","429554"
"2015-03-20","FilterPushDownRule.java","154446","288173","442619"
"2014-05-26","FilterPushDownRule.java","4910","21227","26137"
"2015-07-30","FilterPushDownRule.java","100641","298587","399228"
"2014-10-25","FilterPushDownRule.java","40965","134628","175593"
"2015-12-10","FilterPushDownRule.java","126147","365207","491354"
"2015-10-20","FilterPushDownRule.java","125613","360221","485834"
"2014-10-27","FilterPushDownRule.java","40968","134674","175642"
"2014-06-24","FilterPushDownRule.java","5914","27140","33054"
"2015-03-27","FilterPushDownRule.java","84423","220388","304811"
"2015-07-24","FilterPushDownRule.java","100065","295257","395322"
"2015-09-28","FilterPushDownRule.java","125431","359117","484548"
"2014-07-09","FilterPushDownRule.java","10868","33935","44803"
"2015-07-22","FilterPushDownRule.java","99620","294361","393981"
"2015-09-05","FilterPushDownRule.java","121418","329233","450651"
"2015-01-06","FilterPushDownRule.java","72806","199938","272744"
"2015-03-20","FilterPushDownRule.java","84120","217827","301947"
"2015-05-16","ClientApplication.java","10959","18318","29277"
"2014-07-22","Bytes.java","117575","153642","271217"
"2015-07-20","ClusterResource.java","35483","86544","122027"
"2015-08-13","DatabasesResource.java","46314","107386","153700"
"2015-04-28","DatabasesResource.java","5770","11966","17736"
"2015-12-10","FilterPushDownRule.java","6466","11840","18306"
"2015-10-20","FilterPushDownRule.java","1653","2575","4228"
"2015-08-13","DatabasesResource.java","41951","96827","138778"
"2015-06-17","FunctionsResource.java","24865","76158","101023"
"2015-09-23","FunctionsResource.java","95120","183928","279048"
"2015-09-23","FunctionsResource.java","126002","163517","289519"
"2015-06-13","QueryResource.java","24776","76085","100861"
"2015-05-27","QueryResource.java","21796","69980","91776"
"2015-09-23","QueryResource.java","95120","183928","279048"
"2015-06-21","QueryResource.java","24872","76163","101035"
"2015-07-20","QueryResource.java","37745","90602","128347"
"2015-07-09","QueryResource.java","27325","80286","107611"
"2015-07-30","FilterPushDownRule.java","102351","277230","379581"
"2014-10-25","FilterPushDownRule.java","35808","106404","142212"
"2015-12-10","FilterPushDownRule.java","134325","350318","484643"
"2015-10-20","FilterPushDownRule.java","133700","345241","478941"
"2014-10-27","FilterPushDownRule.java","35811","106450","142261"
"2015-03-27","FilterPushDownRule.java","82800","195698","278498"
"2015-07-24","FilterPushDownRule.java","101760","273885","375645"
"2015-09-28","FilterPushDownRule.java","133487","344106","477593"
"2015-07-22","FilterPushDownRule.java","101142","272816","373958"
"2015-09-05","FilterPushDownRule.java","128897","313645","442542"
"2015-01-06","FilterPushDownRule.java","70050","174115","244165"
"2015-03-20","FilterPushDownRule.java","82485","193125","275610"
"2015-09-23","QueryResource.java","126066","163565","289631"
"2015-06-21","QueryResource.java","106","88","194"
"2015-07-20","QueryResource.java","21100","22648","43748"
"2015-07-09","QueryResource.java","3874","5526","9400"
"2015-06-13","QueryResource.java","3780","6905","10685"
"2015-09-23","QueryResource.java","126542","167166","293708"
"2015-06-21","QueryResource.java","3886","6993","10879"
"2015-07-20","QueryResource.java","23199","27872","51071"
"2015-07-09","QueryResource.java","7641","12418","20059"
"2015-09-23","QueryResource.java","125995","163512","289507"
"2015-07-20","QueryResource.java","21020","22586","43606"
"2015-07-09","QueryResource.java","3770","5440","9210"
"2015-07-30","FilterPushDownRule.java","6598","9803","16401"
"2015-12-10","FilterPushDownRule.java","118580","162899","281479"
"2015-10-20","FilterPushDownRule.java","115582","155449","271031"
"2015-07-24","FilterPushDownRule.java","3494","3945","7439"
"2015-09-28","FilterPushDownRule.java","114504","153449","267953"
"2015-09-05","FilterPushDownRule.java","108498","121572","230070"
"2015-09-23","QueryResource.java","114590","150541","265131"
"2015-09-23","QueryResource.java","123784","159631","283415"
"2015-07-20","QueryResource.java","17319","17215","34534"
"2015-06-29","QueryResultResource.java","27107","79829","106936"
"2015-12-17","QueryResultResource.java","98623","196450","295073"
"2015-12-25","QueryResultResource.java","98957","200380","299337"
"2015-12-17","QueryResultResource.java","128005","173110","301115"
"2015-12-25","QueryResultResource.java","128425","177126","305551"
"2015-12-10","FilterPushDownRule.java","16258","47503","63761"
"2015-10-20","FilterPushDownRule.java","11811","38604","50415"
"2015-09-28","FilterPushDownRule.java","10430","36301","46731"
"2015-12-25","QueryResultResource.java","4909","8505","13414"
"2015-07-30","FilterPushDownRule.java","66367","137181","203548"
"2015-12-10","FilterPushDownRule.java","114296","226224","340520"
"2015-10-20","FilterPushDownRule.java","111900","219376","331276"
"2015-03-27","FilterPushDownRule.java","26616","35449","62065"
"2015-07-24","FilterPushDownRule.java","63680","131740","195420"
"2015-09-28","FilterPushDownRule.java","111324","217878","329202"
"2015-07-22","FilterPushDownRule.java","61311","128920","190231"
"2015-09-05","FilterPushDownRule.java","107151","187834","294985"
"2015-03-20","FilterPushDownRule.java","26004","32579","58583"
"2014-07-22","Bytes.java","88828","210463","299291"
"2014-04-01","Bytes.java","54303","139871","194174"
"2014-02-12","Bytes.java","48275","113412","161687"
"2014-05-26","FilterPushDownRule.java","126047","186976","313023"
"2015-07-30","FilterPushDownRule.java","131449","374007","505456"
"2014-10-25","FilterPushDownRule.java","127038","265313","392351"
"2015-12-10","FilterPushDownRule.java","132264","415936","548200"
"2015-10-20","FilterPushDownRule.java","132185","411405","543590"
"2014-02-07","FilterPushDownRule.java","39398","55536","94934"
"2014-10-27","FilterPushDownRule.java","127038","265356","392394"
"2014-06-24","FilterPushDownRule.java","126050","191888","317938"
"2015-03-27","FilterPushDownRule.java","129979","310556","440535"
"2015-07-24","FilterPushDownRule.java","131362","371166","502528"
"2014-04-18","FilterPushDownRule.java","52257","96849","149106"
"2014-04-22","FilterPushDownRule.java","124318","168930","293248"
"2015-09-28","FilterPushDownRule.java","132125","410423","542548"
"2014-07-09","FilterPushDownRule.java","126168","193847","320015"
"2015-07-22","FilterPushDownRule.java","131358","370711","502069"
"2015-09-05","FilterPushDownRule.java","131854","384281","516135"
"2015-01-06","FilterPushDownRule.java","127446","299190","426636"
"2015-03-20","FilterPushDownRule.java","129970","308289","438259"
"2015-07-09","TablesResource.java","27325","80286","107611"
"2015-07-01","TablesResource.java","27128","79851","106979"
"2015-08-13","TablesResource.java","46314","107386","153700"
"2015-08-13","TablesResource.java","27185","35296","62481"
"2015-07-09","TablesResource.java","199","437","636"
"2015-08-13","TablesResource.java","27377","35726","63103"
"2015-07-30","FilterPushDownRule.java","45759","109998","155757"
"2015-12-10","FilterPushDownRule.java","97355","202708","300063"
"2015-10-20","FilterPushDownRule.java","94849","195750","290599"
"2015-03-27","FilterPushDownRule.java","647","2905","3552"
"2015-07-24","FilterPushDownRule.java","42978","104463","147441"
"2015-09-28","FilterPushDownRule.java","94256","194235","288491"
"2015-07-22","FilterPushDownRule.java","40411","101445","141856"
"2015-09-05","FilterPushDownRule.java","89440","163548","252988"
"2014-07-22","Bytes.java","111496","167994","279490"
"2014-04-01","Bytes.java","14633","35064","49697"
"2015-07-30","LogicalPlanEqualityTester.java","65395","138862","204257"
"2014-10-25","PartitionedTableRewriter.java","127038","265313","392351"
"2015-07-22","PartitionedTableRewriter.java","131358","370711","502069"
"2015-09-24","PartitionedTableRewriter.java","132125","410218","542343"
"2015-07-30","PartitionedTableRewriter.java","131449","374007","505456"
"2014-02-20","PartitionedTableRewriter.java","41983","61801","103784"
"2014-01-26","PartitionedTableRewriter.java","19549","31820","51369"
"2014-04-30","PartitionedTableRewriter.java","125628","173969","299597"
"2014-12-12","PartitionedTableRewriter.java","127246","292878","420124"
"2014-02-04","PartitionedTableRewriter.java","39115","53856","92971"
"2015-07-22","PartitionedTableRewriter.java","85037","186115","271152"
"2015-09-24","PartitionedTableRewriter.java","124027","263845","387872"
"2015-07-30","PartitionedTableRewriter.java","86568","190851","277419"
"2014-12-12","PartitionedTableRewriter.java","35492","62849","98341"
"2015-09-24","PartitionedTableRewriter.java","114375","153115","267490"
"2015-07-30","PartitionedTableRewriter.java","6598","9803","16401"
"2015-08-05","BytesUtils.java","105750","278196","383946"
"2015-03-06","BytesUtils.java","80976","183251","264227"
"2014-09-19","BytesUtils.java","3492","62844","66336"
"2014-08-04","BytesUtils.java","738","3266","4004"
"2015-07-20","WorkerResponse.java","35483","86544","122027"
"2015-04-28","WorkerResponse.java","5770","11966","17736"
"2015-09-24","PartitionedTableRewriter.java","111830","147365","259195"
"2015-08-05","BytesUtils.java","48989","119160","168149"
"2015-07-20","WorkerResponse.java","30903","75768","106671"
"2015-08-05","BytesUtils.java","111645","224739","336384"
"2015-03-06","BytesUtils.java","84948","127871","212819"
"2015-05-27","TestTPCH.java","83580","375555","459135"
"2014-04-15","TestDDLBuilder.java","56389","134248","190637"
"2014-03-20","TestDDLBuilder.java","55626","121868","177494"
"2014-01-26","TestDDLBuilder.java","33393","80886","114279"
"2014-03-26","TestDDLBuilder.java","55700","122806","178506"
"2015-09-17","TestDDLBuilder.java","101626","409356","510982"
"2014-04-15","TestDDLBuilder.java","56168","133689","189857"
"2014-03-20","TestDDLBuilder.java","55406","121310","176716"
"2014-01-26","TestDDLBuilder.java","33158","80313","113471"
"2014-03-26","TestDDLBuilder.java","55478","122246","177724"
"2015-09-17","TestDDLBuilder.java","101935","409327","511262"
"2015-09-17","TestDDLBuilder.java","159203","389074","548277"
"2014-04-15","TestDDLBuilder.java","3133","14750","17883"
"2014-03-26","TestDDLBuilder.java","378","1242","1620"
"2015-09-17","TestDDLBuilder.java","150311","391799","542110"
"2015-08-05","BytesUtils.java","106342","276260","382602"
"2015-03-06","BytesUtils.java","81319","181066","262385"
"2014-09-19","BytesUtils.java","2904","59728","62632"
"2014-10-15","ClassUtil.java","129084","258735","387819"
"2015-02-22","ClassUtil.java","131110","292989","424099"
"2014-04-15","TestDDLBuilder.java","36867","67233","104100"
"2014-03-20","TestDDLBuilder.java","34723","53472","88195"
"2014-03-26","TestDDLBuilder.java","34867","54480","89347"
"2015-09-17","TestDDLBuilder.java","137222","397459","534681"
"2015-02-22","ClassUtil.java","83373","115601","198974"
"2014-04-15","TestDDLBuilder.java","2865","13618","16483"
"2015-09-17","TestDDLBuilder.java","150791","391415","542206"
"2014-10-25","PartitionedTableRewriter.java","120298","238755","359053"
"2015-07-22","PartitionedTableRewriter.java","142345","361880","504225"
"2015-09-24","PartitionedTableRewriter.java","143585","401860","545445"
"2015-07-30","PartitionedTableRewriter.java","142467","365207","507674"
"2014-04-30","PartitionedTableRewriter.java","111691","140214","251905"
"2014-12-12","PartitionedTableRewriter.java","136489","282303","418792"
"2014-10-25","PartitionedTableRewriter.java","128848","254852","383700"
"2015-07-22","PartitionedTableRewriter.java","136191","363273","499464"
"2015-09-24","PartitionedTableRewriter.java","137277","403099","540376"
"2015-07-30","PartitionedTableRewriter.java","136302","366589","502891"
"2014-02-20","PartitionedTableRewriter.java","24469","32016","56485"
"2014-04-30","PartitionedTableRewriter.java","126831","162901","289732"
"2014-12-12","PartitionedTableRewriter.java","130904","284265","415169"
"2014-02-04","PartitionedTableRewriter.java","20336","22806","43142"
"2015-07-30","TestTajoDump.java","158529","356926","515455"
"2014-04-21","TestTajoDump.java","116090","116563","232653"
"2015-03-13","TestTajoDump.java","151659","282708","434367"
"2015-09-11","TestTajoDump.java","159919","370943","530862"
"2015-09-29","TestTajoDump.java","160445","394714","555159"
"2015-09-11","TestTajoDump.java","108963","121590","230553"
"2015-09-29","TestTajoDump.java","112287","148159","260446"
"2014-10-25","PartitionedTableRewriter.java","39430","129364","168794"
"2015-07-22","PartitionedTableRewriter.java","99200","290212","389412"
"2015-09-24","PartitionedTableRewriter.java","126153","355905","482058"
"2015-07-30","PartitionedTableRewriter.java","100234","294451","394685"
"2014-12-12","PartitionedTableRewriter.java","65953","183244","249197"
"2014-08-23","CommonTestingUtil.java","82390","271489","353879"
"2014-02-04","CommonTestingUtil.java","59834","133461","193295"
"2015-07-22","PartitionedTableRewriter.java","65125","138846","203971"
"2015-09-24","PartitionedTableRewriter.java","113974","226435","340409"
"2015-07-30","PartitionedTableRewriter.java","69968","146894","216862"
"2015-07-30","TestTajoDump.java","101984","299908","401892"
"2015-03-13","TestTajoDump.java","82773","213349","296122"
"2015-09-11","TestTajoDump.java","125928","336479","462407"
"2015-09-29","TestTajoDump.java","126533","360329","486862"
"2015-07-30","TestTajoDump.java","48365","115713","164078"
"2015-09-11","TestTajoDump.java","94757","174732","269489"
"2015-09-29","TestTajoDump.java","96461","199681","296142"
"2014-08-23","CommonTestingUtil.java","111018","226490","337508"
"2014-11-11","DateTimeConstants.java","44074","133165","177239"
"2015-03-03","DateTimeConstants.java","80719","193778","274497"
"2014-10-25","PartitionedTableRewriter.java","117380","240914","358294"
"2015-07-22","PartitionedTableRewriter.java","138279","362891","501170"
"2015-09-24","PartitionedTableRewriter.java","139412","402764","542176"
"2015-07-30","PartitionedTableRewriter.java","138390","366207","504597"
"2014-02-20","PartitionedTableRewriter.java","4676","9753","14429"
"2014-04-30","PartitionedTableRewriter.java","109341","142941","252282"
"2014-12-12","PartitionedTableRewriter.java","132928","283819","416747"
"2015-03-03","DateTimeConstants.java","57594","81562","139156"
"2015-09-29","TestTajoDump.java","4756","28001","32757"
"2015-07-22","ProjectionPushDownRule.java","76023","379796","455819"
"2014-10-25","ProjectionPushDownRule.java","74568","277263","351831"
"2014-02-17","ProjectionPushDownRule.java","48442","131285","179727"
"2014-12-30","ProjectionPushDownRule.java","74696","308207","382903"
"2014-06-26","ProjectionPushDownRule.java","74101","201004","275105"
"2013-09-16","ProjectionPushDownRule.java","14655","32208","46863"
"2014-01-17","ProjectionPushDownRule.java","38135","112509","150644"
"2014-06-26","ProjectionPushDownRule.java","74101","200609","274710"
"2014-08-04","ProjectionPushDownRule.java","74301","214333","288634"
"2014-05-14","ProjectionPushDownRule.java","74110","190355","264465"
"2015-11-18","ProjectionPushDownRule.java","76649","422179","498828"
"2014-02-04","ProjectionPushDownRule.java","47493","126654","174147"
"2014-03-28","ProjectionPushDownRule.java","49900","148440","198340"
"2014-07-09","ProjectionPushDownRule.java","74098","206197","280295"
"2015-09-10","ProjectionPushDownRule.java","76381","395417","471798"
"2015-12-03","ProjectionPushDownRule.java","76669","424116","500785"
"2014-01-25","ProjectionPushDownRule.java","38861","115787","154648"
"2015-03-27","ProjectionPushDownRule.java","75629","320626","396255"
"2014-02-07","ProjectionPushDownRule.java","47664","128222","175886"
"2015-10-09","ProjectionPushDownRule.java","76635","420137","496772"
"2015-08-14","ProjectionPushDownRule.java","76268","389290","465558"
"2014-07-03","ProjectionPushDownRule.java","74101","201545","275646"
"2014-01-22","ProjectionPushDownRule.java","38304","114551","152855"
"2015-11-18","ProjectionPushDownRule.java","117470","159227","276697"
"2015-09-10","ProjectionPushDownRule.java","111197","126460","237657"
"2015-12-03","ProjectionPushDownRule.java","118213","161887","280100"
"2015-10-09","ProjectionPushDownRule.java","115364","155093","270457"
"2015-08-14","ProjectionPushDownRule.java","10815","20064","30879"
"2014-07-07","DateTimeFormat.java","5779","8637","14416"
"2015-02-22","DateTimeFormat.java","80714","193536","274250"
"2014-10-07","DateTimeFormat.java","11769","87564","99333"
"2015-07-22","ProjectionPushDownRule.java","85037","186115","271152"
"2014-12-30","ProjectionPushDownRule.java","43464","74280","117744"
"2015-11-18","ProjectionPushDownRule.java","125128","267963","393091"
"2015-09-10","ProjectionPushDownRule.java","122516","238857","361373"
"2015-12-03","ProjectionPushDownRule.java","125468","270220","395688"
"2015-03-27","ProjectionPushDownRule.java","59770","102072","161842"
"2015-10-09","ProjectionPushDownRule.java","124328","265135","389463"
"2015-08-14","ProjectionPushDownRule.java","87981","198308","286289"
"2015-07-22","ProjectionPushDownRule.java","141452","362382","503834"
"2014-10-25","ProjectionPushDownRule.java","119732","239584","359316"
"2014-12-30","ProjectionPushDownRule.java","136017","286685","422702"
"2014-06-26","ProjectionPushDownRule.java","111996","156056","268052"
"2014-06-26","ProjectionPushDownRule.java","111996","155661","267657"
"2014-08-04","ProjectionPushDownRule.java","113059","170248","283307"
"2014-05-14","ProjectionPushDownRule.java","111534","144936","256470"
"2015-11-18","ProjectionPushDownRule.java","142716","405403","548119"
"2014-03-28","ProjectionPushDownRule.java","13200","28897","42097"
"2014-07-09","ProjectionPushDownRule.java","112119","161375","273494"
"2015-09-10","ProjectionPushDownRule.java","142197","378390","520587"
"2015-12-03","ProjectionPushDownRule.java","142751","407355","550106"
"2015-03-27","ProjectionPushDownRule.java","139157","301311","440468"
"2015-10-09","ProjectionPushDownRule.java","142646","403305","545951"
"2015-08-14","ProjectionPushDownRule.java","141885","372064","513949"
"2014-07-03","ProjectionPushDownRule.java","111998","156599","268597"
"2015-07-22","ProjectionPushDownRule.java","60435","130697","191132"
"2015-11-18","ProjectionPushDownRule.java","112182","224201","336383"
"2015-09-10","ProjectionPushDownRule.java","108287","193812","302099"
"2015-12-03","ProjectionPushDownRule.java","112632","226568","339200"
"2015-03-27","ProjectionPushDownRule.java","26384","37870","64254"
"2015-10-09","ProjectionPushDownRule.java","110513","220504","331017"
"2015-08-14","ProjectionPushDownRule.java","67172","146683","213855"
"2015-07-22","ProjectionPushDownRule.java","99265","276135","375400"
"2014-10-25","ProjectionPushDownRule.java","34788","110580","145368"
"2014-12-30","ProjectionPushDownRule.java","68593","175201","243794"
"2014-08-04","ProjectionPushDownRule.java","3084","16213","19297"
"2015-11-18","ProjectionPushDownRule.java","130534","349161","479695"
"2014-07-09","ProjectionPushDownRule.java","923","6119","7042"
"2015-09-10","ProjectionPushDownRule.java","129193","321326","450519"
"2015-12-03","ProjectionPushDownRule.java","130691","351235","481926"
"2015-03-27","ProjectionPushDownRule.java","81675","199769","281444"
"2015-10-09","ProjectionPushDownRule.java","130051","346650","476701"
"2015-08-14","ProjectionPushDownRule.java","101527","287646","389173"
"2014-07-03","ProjectionPushDownRule.java","79","620","699"
"2015-02-22","DateTimeFormat.java","77770","187734","265504"
"2014-10-07","DateTimeFormat.java","6773","79710","86483"
"2015-07-22","ProjectionPushDownRule.java","92493","378713","471206"
"2014-10-25","ProjectionPushDownRule.java","90841","275983","366824"
"2014-02-17","ProjectionPushDownRule.java","48387","113677","162064"
"2014-12-30","ProjectionPushDownRule.java","91068","307026","398094"
"2014-06-26","ProjectionPushDownRule.java","90189","199539","289728"
"2014-01-17","ProjectionPushDownRule.java","33977","90798","124775"
"2014-06-26","ProjectionPushDownRule.java","90189","199144","289333"
"2014-08-04","ProjectionPushDownRule.java","90565","213044","303609"
"2014-05-14","ProjectionPushDownRule.java","90185","188877","279062"
"2015-11-18","ProjectionPushDownRule.java","93152","421129","514281"
"2014-02-04","ProjectionPushDownRule.java","47122","108730","155852"
"2014-03-28","ProjectionPushDownRule.java","53921","134908","188829"
"2014-07-09","ProjectionPushDownRule.java","90186","204732","294918"
"2015-09-10","ProjectionPushDownRule.java","92857","394340","487197"
"2015-12-03","ProjectionPushDownRule.java","93172","423066","516238"
"2014-01-25","ProjectionPushDownRule.java","34945","94318","129263"
"2015-03-27","ProjectionPushDownRule.java","92083","319527","411610"
"2014-02-07","ProjectionPushDownRule.java","47323","110328","157651"
"2015-10-09","ProjectionPushDownRule.java","93119","419068","512187"
"2015-08-14","ProjectionPushDownRule.java","92744","388213","480957"
"2014-07-03","ProjectionPushDownRule.java","90189","200080","290269"
"2014-01-22","ProjectionPushDownRule.java","34327","93021","127348"
"2015-02-22","DateTimeFormat.java","84106","121133","205239"
"2015-07-22","ProjectionPushDownRule.java","134808","364207","499015"
"2014-10-25","ProjectionPushDownRule.java","128255","256576","384831"
"2014-02-17","ProjectionPushDownRule.java","27736","36205","63941"
"2014-12-30","ProjectionPushDownRule.java","129959","289096","419055"
"2014-06-26","ProjectionPushDownRule.java","127084","179613","306697"
"2014-06-26","ProjectionPushDownRule.java","127084","179218","306302"
"2014-08-04","ProjectionPushDownRule.java","127706","193364","321070"
"2014-05-14","ProjectionPushDownRule.java","126729","168600","295329"
"2015-11-18","ProjectionPushDownRule.java","135907","407063","542970"
"2014-02-04","ProjectionPushDownRule.java","25431","30218","55649"
"2014-03-28","ProjectionPushDownRule.java","39075","63241","102316"
"2014-07-09","ProjectionPushDownRule.java","127179","184904","312083"
"2015-09-10","ProjectionPushDownRule.java","135500","380162","515662"
"2015-12-03","ProjectionPushDownRule.java","135942","409015","544957"
"2014-01-25","ProjectionPushDownRule.java","3153","5705","8858"
"2015-03-27","ProjectionPushDownRule.java","132720","303343","436063"
"2014-02-07","ProjectionPushDownRule.java","25885","32069","57954"
"2015-10-09","ProjectionPushDownRule.java","135831","404959","540790"
"2015-08-14","ProjectionPushDownRule.java","135186","373834","509020"
"2014-07-03","ProjectionPushDownRule.java","127085","180155","307240"
"2014-01-22","ProjectionPushDownRule.java","1916","3789","5705"
"2014-08-11","TestDefaultCliOutputFormatter.java","11402","43570","54972"
"2014-10-31","TestDefaultCliOutputFormatter.java","43365","139141","182506"
"2015-05-08","TestDefaultCliOutputFormatter.java","86820","234640","321460"
"2015-07-22","ProjectionPushDownRule.java","99248","276513","375761"
"2014-10-25","ProjectionPushDownRule.java","34806","110993","145799"
"2014-12-30","ProjectionPushDownRule.java","68598","175601","244199"
"2014-08-04","ProjectionPushDownRule.java","3113","16637","19750"
"2015-11-18","ProjectionPushDownRule.java","130294","349316","479610"
"2014-07-09","ProjectionPushDownRule.java","983","6574","7557"
"2015-09-10","ProjectionPushDownRule.java","128956","321484","450440"
"2015-12-03","ProjectionPushDownRule.java","130451","351390","481841"
"2015-03-27","ProjectionPushDownRule.java","81659","200148","281807"
"2015-10-09","ProjectionPushDownRule.java","129812","346806","476618"
"2015-08-14","ProjectionPushDownRule.java","101510","288024","389534"
"2014-07-03","ProjectionPushDownRule.java","141","1077","1218"
"2014-10-31","TestDefaultCliOutputFormatter.java","39738","103346","143084"
"2015-05-08","TestDefaultCliOutputFormatter.java","89089","204741","293830"
"2015-05-08","TestDefaultCliOutputFormatter.java","63401","115445","178846"
"2014-04-08","TestSimpleParser.java","1940","11496","13436"
"2015-04-27","TestSimpleParser.java","146576","306227","452803"
"2014-05-08","TestSimpleParser.java","114424","133167","247591"
"2015-07-22","ProjectionPushDownRule.java","104769","268510","373279"
"2014-10-25","ProjectionPushDownRule.java","34839","97502","132341"
"2014-12-30","ProjectionPushDownRule.java","70897","164376","235273"
"2015-11-18","ProjectionPushDownRule.java","139246","344744","483990"
"2015-09-10","ProjectionPushDownRule.java","137887","316891","454778"
"2015-12-03","ProjectionPushDownRule.java","139407","346822","486229"
"2015-03-27","ProjectionPushDownRule.java","84523","189488","274011"
"2015-10-09","ProjectionPushDownRule.java","138760","342230","480990"
"2015-08-14","ProjectionPushDownRule.java","107109","280099","387208"
"2015-04-27","TestSimpleParser.java","154209","304304","458513"
"2014-05-08","TestSimpleParser.java","118713","127900","246613"
"2015-07-22","ProjectionPushDownRule.java","99671","287199","386870"
"2014-10-25","ProjectionPushDownRule.java","38949","125399","164348"
"2014-12-30","ProjectionPushDownRule.java","71810","189076","260886"
"2014-06-26","ProjectionPushDownRule.java","6757","17415","24172"
"2014-06-26","ProjectionPushDownRule.java","6696","16959","23655"
"2014-08-04","ProjectionPushDownRule.java","9339","33126","42465"
"2015-11-18","ProjectionPushDownRule.java","128479","357764","486243"
"2014-07-09","ProjectionPushDownRule.java","7357","23211","30568"
"2015-09-10","ProjectionPushDownRule.java","127243","330034","457277"
"2015-12-03","ProjectionPushDownRule.java","128616","359818","488434"
"2015-03-27","ProjectionPushDownRule.java","84152","212904","297056"
"2015-10-09","ProjectionPushDownRule.java","128048","355305","483353"
"2015-08-14","ProjectionPushDownRule.java","101809","298586","400395"
"2014-07-03","ProjectionPushDownRule.java","6795","17994","24789"
"2015-04-27","TestSimpleParser.java","87343","228251","315594"
"2014-08-11","TestTajoCli.java","11618","42481","54099"
"2014-04-29","TestTajoCli.java","263","621","884"
"2015-08-25","TestTajoCli.java","120253","325340","445593"
"2015-11-21","TestTajoCli.java","125321","360105","485426"
"2014-05-08","TestTajoCli.java","1519","4643","6162"
"2015-09-23","TestTajoCli.java","124627","352912","477539"
"2015-02-02","TestTajoCli.java","79107","203379","282486"
"2015-04-17","TestTajoCli.java","86850","226897","313747"
"2014-11-19","TestTajoCli.java","45297","150448","195745"
"2015-11-17","TestTajoCli.java","125256","359421","484677"
"2015-03-13","TestTajoCli.java","80400","209195","289595"
"2014-05-28","TestTajoCli.java","3222","18428","21650"
"2014-06-02","TestTajoCli.java","3618","19401","23019"
"2014-08-10","TestTajoCli.java","11011","40674","51685"
"2015-09-09","TestTajoCli.java","124136","330424","454560"
"2015-04-20","TestTajoCli.java","86906","231142","318048"
"2015-11-26","TestTajoCli.java","125350","360046","485396"
"2015-10-17","TestTajoCli.java","124872","357716","482588"
"2015-02-05","TestTajoCli.java","79283","205159","284442"
"2015-07-17","TestTajoCli.java","93856","287656","381512"
"2015-11-26","TestTajoCli.java","125329","360095","485424"
"2015-08-25","TestTajoCli.java","134306","308530","442836"
"2015-11-21","TestTajoCli.java","140042","343963","484005"
"2015-09-23","TestTajoCli.java","139235","336657","475892"
"2015-02-02","TestTajoCli.java","79872","173281","253153"
"2015-04-17","TestTajoCli.java","88601","197785","286386"
"2014-11-19","TestTajoCli.java","41487","115775","157262"
"2015-11-17","TestTajoCli.java","139929","343231","483160"
"2015-03-13","TestTajoCli.java","81311","179243","260554"
"2015-09-09","TestTajoCli.java","138657","314082","452739"
"2015-04-20","TestTajoCli.java","88661","202034","290695"
"2015-11-26","TestTajoCli.java","140085","343918","484003"
"2015-10-17","TestTajoCli.java","139530","341511","481041"
"2015-02-05","TestTajoCli.java","80055","175068","255123"
"2015-07-17","TestTajoCli.java","99476","262413","361889"
"2015-11-26","TestTajoCli.java","140060","343963","484023"
"2014-08-11","TestTajoCli.java","11412","41917","53329"
"2015-08-25","TestTajoCli.java","120402","325131","445533"
"2015-11-21","TestTajoCli.java","125474","359900","485374"
"2014-05-08","TestTajoCli.java","1261","4027","5288"
"2015-09-23","TestTajoCli.java","124776","352703","477479"
"2015-02-02","TestTajoCli.java","79228","203142","282370"
"2015-04-17","TestTajoCli.java","86971","226660","313631"
"2014-11-19","TestTajoCli.java","45254","150047","195301"
"2015-11-17","TestTajoCli.java","125409","359216","484625"
"2015-03-13","TestTajoCli.java","80521","208958","289479"
"2014-05-28","TestTajoCli.java","2966","17814","20780"
"2014-06-02","TestTajoCli.java","3363","18788","22151"
"2014-08-10","TestTajoCli.java","10786","40091","50877"
"2015-09-09","TestTajoCli.java","124285","330215","454500"
"2015-04-20","TestTajoCli.java","87027","230905","317932"
"2015-11-26","TestTajoCli.java","125503","359841","485344"
"2015-10-17","TestTajoCli.java","125025","357511","482536"
"2015-02-05","TestTajoCli.java","79404","204922","284326"
"2015-07-17","TestTajoCli.java","93978","287420","381398"
"2015-11-26","TestTajoCli.java","125482","359890","485372"
"2015-11-21","TestTajoCli.java","19288","48985","68273"
"2015-09-23","TestTajoCli.java","13969","37167","51136"
"2015-11-17","TestTajoCli.java","17560","46638","64198"
"2015-09-09","TestTajoCli.java","10311","11512","21823"
"2015-11-26","TestTajoCli.java","19707","49316","69023"
"2015-10-17","TestTajoCli.java","16143","43900","60043"
"2015-11-26","TestTajoCli.java","19503","49182","68685"
"2015-11-26","TestTajoCli.java","511","423","934"
"2015-11-26","TestTajoCli.java","257","239","496"
"2014-08-11","TestTajoCli.java","10302","38041","48343"
"2015-08-25","TestTajoCli.java","121645","323608","445253"
"2015-11-21","TestTajoCli.java","126783","358443","485226"
"2015-09-23","TestTajoCli.java","126080","351241","477321"
"2015-02-02","TestTajoCli.java","79281","200429","279710"
"2015-04-17","TestTajoCli.java","87071","223994","311065"
"2014-11-19","TestTajoCli.java","45269","147296","192565"
"2015-11-17","TestTajoCli.java","126718","357759","484477"
"2015-03-13","TestTajoCli.java","80583","206254","286837"
"2014-05-28","TestTajoCli.java","1735","13817","15552"
"2014-06-02","TestTajoCli.java","2132","14791","16923"
"2014-08-10","TestTajoCli.java","9610","36149","45759"
"2015-09-09","TestTajoCli.java","125528","328692","454220"
"2015-04-20","TestTajoCli.java","87127","228239","315366"
"2015-11-26","TestTajoCli.java","126819","358391","485210"
"2015-10-17","TestTajoCli.java","126332","356052","482384"
"2015-02-05","TestTajoCli.java","79457","202209","281666"
"2015-07-17","TestTajoCli.java","94193","284869","379062"
"2015-11-26","TestTajoCli.java","126798","358440","485238"
"2015-04-10","DateTimeUtil.java","85907","212570","298477"
"2014-06-11","DateTimeUtil.java","984","4434","5418"
"2014-12-08","DateTimeUtil.java","47149","141430","188579"
"2014-08-23","DateTimeUtil.java","9966","80864","90830"
"2014-11-11","DateTimeUtil.java","44074","133165","177239"
"2015-06-02","DateTimeUtil.java","94265","268432","362697"
"2015-11-21","TestTajoCli.java","5958","12457","18415"
"2015-11-17","TestTajoCli.java","4018","9898","13916"
"2015-11-26","TestTajoCli.java","6440","12851","19291"
"2015-10-17","TestTajoCli.java","2520","7079","9599"
"2015-11-26","TestTajoCli.java","6190","12671","18861"
"2015-08-25","TestTajoCli.java","91944","172759","264703"
"2015-11-21","TestTajoCli.java","102036","212548","314584"
"2015-09-23","TestTajoCli.java","99144","203157","302301"
"2015-04-17","TestTajoCli.java","16911","32686","49597"
"2015-11-17","TestTajoCli.java","101197","211090","312287"
"2015-03-13","TestTajoCli.java","6918","11441","18359"
"2015-09-09","TestTajoCli.java","99395","181411","280806"
"2015-04-20","TestTajoCli.java","17315","37279","54594"
"2015-11-26","TestTajoCli.java","102209","212633","314842"
"2015-10-17","TestTajoCli.java","100275","208847","309122"
"2015-02-05","TestTajoCli.java","283","1887","2170"
"2015-07-17","TestTajoCli.java","37719","107247","144966"
"2015-11-26","TestTajoCli.java","102152","212646","314798"
"2015-06-02","DateTimeUtil.java","23393","70897","94290"
"2015-04-10","DateTimeUtil.java","86459","209672","296131"
"2014-12-08","DateTimeUtil.java","47487","138318","185805"
"2014-08-23","DateTimeUtil.java","9309","76757","86066"
"2014-11-11","DateTimeUtil.java","44319","129960","174279"
"2015-06-02","DateTimeUtil.java","95081","265798","360879"
"2015-08-25","TestTajoCli.java","83719","148759","232478"
"2015-11-21","TestTajoCli.java","94790","189527","284317"
"2015-09-23","TestTajoCli.java","91677","179915","271592"
"2015-11-17","TestTajoCli.java","93924","188042","281966"
"2015-09-09","TestTajoCli.java","91569","157810","249379"
"2015-04-20","TestTajoCli.java","678","4867","5545"
"2015-11-26","TestTajoCli.java","95000","189649","284649"
"2015-10-17","TestTajoCli.java","92883","185680","278563"
"2015-07-17","TestTajoCli.java","23867","77620","101487"
"2015-11-26","TestTajoCli.java","94933","189652","284585"
"2015-04-10","DateTimeUtil.java","63597","95979","159576"
"2015-06-02","DateTimeUtil.java","78530","158416","236946"
"2015-08-25","TestTajoCli.java","121888","221824","343712"
"2015-11-21","TestTajoCli.java","129072","258705","387777"
"2015-09-23","TestTajoCli.java","127552","250686","378238"
"2015-02-02","TestTajoCli.java","51223","70344","121567"
"2015-04-17","TestTajoCli.java","65852","100748","166600"
"2015-11-17","TestTajoCli.java","128685","257699","386384"
"2015-03-13","TestTajoCli.java","57136","80780","137916"
"2015-09-09","TestTajoCli.java","126281","227418","353699"
"2015-04-20","TestTajoCli.java","66038","105123","171161"
"2015-11-26","TestTajoCli.java","129179","258724","387903"
"2015-10-17","TestTajoCli.java","128226","255919","384145"
"2015-02-05","TestTajoCli.java","51427","72152","123579"
"2015-07-17","TestTajoCli.java","79564","168213","247777"
"2015-11-26","TestTajoCli.java","129131","258746","387877"
"2015-12-03","ProjectionPushDownRule.java","1844","3761","5605"
"2015-04-10","DateTimeUtil.java","90172","145937","236109"
"2014-12-08","DateTimeUtil.java","45069","68452","113521"
"2014-11-11","DateTimeUtil.java","41799","59992","101791"
"2015-06-02","DateTimeUtil.java","102294","205563","307857"
"2015-11-21","TestTajoCli.java","2026","2645","4671"
"2015-11-26","TestTajoCli.java","2536","3067","5603"
"2015-11-26","TestTajoCli.java","2283","2884","5167"
"2015-08-25","TestTajoCli.java","88198","164490","252688"
"2015-11-21","TestTajoCli.java","98566","204555","303121"
"2015-09-23","TestTajoCli.java","95715","195205","290920"
"2015-04-17","TestTajoCli.java","11145","22397","33542"
"2015-11-17","TestTajoCli.java","97727","203097","300824"
"2015-09-09","TestTajoCli.java","95924","173417","269341"
"2015-04-20","TestTajoCli.java","11588","27029","38617"
"2015-11-26","TestTajoCli.java","98751","204652","303403"
"2015-10-17","TestTajoCli.java","96809","200858","297667"
"2015-07-17","TestTajoCli.java","32318","97323","129641"
"2015-11-26","TestTajoCli.java","98685","204656","303341"
"2015-07-22","ProjectionPushDownRule.java","138279","362891","501170"
"2014-10-25","ProjectionPushDownRule.java","117380","240914","358294"
"2014-02-17","ProjectionPushDownRule.java","2970","6652","9622"
"2014-12-30","ProjectionPushDownRule.java","133145","287495","420640"
"2014-06-26","ProjectionPushDownRule.java","110106","157848","267954"
"2014-06-26","ProjectionPushDownRule.java","110106","157453","267559"
"2014-08-04","ProjectionPushDownRule.java","110812","171683","282495"
"2014-05-14","ProjectionPushDownRule.java","109681","146765","256446"
"2015-11-18","ProjectionPushDownRule.java","139541","405910","545451"
"2014-03-28","ProjectionPushDownRule.java","15710","35089","50799"
"2014-07-09","ProjectionPushDownRule.java","110229","163167","273396"
"2015-09-10","ProjectionPushDownRule.java","139025","378900","517925"
"2015-12-03","ProjectionPushDownRule.java","139576","407862","547438"
"2015-03-27","ProjectionPushDownRule.java","136038","301874","437912"
"2014-02-07","ProjectionPushDownRule.java","866","2263","3129"
"2015-10-09","ProjectionPushDownRule.java","139471","403812","543283"
"2015-08-14","ProjectionPushDownRule.java","138711","372572","511283"
"2014-07-03","ProjectionPushDownRule.java","110108","158391","268499"
"2014-08-11","TestTajoCli.java","8924","24581","33505"
"2015-08-25","TestTajoCli.java","125777","315658","441435"
"2015-11-21","TestTajoCli.java","131018","350596","481614"
"2015-09-23","TestTajoCli.java","130242","343321","473563"
"2015-02-02","TestTajoCli.java","80689","189755","270444"
"2015-04-17","TestTajoCli.java","88662","213503","302165"
"2014-11-19","TestTajoCli.java","45617","135562","181179"
"2015-11-17","TestTajoCli.java","130921","349880","480801"
"2015-03-13","TestTajoCli.java","82040","195629","277669"
"2014-06-02","TestTajoCli.java","399","976","1375"
"2014-08-10","TestTajoCli.java","8087","22544","30631"
"2015-09-09","TestTajoCli.java","129667","320749","450416"
"2015-04-20","TestTajoCli.java","88720","217750","306470"
"2015-11-26","TestTajoCli.java","131055","350545","481600"
"2015-10-17","TestTajoCli.java","130523","348161","478684"
"2015-02-05","TestTajoCli.java","80866","191536","272402"
"2015-07-17","TestTajoCli.java","96131","274725","370856"
"2015-11-26","TestTajoCli.java","131033","350593","481626"
"2015-07-22","ProjectionPushDownRule.java","151100","356333","507433"
"2014-10-25","ProjectionPushDownRule.java","124061","228216","352277"
"2014-12-30","ProjectionPushDownRule.java","144014","278985","422999"
"2014-06-26","ProjectionPushDownRule.java","115678","144041","259719"
"2014-06-26","ProjectionPushDownRule.java","115678","143646","259324"
"2014-08-04","ProjectionPushDownRule.java","116918","158410","275328"
"2014-05-14","ProjectionPushDownRule.java","115144","132849","247993"
"2015-11-18","ProjectionPushDownRule.java","153308","400298","553606"
"2014-07-09","ProjectionPushDownRule.java","115950","149509","265459"
"2015-09-10","ProjectionPushDownRule.java","152512","373008","525520"
"2015-12-03","ProjectionPushDownRule.java","153376","402283","555659"
"2015-03-27","ProjectionPushDownRule.java","147605","294062","441667"
"2015-10-09","ProjectionPushDownRule.java","153062","398024","551086"
"2015-08-14","ProjectionPushDownRule.java","151957","366439","518396"
"2014-07-03","ProjectionPushDownRule.java","115680","144584","260264"
"2015-04-10","DateTimeUtil.java","64578","102150","166728"
"2014-12-08","DateTimeUtil.java","4332","9522","13854"
"2015-06-02","DateTimeUtil.java","79364","164440","243804"
"2014-08-11","TestTajoCli.java","8572","23652","32224"
"2015-08-25","TestTajoCli.java","126049","315353","441402"
"2015-11-21","TestTajoCli.java","131290","350291","481581"
"2015-09-23","TestTajoCli.java","130514","343016","473530"
"2015-02-02","TestTajoCli.java","80522","189011","269533"
"2015-04-17","TestTajoCli.java","88498","212762","301260"
"2014-11-19","TestTajoCli.java","45348","134716","180064"
"2015-11-17","TestTajoCli.java","131193","349575","480768"
"2015-03-13","TestTajoCli.java","81876","194888","276764"
"2014-08-10","TestTajoCli.java","7709","21589","29298"
"2015-09-09","TestTajoCli.java","129939","320444","450383"
"2015-04-20","TestTajoCli.java","88556","217009","305565"
"2015-11-26","TestTajoCli.java","131327","350240","481567"
"2015-10-17","TestTajoCli.java","130795","347856","478651"
"2015-02-05","TestTajoCli.java","80699","190792","271491"
"2015-07-17","TestTajoCli.java","96007","274024","370031"
"2015-11-26","TestTajoCli.java","131305","350288","481593"
"2015-02-22","TimeMeta.java","80714","193536","274250"
"2015-04-10","TimeMeta.java","85907","212570","298477"
"2015-04-10","TimeMeta.java","8947","22788","31735"
"2014-08-11","TestTajoCli.java","1040","2240","3280"
"2015-08-25","TestTajoCli.java","133997","309421","443418"
"2015-11-21","TestTajoCli.java","139712","344833","484545"
"2015-09-23","TestTajoCli.java","138907","337529","476436"
"2015-02-02","TestTajoCli.java","80150","174759","254909"
"2015-04-17","TestTajoCli.java","88864","199248","288112"
"2014-11-19","TestTajoCli.java","41963","117451","159414"
"2015-11-17","TestTajoCli.java","139600","344102","483702"
"2015-03-13","TestTajoCli.java","81589","180721","262310"
"2015-09-09","TestTajoCli.java","138328","314953","453281"
"2015-04-20","TestTajoCli.java","88922","203495","292417"
"2015-11-26","TestTajoCli.java","139752","344785","484537"
"2015-10-17","TestTajoCli.java","139201","342382","481583"
"2015-02-05","TestTajoCli.java","80333","176546","256879"
"2015-07-17","TestTajoCli.java","99606","263743","363349"
"2015-11-26","TestTajoCli.java","139727","344830","484557"
"2015-07-22","ProjectionPushDownRule.java","101142","272816","373958"
"2014-10-25","ProjectionPushDownRule.java","35808","106404","142212"
"2014-12-30","ProjectionPushDownRule.java","69654","171066","240720"
"2014-08-04","ProjectionPushDownRule.java","2174","10107","12281"
"2015-11-18","ProjectionPushDownRule.java","134154","347585","481739"
"2015-09-10","ProjectionPushDownRule.java","132805","319742","452547"
"2015-12-03","ProjectionPushDownRule.java","134315","349663","483978"
"2015-03-27","ProjectionPushDownRule.java","82800","195698","278498"
"2015-10-09","ProjectionPushDownRule.java","133668","345071","478739"
"2015-08-14","ProjectionPushDownRule.java","103454","284377","387831"
"2014-03-20","FileUtil.java","61564","150556","212120"
"2014-02-04","FileUtil.java","59686","132242","191928"
"2015-03-24","FileUtil.java","83603","321083","404686"
"2015-03-24","FileUtil.java","144740","293228","437968"
"2014-03-20","FileUtil.java","15276","31712","46988"
"2015-03-24","FileUtil.java","135791","300715","436506"
"2015-11-21","TestTajoCli.java","9466","37962","47428"
"2015-09-23","TestTajoCli.java","3913","25910","29823"
"2015-11-17","TestTajoCli.java","7586","35463","43049"
"2015-11-26","TestTajoCli.java","9895","38303","48198"
"2015-10-17","TestTajoCli.java","6133","32689","38822"
"2015-11-26","TestTajoCli.java","9686","38164","47850"
"2015-08-25","TestTajoCli.java","84020","144871","228891"
"2015-11-21","TestTajoCli.java","95230","185778","281008"
"2015-09-23","TestTajoCli.java","92107","176156","268263"
"2015-11-17","TestTajoCli.java","94358","184287","278645"
"2015-09-09","TestTajoCli.java","91992","154044","246036"
"2015-11-26","TestTajoCli.java","95448","185908","281356"
"2015-10-17","TestTajoCli.java","93321","181929","275250"
"2015-07-17","TestTajoCli.java","23690","73254","96944"
"2015-11-26","TestTajoCli.java","95377","185907","281284"
"2013-10-04","DirectedGraph.java","6526","18509","25035"
"2014-01-08","DirectedGraph.java","32025","84170","116195"
"2015-11-18","ProjectionPushDownRule.java","8685","35179","43864"
"2015-12-03","ProjectionPushDownRule.java","10304","38715","49019"
"2015-10-09","ProjectionPushDownRule.java","6006","30472","36478"
"2014-01-08","DirectedGraph.java","29277","69439","98716"
"2015-11-21","TestTajoCli.java","3490","5430","8920"
"2015-11-17","TestTajoCli.java","1546","2867","4413"
"2015-11-26","TestTajoCli.java","3993","5845","9838"
"2015-11-26","TestTajoCli.java","3741","5663","9404"
"2015-08-25","TestTajoCli.java","92463","171674","264137"
"2015-11-21","TestTajoCli.java","102640","211548","314188"
"2015-09-23","TestTajoCli.java","99752","202161","301913"
"2015-04-17","TestTajoCli.java","16655","30826","47481"
"2015-11-17","TestTajoCli.java","101801","210090","311891"
"2015-03-13","TestTajoCli.java","6652","9571","16223"
"2015-09-09","TestTajoCli.java","100003","180415","280418"
"2015-04-20","TestTajoCli.java","17059","35419","52478"
"2015-11-26","TestTajoCli.java","102813","211633","314446"
"2015-10-17","TestTajoCli.java","100879","207847","308726"
"2015-07-17","TestTajoCli.java","37523","105447","142970"
"2015-11-26","TestTajoCli.java","102756","211646","314402"
"2015-08-25","TestTajoCli.java","115115","126402","241517"
"2015-11-21","TestTajoCli.java","127538","168522","296060"
"2015-09-23","TestTajoCli.java","124052","158537","282589"
"2015-11-17","TestTajoCli.java","126621","166986","293607"
"2015-09-09","TestTajoCli.java","123298","135786","259084"
"2015-11-26","TestTajoCli.java","127853","168749","296602"
"2015-10-17","TestTajoCli.java","125511","164555","290066"
"2015-11-26","TestTajoCli.java","127734","168700","296434"
"2015-09-28","TestTajoCliNegatives.java","109654","140944","250598"
"2013-10-04","SimpleDirectedGraph.java","6526","18509","25035"
"2015-07-30","SimpleDirectedGraph.java","92496","378963","471459"
"2014-01-08","SimpleDirectedGraph.java","32025","84170","116195"
"2015-11-03","SimpleDirectedGraph.java","93141","419899","513040"
"2015-09-23","SimpleDirectedGraph.java","93091","414659","507750"
"2015-07-30","SimpleDirectedGraph.java","101371","375855","477226"
"2014-01-08","SimpleDirectedGraph.java","29277","69439","98716"
"2015-11-03","SimpleDirectedGraph.java","102006","416781","518787"
"2015-09-23","SimpleDirectedGraph.java","101940","411525","513465"
"2015-11-03","SimpleDirectedGraph.java","113887","154178","268065"
"2015-09-23","SimpleDirectedGraph.java","111986","147087","259073"
"2015-07-22","ProjectionPushDownRule.java","136901","363748","500649"
"2014-10-25","ProjectionPushDownRule.java","129768","255537","385305"
"2014-02-17","ProjectionPushDownRule.java","24950","30867","55817"
"2014-12-30","ProjectionPushDownRule.java","132006","288591","420597"
"2014-06-26","ProjectionPushDownRule.java","128505","178482","306987"
"2014-06-26","ProjectionPushDownRule.java","128505","178087","306592"
"2014-08-04","ProjectionPushDownRule.java","129135","192241","321376"
"2014-05-14","ProjectionPushDownRule.java","128116","167435","295551"
"2015-11-18","ProjectionPushDownRule.java","138000","406604","544604"
"2014-02-04","ProjectionPushDownRule.java","22503","24738","47241"
"2014-03-28","ProjectionPushDownRule.java","36544","58158","94702"
"2014-07-09","ProjectionPushDownRule.java","128606","183779","312385"
"2015-09-10","ProjectionPushDownRule.java","137591","379701","517292"
"2015-12-03","ProjectionPushDownRule.java","138035","408556","546591"
"2015-03-27","ProjectionPushDownRule.java","134791","302862","437653"
"2014-02-07","ProjectionPushDownRule.java","22984","26616","49600"
"2015-10-09","ProjectionPushDownRule.java","137924","404500","542424"
"2015-08-14","ProjectionPushDownRule.java","137279","373375","510654"
"2014-07-03","ProjectionPushDownRule.java","128506","179024","307530"
"2015-09-14","TestQueryClientExceptions.java","106912","116183","223095"
"2014-03-20","TestTajoClient.java","37445","56684","94129"
"2015-08-13","TestTajoClient.java","136652","371836","508488"
"2014-03-23","TestTajoClient.java","37577","56963","94540"
"2014-05-28","TestTajoClient.java","127869","177709","305578"
"2014-08-11","TestTajoClient.java","128651","194148","322799"
"2014-02-17","TestTajoClient.java","26055","32138","58193"
"2015-07-17","TestTajoClient.java","135802","364236","500038"
"2015-07-20","TestTajoClient.java","136329","363298","499627"
"2015-06-24","TestTajoClient.java","135714","362121","497835"
"2015-08-04","TestTajoClient.java","136476","369521","505997"
"2014-03-14","TestTajoClient.java","35166","49340","84506"
"2014-03-30","TestTajoClient.java","37966","60551","98517"
"2014-12-05","TestTajoClient.java","131214","273246","404460"
"2015-09-23","TestTajoClient.java","137285","400205","537490"
"2014-11-11","TestTajoClient.java","131041","268510","399551"
"2014-01-22","TestTajoClient.java","50524","120277","170801"
"2013-10-21","TestTajoClient.java","41906","78915","120821"
"2014-03-20","TestTajoClient.java","61564","150556","212120"
"2015-08-13","TestTajoClient.java","84208","389145","473353"
"2014-03-23","TestTajoClient.java","61612","150751","212363"
"2014-05-28","TestTajoClient.java","82134","201727","283861"
"2014-08-11","TestTajoClient.java","82338","217588","299926"
"2014-02-17","TestTajoClient.java","60621","136457","197078"
"2015-07-17","TestTajoClient.java","83567","381754","465321"
"2013-12-06","TestTajoClient.java","47352","96951","144303"
"2013-07-19","TestTajoClient.java","304","792","1096"
"2015-07-20","TestTajoClient.java","83983","380705","464688"
"2013-07-22","TestTajoClient.java","369","922","1291"
"2015-06-24","TestTajoClient.java","83566","379726","463292"
"2013-10-14","TestTajoClient.java","35803","73598","109401"
"2015-08-04","TestTajoClient.java","84062","386860","470922"
"2013-12-03","TestTajoClient.java","47331","95236","142567"
"2013-12-29","TestTajoClient.java","48572","107486","156058"
"2014-03-14","TestTajoClient.java","61023","144950","205973"
"2014-03-30","TestTajoClient.java","61851","154189","216040"
"2014-12-05","TestTajoClient.java","82592","294377","376969"
"2015-09-23","TestTajoClient.java","84547","417220","501767"
"2014-11-11","TestTajoClient.java","82577","289799","372376"
"2015-07-30","SimpleDirectedGraph.java","131735","366057","497792"
"2015-11-03","SimpleDirectedGraph.java","132826","407439","540265"
"2015-09-23","SimpleDirectedGraph.java","132697","402120","534817"
"2014-01-22","TestTajoClient.java","21887","54631","76518"
"2014-03-20","TestTajoClient.java","48710","100693","149403"
"2015-08-13","TestTajoClient.java","114700","382628","497328"
"2014-03-23","TestTajoClient.java","48781","100911","149692"
"2014-05-28","TestTajoClient.java","110880","193464","304344"
"2014-08-11","TestTajoClient.java","111370","209611","320981"
"2014-02-17","TestTajoClient.java","40981","79808","120789"
"2015-07-17","TestTajoClient.java","113946","375124","489070"
"2013-12-06","TestTajoClient.java","11994","24584","36578"
"2015-07-20","TestTajoClient.java","114440","374153","488593"
"2015-06-24","TestTajoClient.java","113944","373095","487039"
"2015-08-04","TestTajoClient.java","114564","380353","494917"
"2013-12-03","TestTajoClient.java","11193","22089","33282"
"2013-12-29","TestTajoClient.java","14300","36205","50505"
"2014-03-14","TestTajoClient.java","47538","94456","141994"
"2014-03-30","TestTajoClient.java","49042","104371","153413"
"2014-12-05","TestTajoClient.java","111768","286544","398312"
"2015-09-23","TestTajoClient.java","115118","410782","525900"
"2014-11-11","TestTajoClient.java","111701","281914","393615"
"2015-08-13","TestTajoClient.java","149312","365257","514569"
"2014-03-23","TestTajoClient.java","316","463","779"
"2014-05-28","TestTajoClient.java","114813","145414","260227"
"2014-08-11","TestTajoClient.java","116292","162550","278842"
"2015-07-17","TestTajoClient.java","147432","356627","504059"
"2015-07-20","TestTajoClient.java","148435","356165","504600"
"2015-06-24","TestTajoClient.java","147333","354501","501834"
"2015-08-04","TestTajoClient.java","148691","362497","511188"
"2014-03-30","TestTajoClient.java","939","4285","5224"
"2014-12-05","TestTajoClient.java","128516","251309","379825"
"2015-09-23","TestTajoClient.java","150362","394043","544405"
"2014-11-11","TestTajoClient.java","126560","244790","371350"
"2015-07-22","ProjectionPushDownRule.java","40736","99512","140248"
"2015-11-18","ProjectionPushDownRule.java","97733","198266","295999"
"2015-09-10","ProjectionPushDownRule.java","93138","167177","260315"
"2015-12-03","ProjectionPushDownRule.java","98218","200668","298886"
"2015-10-09","ProjectionPushDownRule.java","95864","194369","290233"
"2015-08-14","ProjectionPushDownRule.java","48416","116441","164857"
"2015-11-03","SimpleDirectedGraph.java","2726","7916","10642"
"2015-09-23","TestTajoClient.java","109350","137086","246436"
"2015-08-13","TestTajoClient.java","149292","365090","514382"
"2014-05-28","TestTajoClient.java","114877","145331","260208"
"2014-08-11","TestTajoClient.java","116356","162467","278823"
"2015-07-17","TestTajoClient.java","147495","356543","504038"
"2015-07-20","TestTajoClient.java","148503","356086","504589"
"2015-06-24","TestTajoClient.java","147396","354417","501813"
"2015-08-04","TestTajoClient.java","148758","362417","511175"
"2014-03-30","TestTajoClient.java","630","3829","4459"
"2014-12-05","TestTajoClient.java","128573","251219","379792"
"2015-09-23","TestTajoClient.java","150344","393878","544222"
"2014-11-11","TestTajoClient.java","126617","244700","371317"
"2014-01-08","SimpleUndirectedGraph.java","29277","69439","98716"
"2015-06-23","KeyValueSet.java","83566","378721","462287"
"2013-09-24","KeyValueSet.java","31459","43012","74471"
"2014-08-11","KeyValueSet.java","82338","217588","299926"
"2013-08-08","KeyValueSet.java","16854","10029","26883"
"2014-05-07","KeyValueSet.java","82117","188494","270611"
"2013-10-04","KeyValueSet.java","34007","53436","87443"
"2015-06-25","KeyValueSet.java","83566","379828","463394"
"2014-02-19","KeyValueSet.java","60663","137490","198153"
"2014-07-11","KeyValueSet.java","82121","209776","291897"
"2015-10-09","KeyValueSet.java","84572","421626","506198"
"2014-08-27","KeyValueSet.java","82390","271486","353876"
"2015-07-22","ProjectionPushDownRule.java","139286","362501","501787"
"2014-10-25","ProjectionPushDownRule.java","117899","240036","357935"
"2014-02-17","ProjectionPushDownRule.java","2180","4465","6645"
"2014-12-30","ProjectionPushDownRule.java","134122","287075","421197"
"2014-06-26","ProjectionPushDownRule.java","110565","156910","267475"
"2014-06-26","ProjectionPushDownRule.java","110565","156515","267080"
"2014-08-04","ProjectionPushDownRule.java","111271","170745","282016"
"2014-05-14","ProjectionPushDownRule.java","110139","145826","255965"
"2015-11-18","ProjectionPushDownRule.java","140552","405524","546076"
"2014-03-28","ProjectionPushDownRule.java","14977","32959","47936"
"2014-07-09","ProjectionPushDownRule.java","110688","162229","272917"
"2015-09-10","ProjectionPushDownRule.java","140033","378511","518544"
"2015-12-03","ProjectionPushDownRule.java","140587","407476","548063"
"2015-03-27","ProjectionPushDownRule.java","137012","301451","438463"
"2015-10-09","ProjectionPushDownRule.java","140482","403426","543908"
"2015-08-14","ProjectionPushDownRule.java","139721","372185","511906"
"2014-07-03","ProjectionPushDownRule.java","110567","157453","268020"
"2015-06-25","KeyValueSet.java","2660","3767","6427"
"2015-10-09","KeyValueSet.java","126449","168348","294797"
"2015-06-23","KeyValueSet.java","92384","375986","468370"
"2014-08-11","KeyValueSet.java","90907","214604","305511"
"2014-05-07","KeyValueSet.java","90489","185313","275802"
"2013-10-04","KeyValueSet.java","3840","11716","15556"
"2015-06-25","KeyValueSet.java","92384","377093","469477"
"2014-02-19","KeyValueSet.java","47333","112607","159940"
"2014-07-11","KeyValueSet.java","90506","206608","297114"
"2015-10-09","KeyValueSet.java","93445","418946","512391"
"2014-08-27","KeyValueSet.java","90971","268514","359485"
"2015-06-23","KeyValueSet.java","98952","258857","357809"
"2015-06-25","KeyValueSet.java","99093","260105","359198"
"2015-10-09","KeyValueSet.java","139529","341333","480862"
"2014-08-27","KeyValueSet.java","1300","55146","56446"
"2015-06-23","KeyValueSet.java","75214","377194","452408"
"2013-09-24","KeyValueSet.java","16569","34947","51516"
"2014-08-11","KeyValueSet.java","73938","216013","289951"
"2014-05-07","KeyValueSet.java","73717","186919","260636"
"2013-10-04","KeyValueSet.java","19330","45584","64914"
"2015-06-25","KeyValueSet.java","75214","378301","453515"
"2014-02-19","KeyValueSet.java","48567","132219","180786"
"2014-07-11","KeyValueSet.java","73721","208201","281922"
"2015-10-09","KeyValueSet.java","76258","420137","496395"
"2014-08-27","KeyValueSet.java","73994","269915","343909"
"2015-06-23","KeyValueSet.java","93655","282433","376088"
"2014-08-11","KeyValueSet.java","10383","39256","49639"
"2015-06-25","KeyValueSet.java","93753","283638","377391"
"2014-07-11","KeyValueSet.java","7995","29273","37268"
"2015-10-09","KeyValueSet.java","126177","356854","483031"
"2014-08-27","KeyValueSet.java","11243","93962","105205"
"2015-08-13","TestTajoClient.java","103381","288725","392106"
"2014-08-11","TestTajoClient.java","8924","24581","33505"
"2015-07-17","TestTajoClient.java","96131","274725","370856"
"2015-07-20","TestTajoClient.java","101053","278182","379235"
"2015-06-24","TestTajoClient.java","95789","272356","368145"
"2015-08-04","TestTajoClient.java","102671","285876","388547"
"2014-12-05","TestTajoClient.java","47471","139663","187134"
"2015-09-23","TestTajoClient.java","130327","343407","473734"
"2014-11-11","TestTajoClient.java","44477","132106","176583"
"2015-08-13","TestTajoClient.java","107276","276963","384239"
"2015-07-17","TestTajoClient.java","99476","262413","361889"
"2015-07-20","TestTajoClient.java","104821","266293","371114"
"2015-06-24","TestTajoClient.java","99090","260000","359090"
"2015-08-04","TestTajoClient.java","106544","274092","380636"
"2014-12-05","TestTajoClient.java","43370","119905","163275"
"2015-09-23","TestTajoClient.java","139331","336754","476085"
"2014-11-11","TestTajoClient.java","40337","112309","152646"
"2015-06-23","KeyValueSet.java","97321","373047","470368"
"2014-08-11","KeyValueSet.java","95805","211626","307431"
"2014-05-07","KeyValueSet.java","95344","182292","277636"
"2015-06-25","KeyValueSet.java","97321","374154","471475"
"2014-02-19","KeyValueSet.java","47045","104443","151488"
"2014-07-11","KeyValueSet.java","95390","203616","299006"
"2015-10-09","KeyValueSet.java","98418","416043","514461"
"2014-08-27","KeyValueSet.java","95871","265538","361409"
"2014-03-20","TestTajoClient.java","12952","26108","39060"
"2015-08-13","TestTajoClient.java","141277","370378","511655"
"2014-03-23","TestTajoClient.java","13147","26450","39597"
"2014-05-28","TestTajoClient.java","111318","155075","266393"
"2014-08-11","TestTajoClient.java","112589","172003","284592"
"2015-07-17","TestTajoClient.java","140306","362657","502963"
"2015-07-20","TestTajoClient.java","140900","361786","502686"
"2015-06-24","TestTajoClient.java","140212","360536","500748"
"2015-08-04","TestTajoClient.java","141018","367980","508998"
"2014-03-14","TestTajoClient.java","9969","18060","28029"
"2014-03-30","TestTajoClient.java","13662","30164","43826"
"2014-12-05","TestTajoClient.java","122950","258899","381849"
"2015-09-23","TestTajoClient.java","142021","398858","540879"
"2014-11-11","TestTajoClient.java","121334","252720","374054"
"2015-08-13","TestTajoClient.java","26976","33726","60702"
"2015-07-20","TestTajoClient.java","16985","15520","32505"
"2015-08-04","TestTajoClient.java","25333","29944","55277"
"2015-09-23","TestTajoClient.java","124597","159083","283680"
"2015-10-09","KeyValueSet.java","125034","165826","290860"
"2014-01-22","TestTajoClient.java","17660","37814","55474"
"2014-03-20","TestTajoClient.java","50135","89528","139663"
"2015-08-13","TestTajoClient.java","124353","379691","504044"
"2014-03-23","TestTajoClient.java","50213","89753","139966"
"2014-05-28","TestTajoClient.java","119411","189405","308816"
"2014-08-11","TestTajoClient.java","120070","205721","325791"
"2014-02-17","TestTajoClient.java","40542","66779","107321"
"2015-07-17","TestTajoClient.java","123609","372197","495806"
"2015-07-20","TestTajoClient.java","124069","371192","495261"
"2015-06-24","TestTajoClient.java","123533","370094","493627"
"2015-08-04","TestTajoClient.java","124211","377410","501621"
"2013-12-29","TestTajoClient.java","4316","13631","17947"
"2014-03-14","TestTajoClient.java","48458","82786","131244"
"2014-03-30","TestTajoClient.java","50492","93231","143723"
"2014-12-05","TestTajoClient.java","120589","282775","403364"
"2015-09-23","TestTajoClient.java","124778","407852","532630"
"2014-11-11","TestTajoClient.java","120437","278060","398497"
"2014-01-22","TestTajoClient.java","50889","120154","171043"
"2013-10-21","TestTajoClient.java","41924","78445","120369"
"2014-03-20","TestTajoClient.java","61949","150453","212402"
"2015-08-13","TestTajoClient.java","84648","389097","473745"
"2014-03-23","TestTajoClient.java","61997","150648","212645"
"2014-05-28","TestTajoClient.java","82572","201677","284249"
"2014-08-11","TestTajoClient.java","82776","217538","300314"
"2014-02-17","TestTajoClient.java","60986","136334","197320"
"2015-07-17","TestTajoClient.java","84004","381703","465707"
"2013-12-06","TestTajoClient.java","47396","96507","143903"
"2015-07-20","TestTajoClient.java","84421","380655","465076"
"2013-07-22","TestTajoClient.java","67","132","199"
"2015-06-24","TestTajoClient.java","84003","379675","463678"
"2013-10-14","TestTajoClient.java","35752","73059","108811"
"2015-08-04","TestTajoClient.java","84500","386810","471310"
"2013-12-03","TestTajoClient.java","47360","94777","142137"
"2013-12-29","TestTajoClient.java","48632","107058","155690"
"2014-03-14","TestTajoClient.java","61388","144827","206215"
"2014-03-30","TestTajoClient.java","62236","154086","216322"
"2014-12-05","TestTajoClient.java","83030","294327","377357"
"2015-09-23","TestTajoClient.java","84987","417172","502159"
"2014-11-11","TestTajoClient.java","83016","289750","372766"
"2015-08-13","TestTajoClient.java","11470","19685","31155"
"2015-08-04","TestTajoClient.java","8785","14861","23646"
"2015-09-23","TestTajoClient.java","114590","150541","265131"
"2015-11-18","ProjectionPushDownRule.java","2872","4900","7772"
"2015-12-03","ProjectionPushDownRule.java","4657","8602","13259"
"2015-06-23","KeyValueSet.java","140825","359153","499978"
"2014-08-11","KeyValueSet.java","113003","171426","284429"
"2014-05-07","KeyValueSet.java","111271","140821","252092"
"2015-06-25","KeyValueSet.java","140826","360261","501087"
"2014-07-11","KeyValueSet.java","112015","162843","274858"
"2015-10-09","KeyValueSet.java","142963","403190","546153"
"2014-08-27","KeyValueSet.java","113105","225374","338479"
"2015-06-23","KeyValueSet.java","96798","264298","361096"
"2014-08-11","KeyValueSet.java","2909","10504","13413"
"2015-06-25","KeyValueSet.java","96904","265511","362415"
"2015-10-09","KeyValueSet.java","135487","344886","480373"
"2014-08-27","KeyValueSet.java","3923","65364","69287"
"2014-01-22","TestTajoClient.java","50915","120115","171030"
"2013-10-21","TestTajoClient.java","41946","78402","120348"
"2014-03-20","TestTajoClient.java","61985","150424","212409"
"2015-08-13","TestTajoClient.java","84713","389097","473810"
"2014-03-23","TestTajoClient.java","62035","150621","212656"
"2014-05-28","TestTajoClient.java","82636","201676","284312"
"2014-08-11","TestTajoClient.java","82840","217537","300377"
"2014-02-17","TestTajoClient.java","61017","136300","197317"
"2015-07-17","TestTajoClient.java","84068","381702","465770"
"2013-12-06","TestTajoClient.java","47422","96468","143890"
"2015-07-20","TestTajoClient.java","84486","380655","465141"
"2015-06-24","TestTajoClient.java","84067","379674","463741"
"2013-10-14","TestTajoClient.java","35768","73010","108778"
"2015-08-04","TestTajoClient.java","84565","386810","471375"
"2013-12-03","TestTajoClient.java","47384","94736","142120"
"2013-12-29","TestTajoClient.java","48658","107019","155677"
"2014-03-14","TestTajoClient.java","61422","144796","206218"
"2014-03-30","TestTajoClient.java","62274","154059","216333"
"2014-12-05","TestTajoClient.java","83094","294326","377420"
"2015-09-23","TestTajoClient.java","85052","417172","502224"
"2014-11-11","TestTajoClient.java","83080","289749","372829"
"2015-08-13","TestTajoClient.java","28997","37774","66771"
"2015-07-17","TestTajoClient.java","2257","4284","6541"
"2015-07-20","TestTajoClient.java","19164","19726","38890"
"2015-08-04","TestTajoClient.java","27369","34007","61376"
"2015-09-23","TestTajoClient.java","125009","161522","286531"
"2015-06-23","KeyValueSet.java","103153","209212","312365"
"2015-06-25","KeyValueSet.java","103253","210419","313672"
"2015-10-09","KeyValueSet.java","146142","294100","440242"
"2015-08-05","NumberUtil.java","89894","183549","273443"
"2015-04-20","NumberUtil.java","66583","105360","171943"
"2015-02-22","NumberUtil.java","56500","77728","134228"
"2015-07-20","NumberUtil.java","85134","170265","255399"
"2014-01-22","TestTajoClient.java","26836","58794","85630"
"2013-10-21","TestTajoClient.java","8384","7598","15982"
"2014-03-20","TestTajoClient.java","53285","104482","157767"
"2015-08-13","TestTajoClient.java","115754","382896","498650"
"2014-03-23","TestTajoClient.java","53355","104699","158054"
"2014-05-28","TestTajoClient.java","112940","194738","307678"
"2014-08-11","TestTajoClient.java","113411","210866","324277"
"2014-02-17","TestTajoClient.java","45665","83706","129371"
"2015-07-17","TestTajoClient.java","115004","375396","490400"
"2013-12-06","TestTajoClient.java","17306","29110","46416"
"2015-07-20","TestTajoClient.java","115495","374422","489917"
"2015-06-24","TestTajoClient.java","115002","373367","488369"
"2015-08-04","TestTajoClient.java","115618","380621","496239"
"2013-12-03","TestTajoClient.java","16829","26939","43768"
"2013-12-29","TestTajoClient.java","19585","40704","60289"
"2014-03-14","TestTajoClient.java","52122","98254","150376"
"2014-03-30","TestTajoClient.java","53614","108157","161771"
"2014-12-05","TestTajoClient.java","113775","287765","401540"
"2015-09-23","TestTajoClient.java","116169","411047","527216"
"2014-11-11","TestTajoClient.java","113710","283137","396847"
"2015-11-18","ProjectionPushDownRule.java","113255","145763","259018"
"2015-09-10","ProjectionPushDownRule.java","106260","112274","218534"
"2015-12-03","ProjectionPushDownRule.java","114057","148482","262539"
"2015-10-09","ProjectionPushDownRule.java","111025","141505","252530"
"2014-11-13","NumberUtil.java","40965","119756","160721"
"2015-08-05","NumberUtil.java","105750","278196","383946"
"2015-04-20","NumberUtil.java","88226","205794","294020"
"2014-10-28","NumberUtil.java","36066","103858","139924"
"2015-02-22","NumberUtil.java","80094","180113","260207"
"2015-07-20","NumberUtil.java","102719","266641","369360"
"2015-07-22","ProjectionPushDownRule.java","99657","275986","375643"
"2014-10-25","ProjectionPushDownRule.java","34774","110025","144799"
"2014-12-30","ProjectionPushDownRule.java","68596","174663","243259"
"2014-08-04","ProjectionPushDownRule.java","3011","15599","18610"
"2015-11-18","ProjectionPushDownRule.java","131052","349138","480190"
"2014-07-09","ProjectionPushDownRule.java","845","5500","6345"
"2015-09-10","ProjectionPushDownRule.java","129711","321303","451014"
"2015-12-03","ProjectionPushDownRule.java","131209","351212","482421"
"2015-03-27","ProjectionPushDownRule.java","81726","199279","281005"
"2015-10-09","ProjectionPushDownRule.java","130569","346627","477196"
"2015-08-14","ProjectionPushDownRule.java","101933","287511","389444"
"2014-11-13","NumberUtil.java","89208","289634","378842"
"2015-08-05","NumberUtil.java","90921","385002","475923"
"2014-07-22","NumberUtil.java","88828","210463","299291"
"2015-04-20","NumberUtil.java","90433","329636","420069"
"2014-10-28","NumberUtil.java","89185","278612","367797"
"2015-02-22","NumberUtil.java","89414","311068","400482"
"2015-07-20","NumberUtil.java","90402","375959","466361"
"2015-08-13","TestTajoClient.java","3446","5585","9031"
"2015-09-23","TestTajoClient.java","111769","141644","253413"
"2014-01-22","TestTajoClient.java","18124","39972","58096"
"2014-03-20","TestTajoClient.java","50390","91477","141867"
"2015-08-13","TestTajoClient.java","122667","379699","502366"
"2014-03-23","TestTajoClient.java","50465","91699","142164"
"2014-05-28","TestTajoClient.java","117728","189416","307144"
"2014-08-11","TestTajoClient.java","118386","205731","324117"
"2014-02-17","TestTajoClient.java","40840","68771","109611"
"2015-07-17","TestTajoClient.java","121923","372205","494128"
"2013-12-06","TestTajoClient.java","878","2572","3450"
"2015-07-20","TestTajoClient.java","122383","371200","493583"
"2015-06-24","TestTajoClient.java","121847","370102","491949"
"2015-08-04","TestTajoClient.java","122525","377418","499943"
"2013-12-29","TestTajoClient.java","5111","16120","21231"
"2014-03-14","TestTajoClient.java","48736","84758","133494"
"2014-03-30","TestTajoClient.java","50744","95177","145921"
"2014-12-05","TestTajoClient.java","118903","282783","401686"
"2015-09-23","TestTajoClient.java","123092","407860","530952"
"2014-11-11","TestTajoClient.java","118751","278068","396819"
"2015-07-22","ProjectionPushDownRule.java","136371","363897","500268"
"2014-10-25","ProjectionPushDownRule.java","129240","255688","384928"
"2014-02-17","ProjectionPushDownRule.java","26102","32698","58800"
"2014-12-30","ProjectionPushDownRule.java","131478","288742","420220"
"2014-06-26","ProjectionPushDownRule.java","127978","178634","306612"
"2014-06-26","ProjectionPushDownRule.java","127978","178239","306217"
"2014-08-04","ProjectionPushDownRule.java","128608","192393","321001"
"2014-05-14","ProjectionPushDownRule.java","127623","167621","295244"
"2015-11-18","ProjectionPushDownRule.java","137470","406753","544223"
"2014-02-04","ProjectionPushDownRule.java","23714","26628","50342"
"2014-03-28","ProjectionPushDownRule.java","37658","59951","97609"
"2014-07-09","ProjectionPushDownRule.java","128079","183931","312010"
"2015-09-10","ProjectionPushDownRule.java","137061","379850","516911"
"2015-12-03","ProjectionPushDownRule.java","137505","408705","546210"
"2014-01-25","ProjectionPushDownRule.java","1265","1944","3209"
"2015-03-27","ProjectionPushDownRule.java","134262","303012","437274"
"2014-02-07","ProjectionPushDownRule.java","24186","28497","52683"
"2015-10-09","ProjectionPushDownRule.java","137394","404649","542043"
"2015-08-14","ProjectionPushDownRule.java","136749","373524","510273"
"2014-07-03","ProjectionPushDownRule.java","127979","179176","307155"
"2015-09-28","SelfDescSchemaBuildPhase.java","1515","5833","7348"
"2015-10-08","SelfDescSchemaBuildPhase.java","2630","7563","10193"
"2015-10-09","SelfDescSchemaBuildPhase.java","2811","7861","10672"
"2015-08-05","NumberUtil.java","41449","96327","137776"
"2015-07-20","NumberUtil.java","31811","78165","109976"
"2015-10-08","SelfDescSchemaBuildPhase.java","1177","1792","2969"
"2015-10-09","SelfDescSchemaBuildPhase.java","1370","2102","3472"
"2014-11-13","NumberUtil.java","7034","18033","25067"
"2015-08-05","NumberUtil.java","86385","191039","277424"
"2015-04-20","NumberUtil.java","63468","113244","176712"
"2015-02-22","NumberUtil.java","53584","85811","139395"
"2015-07-20","NumberUtil.java","81801","177931","259732"
"2015-08-05","NumberUtil.java","49555","121982","171537"
"2015-04-20","NumberUtil.java","12398","29947","42345"
"2015-07-20","NumberUtil.java","40548","104451","144999"
"2015-08-05","NumberUtil.java","11487","20011","31498"
"2015-07-20","Pair.java","103326","262115","365441"
"2014-08-23","Pair.java","549","49072","49621"
"2015-10-09","SelfDescSchemaBuildPhase.java","197","314","511"
"2014-08-21","Pair.java","116384","167968","284352"
"2015-07-20","Pair.java","147434","357807","505241"
"2014-08-23","Pair.java","116462","216569","333031"
"2015-07-20","Pair.java","103655","213921","317576"
"2014-12-10","ProtoUtil.java","128534","252668","381202"
"2014-12-30","ProtoUtil.java","141361","279432","420793"
"2014-12-30","ProtoUtil.java","37110","51047","88157"
"2014-01-22","TestTajoClient.java","14585","25424","40009"
"2014-03-20","TestTajoClient.java","49777","79855","129632"
"2015-08-13","TestTajoClient.java","131740","377763","509503"
"2014-03-23","TestTajoClient.java","49863","80088","129951"
"2014-05-28","TestTajoClient.java","126122","186801","312923"
"2014-08-11","TestTajoClient.java","126802","203138","329940"
"2014-02-17","TestTajoClient.java","39575","56497","96072"
"2015-07-17","TestTajoClient.java","130973","370246","501219"
"2015-07-20","TestTajoClient.java","131432","369240","500672"
"2015-06-24","TestTajoClient.java","130885","368131","499016"
"2015-08-04","TestTajoClient.java","131574","375458","507032"
"2014-03-14","TestTajoClient.java","47982","72995","120977"
"2014-03-30","TestTajoClient.java","50177","83601","133778"
"2014-12-05","TestTajoClient.java","127312","280183","407495"
"2015-09-23","TestTajoClient.java","132189","405948","538137"
"2014-11-11","TestTajoClient.java","127147","275455","402602"
"2014-12-30","ReflectionUtil.java","82701","309764","392465"
"2014-11-17","StringUtils.java","47307","153517","200824"
"2014-08-11","StringUtils.java","14839","46509","61348"
"2015-07-20","StringUtils.java","99598","290784","390382"
"2014-07-07","StringUtils.java","11980","29413","41393"
"2014-08-21","StringUtils.java","15335","53461","68796"
"2015-11-18","StringUtils.java","127176","362518","489694"
"2015-05-11","StringUtils.java","89626","237639","327265"
"2015-07-20","StringUtils.java","85125","170101","255226"
"2015-11-18","StringUtils.java","129534","258666","388200"
"2015-05-11","StringUtils.java","67718","109521","177239"
"2014-11-17","StringUtils.java","40948","115488","156436"
"2015-07-20","StringUtils.java","103534","263050","366584"
"2014-08-21","StringUtils.java","947","7403","8350"
"2015-11-18","StringUtils.java","140074","343746","483820"
"2015-05-11","StringUtils.java","89180","205523","294703"
"2015-11-18","StringUtils.java","118888","163044","281932"
"2014-04-21","StringUtils.java","116144","120404","236548"
"2014-11-17","StringUtils.java","131940","242410","374350"
"2014-08-11","StringUtils.java","120719","156649","277368"
"2015-07-20","StringUtils.java","155635","351081","506716"
"2014-07-07","StringUtils.java","119298","140991","260289"
"2014-08-21","StringUtils.java","120825","163211","284036"
"2015-11-18","StringUtils.java","159031","398633","557664"
"2015-05-11","StringUtils.java","155005","307278","462283"
"2014-11-17","StringUtils.java","41003","129780","170783"
"2014-08-11","StringUtils.java","3970","18207","22177"
"2015-07-20","StringUtils.java","98222","271975","370197"
"2014-08-21","StringUtils.java","4579","25272","29851"
"2015-11-18","StringUtils.java","131109","349018","480127"
"2015-05-11","StringUtils.java","85855","216435","302290"
"2014-11-17","StringUtils.java","42317","110401","152718"
"2015-07-20","StringUtils.java","107430","260490","367920"
"2015-11-18","StringUtils.java","145534","342750","488284"
"2015-05-11","StringUtils.java","92910","202797","295707"
"2014-03-20","TestTajoClient.java","4064","9129","13193"
"2015-08-13","TestTajoClient.java","146090","367100","513190"
"2014-03-23","TestTajoClient.java","4290","9502","13792"
"2014-05-28","TestTajoClient.java","114506","150172","264678"
"2014-08-11","TestTajoClient.java","115891","167214","283105"
"2015-07-17","TestTajoClient.java","144947","359207","504154"
"2015-07-20","TestTajoClient.java","145619","358414","504033"
"2015-06-24","TestTajoClient.java","144853","357086","501939"
"2015-08-04","TestTajoClient.java","145753","364624","510377"
"2014-03-30","TestTajoClient.java","4851","13262","18113"
"2014-12-05","TestTajoClient.java","126584","254442","381026"
"2015-09-23","TestTajoClient.java","146888","395634","542522"
"2014-11-11","TestTajoClient.java","124855","248150","373005"
"2015-12-17","TableStatUpdateRewriter.java","5027","8110","13137"
"2015-08-13","TestTajoClient.java","152124","364723","516847"
"2014-05-28","TestTajoClient.java","115706","142961","258667"
"2014-08-11","TestTajoClient.java","117196","160108","277304"
"2015-07-17","TestTajoClient.java","150318","356167","506485"
"2015-07-20","TestTajoClient.java","151323","355707","507030"
"2015-06-24","TestTajoClient.java","150217","354039","504256"
"2015-08-04","TestTajoClient.java","151579","362039","513618"
"2014-12-05","TestTajoClient.java","129528","248975","378503"
"2015-09-23","TestTajoClient.java","153178","393513","546691"
"2014-11-11","TestTajoClient.java","127524","242408","369932"
"2015-07-20","StringUtils.java","28963","72136","101099"
"2015-11-18","StringUtils.java","94212","181541","275753"
"2013-08-26","TajoIdUtils.java","25900","25205","51105"
"2013-08-14","TajoIdUtils.java","22677","17814","40491"
"2013-12-31","TajoIdUtils.java","49312","109844","159156"
"2013-12-31","TajoIdUtils.java","31280","92507","123787"
"2013-08-26","TajoIdUtils.java","5944","10112","16056"
"2013-12-31","TajoIdUtils.java","34018","99413","133431"
"2015-08-13","TestTajoClient.java","91862","185014","276876"
"2015-07-17","TestTajoClient.java","80513","166915","247428"
"2015-07-20","TestTajoClient.java","87975","172912","260887"
"2015-06-24","TestTajoClient.java","80064","164439","244503"
"2015-08-04","TestTajoClient.java","90975","181988","272963"
"2015-09-23","TestTajoClient.java","129791","250679","380470"
"2013-07-26","TUtil.java","13947","7998","21945"
"2014-12-30","TUtil.java","82701","309764","392465"
"2015-03-05","TUtil.java","82756","314788","397544"
"2015-10-09","TUtil.java","84572","421626","506198"
"2013-09-21","TUtil.java","31103","42514","73617"
"2014-03-06","TUtil.java","60889","142568","203457"
"2013-09-16","TUtil.java","30877","41982","72859"
"2014-12-30","TUtil.java","75817","308829","384646"
"2015-03-05","TUtil.java","75872","313853","389725"
"2015-10-09","TUtil.java","77694","420697","498391"
"2013-09-21","TUtil.java","18954","36314","55268"
"2014-03-06","TUtil.java","51161","138789","189950"
"2013-09-16","TUtil.java","18148","35202","53350"
"2015-03-05","TUtil.java","22249","27218","49467"
"2015-10-09","TUtil.java","110513","220504","331017"
"2015-08-13","TestTajoClient.java","91721","189436","281157"
"2015-07-17","TestTajoClient.java","81203","172168","253371"
"2015-07-20","TestTajoClient.java","87965","177465","265430"
"2015-06-24","TestTajoClient.java","80778","169716","250494"
"2015-08-04","TestTajoClient.java","90876","186452","277328"
"2014-12-05","TestTajoClient.java","4083","8646","12729"
"2015-09-23","TestTajoClient.java","129292","254743","384035"
"2014-10-25","EvalNodeAdapter.java","82572","278819","361391"
"2013-08-19","EvalNodeAdapter.java","24236","19338","43574"
"2015-10-09","TUtil.java","96893","201915","298808"
"2014-10-25","EvalNodeAdapter.java","75964","277109","353073"
"2015-08-20","TestTajoClientV2.java","98131","103880","202011"
"2015-08-13","TestTajoClientV2.java","3446","5585","9031"
"2015-11-26","TestTajoClientV2.java","115554","151839","267393"
"2014-12-30","EvalNodeDeserializer.java","73002","160863","233865"
"2015-08-14","EvalNodeDeserializer.java","110426","277798","388224"
"2015-08-13","EvalNodeDeserializer.java","110345","276080","386425"
"2015-04-18","EvalNodeDeserializer.java","91604","200825","292429"
"2015-04-29","EvalNodeDeserializer.java","91784","203887","295671"
"2015-05-27","EvalNodeDeserializer.java","100011","252784","352795"
"2015-03-20","EvalNodeDeserializer.java","87172","184261","271433"
"2015-08-14","EvalNodeDeserializer.java","67172","146683","213855"
"2015-08-13","EvalNodeDeserializer.java","67000","144874","211874"
"2015-04-18","EvalNodeDeserializer.java","32432","53792","86224"
"2015-04-29","EvalNodeDeserializer.java","32767","57009","89776"
"2015-05-27","EvalNodeDeserializer.java","47050","111962","159012"
"2015-03-20","EvalNodeDeserializer.java","25842","35070","60912"
"2015-11-26","TestTajoClientV2.java","28179","58715","86894"
"2015-08-20","TestTajoClientV2.java","95471","99081","194552"
"2015-11-26","TestTajoClientV2.java","113247","147393","260640"
"2014-12-30","TUtil.java","91333","306985","398318"
"2015-03-05","TUtil.java","91420","312041","403461"
"2015-10-09","TUtil.java","93384","419027","512411"
"2014-03-06","TUtil.java","52084","122352","174436"
"2014-12-30","TUtil.java","138580","283964","422544"
"2015-03-05","TUtil.java","139386","289739","429125"
"2015-10-09","TUtil.java","145891","401266","547157"
"2015-08-14","EvalNodeDeserializer.java","274","1911","2185"
"2014-12-30","TUtil.java","91068","307026","398094"
"2015-03-05","TUtil.java","91155","312082","403237"
"2015-10-09","TUtil.java","93119","419068","512187"
"2013-09-21","TUtil.java","1369","1675","3044"
"2014-03-06","TUtil.java","52493","123067","175560"
"2015-04-04","UnsafeUtil.java","66053","114702","180755"
"2014-10-27","VersionInfo.java","42415","134981","177396"
"2015-08-14","EvalNodeDeserializer.java","43180","101331","144511"
"2015-08-13","EvalNodeDeserializer.java","42987","99501","142488"
"2015-04-29","EvalNodeDeserializer.java","1668","4550","6218"
"2015-05-27","EvalNodeDeserializer.java","17747","61299","79046"
"2015-08-14","EvalNodeDeserializer.java","41776","97045","138821"
"2015-08-13","EvalNodeDeserializer.java","41583","95215","136798"
"2015-05-27","EvalNodeDeserializer.java","16184","56854","73038"
"2015-08-14","EvalNodeDeserializer.java","32978","47577","80555"
"2015-08-13","EvalNodeDeserializer.java","32782","45744","78526"
"2015-02-22","ConstraintViolationException.java","53584","85811","139395"
"2015-08-14","EvalNodeDeserializer.java","47887","118170","166057"
"2015-08-13","EvalNodeDeserializer.java","47709","116355","164064"
"2015-04-18","EvalNodeDeserializer.java","7843","19975","27818"
"2015-04-29","EvalNodeDeserializer.java","8802","23816","32618"
"2015-05-27","EvalNodeDeserializer.java","24343","80027","104370"
"2014-07-22","ExprTestBase.java","91205","210263","301468"
"2014-03-20","ExprTestBase.java","53131","130177","183308"
"2014-08-23","ExprTestBase.java","91366","268519","359885"
"2014-05-22","ExprTestBase.java","90902","197157","288059"
"2015-12-21","ExprTestBase.java","93900","426312","520212"
"2013-09-27","ExprTestBase.java","2176","2437","4613"
"2015-08-14","ExprTestBase.java","93466","388094","481560"
"2014-03-06","ExprTestBase.java","52000","121967","173967"
"2015-07-22","ExprTestBase.java","93215","378594","471809"
"2015-07-20","ExprTestBase.java","93215","377991","471206"
"2014-12-30","ExprTestBase.java","91783","306900","398683"
"2014-02-27","ExprTestBase.java","51508","117079","168587"
"2014-02-27","ExprTestBase.java","51508","117079","168587"
"2014-08-20","ExprTestBase.java","91312","218568","309880"
"2014-12-08","ExprTestBase.java","91597","292133","383730"
"2013-12-28","ExprTestBase.java","27596","74520","102116"
"2015-08-04","ExprTestBase.java","93300","384152","477452"
"2014-02-19","ExprTestBase.java","47895","112776","160671"
"2015-04-18","ExprTestBase.java","92818","329295","422113"
"2015-11-18","ExprTestBase.java","93876","421012","514888"
"2014-01-17","ExprTestBase.java","33390","89370","122760"
"2015-06-02","ExprTestBase.java","92779","373201","465980"
"2014-08-23","ExprTestBase.java","2899","60994","63893"
"2015-12-21","ExprTestBase.java","138204","351558","489762"
"2015-08-14","ExprTestBase.java","106508","282078","388586"
"2015-07-22","ExprTestBase.java","104183","270504","374687"
"2015-07-20","ExprTestBase.java","104004","269722","373726"
"2014-12-30","ExprTestBase.java","70683","166742","237425"
"2014-08-20","ExprTestBase.java","2182","10380","12562"
"2014-12-08","ExprTestBase.java","43654","125132","168786"
"2015-08-04","ExprTestBase.java","105700","277494","383194"
"2015-04-18","ExprTestBase.java","88208","205627","293835"
"2015-11-18","ExprTestBase.java","137982","346060","484042"
"2015-06-02","ExprTestBase.java","97397","258761","356158"
"2014-07-22","ExprTestBase.java","116081","158093","274174"
"2014-08-23","ExprTestBase.java","116462","216569","333031"
"2014-05-22","ExprTestBase.java","114808","144017","258825"
"2015-12-21","ExprTestBase.java","150648","406014","556662"
"2015-08-14","ExprTestBase.java","149368","366950","516318"
"2015-07-22","ExprTestBase.java","148435","356768","505203"
"2015-07-20","ExprTestBase.java","148435","356165","504600"
"2014-12-30","ExprTestBase.java","141361","279432","420793"
"2014-08-20","ExprTestBase.java","116377","166587","282964"
"2014-12-08","ExprTestBase.java","128524","252014","380538"
"2015-08-04","ExprTestBase.java","148691","362497","511188"
"2015-04-18","ExprTestBase.java","146559","305990","452549"
"2015-11-18","ExprTestBase.java","150574","400664","551238"
"2015-06-02","ExprTestBase.java","146994","350370","497364"
"2015-12-21","ExprTestBase.java","146949","302208","449157"
"2015-08-14","ExprTestBase.java","111729","229204","340933"
"2015-07-22","ExprTestBase.java","109298","217524","326822"
"2015-07-20","ExprTestBase.java","109100","216723","325823"
"2014-12-30","ExprTestBase.java","73520","111484","185004"
"2014-12-08","ExprTestBase.java","45069","68452","113521"
"2015-08-04","ExprTestBase.java","110890","224589","335479"
"2015-04-18","ExprTestBase.java","92601","151925","244526"
"2015-11-18","ExprTestBase.java","146682","296665","443347"
"2015-06-02","ExprTestBase.java","102294","205563","307857"
"2014-12-11","Validators.java","12862","29262","42124"
"2014-07-22","ExprTestBase.java","7686","20489","28175"
"2014-08-23","ExprTestBase.java","9966","80864","90830"
"2015-12-21","ExprTestBase.java","129969","356126","486095"
"2015-08-14","ExprTestBase.java","102730","291103","393833"
"2015-07-22","ExprTestBase.java","100508","279632","380140"
"2015-07-20","ExprTestBase.java","100335","278856","379191"
"2014-12-30","ExprTestBase.java","71785","180647","252432"
"2014-08-20","ExprTestBase.java","9413","30414","39827"
"2014-12-08","ExprTestBase.java","47149","141430","188579"
"2015-08-04","ExprTestBase.java","101952","286549","388501"
"2015-04-18","ExprTestBase.java","88128","218350","306478"
"2015-11-18","ExprTestBase.java","129753","350634","480387"
"2015-06-02","ExprTestBase.java","94265","268432","362697"
"2014-12-30","EvalNodeSerializer.java","73002","160863","233865"
"2015-09-17","EvalNodeSerializer.java","142596","333874","476470"
"2015-05-27","EvalNodeSerializer.java","100011","252784","352795"
"2015-08-14","EvalNodeSerializer.java","110426","277798","388224"
"2015-04-18","EvalNodeSerializer.java","91604","200825","292429"
"2015-09-17","EvalNodeSerializer.java","109421","212838","322259"
"2015-05-27","EvalNodeSerializer.java","47050","111962","159012"
"2015-08-14","EvalNodeSerializer.java","67172","146683","213855"
"2015-04-18","EvalNodeSerializer.java","32432","53792","86224"
"2014-07-22","ExprTestBase.java","91226","210023","301249"
"2014-03-20","ExprTestBase.java","52004","128789","180793"
"2014-08-23","ExprTestBase.java","91387","268279","359666"
"2014-05-22","ExprTestBase.java","90922","196916","287838"
"2015-12-21","ExprTestBase.java","93980","426131","520111"
"2015-08-14","ExprTestBase.java","93538","387905","481443"
"2014-03-06","ExprTestBase.java","50858","120564","171422"
"2015-07-22","ExprTestBase.java","93320","378438","471758"
"2015-07-20","ExprTestBase.java","93320","377835","471155"
"2014-12-30","ExprTestBase.java","91822","306678","398500"
"2014-02-27","ExprTestBase.java","50366","115676","166042"
"2014-02-27","ExprTestBase.java","50366","115676","166042"
"2014-08-20","ExprTestBase.java","91333","218328","309661"
"2014-12-08","ExprTestBase.java","91636","291911","383547"
"2013-12-28","ExprTestBase.java","25953","72616","98569"
"2015-08-04","ExprTestBase.java","93407","383998","477405"
"2014-02-19","ExprTestBase.java","46703","111323","158026"
"2015-04-18","ExprTestBase.java","92857","329073","421930"
"2015-11-18","ExprTestBase.java","93954","420829","514783"
"2014-01-17","ExprTestBase.java","32024","87743","119767"
"2015-06-02","ExprTestBase.java","92828","372989","465817"
"2015-12-21","ExprTestBase.java","114707","152491","267198"
"2015-11-18","ExprTestBase.java","113255","145763","259018"
"2014-01-17","TestBitDatum.java","50436","118362","168798"
"2014-07-22","ExprTestBase.java","115221","164312","279533"
"2014-03-20","ExprTestBase.java","4655","11734","16389"
"2014-08-23","ExprTestBase.java","115534","222720","338254"
"2014-05-22","ExprTestBase.java","114027","150315","264342"
"2015-12-21","ExprTestBase.java","146290","408735","555025"
"2015-08-14","ExprTestBase.java","145312","369973","515285"
"2015-07-22","ExprTestBase.java","144785","360197","504982"
"2015-07-20","ExprTestBase.java","144785","359594","504379"
"2014-12-30","ExprTestBase.java","138814","283964","422778"
"2014-08-20","ExprTestBase.java","115456","172745","288201"
"2014-12-08","ExprTestBase.java","126084","256653","382737"
"2015-08-04","ExprTestBase.java","144919","365804","510723"
"2015-04-18","ExprTestBase.java","143369","309879","453248"
"2015-11-18","ExprTestBase.java","146218","403387","549605"
"2015-06-02","ExprTestBase.java","143720","354175","497895"
"2015-12-21","ExprTestBase.java","118786","165819","284605"
"2015-08-14","ExprTestBase.java","10815","20064","30879"
"2015-08-04","ExprTestBase.java","7820","13293","21113"
"2015-11-18","ExprTestBase.java","117470","159227","276697"
"2013-12-23","TestBoolDatum.java","48415","106732","155147"
"2013-09-14","TestBoolDatum.java","29292","38661","67953"
"2015-12-21","ExprTestBase.java","119103","166739","285842"
"2015-08-14","ExprTestBase.java","11729","21581","33310"
"2015-07-22","ExprTestBase.java","1011","1614","2625"
"2015-08-04","ExprTestBase.java","8785","14861","23646"
"2015-11-18","ExprTestBase.java","117788","160148","277936"
"2015-12-21","ExprTestBase.java","113039","230334","343373"
"2015-08-14","ExprTestBase.java","67172","146683","213855"
"2015-07-22","ExprTestBase.java","60435","130697","191132"
"2015-07-20","ExprTestBase.java","59524","129183","188707"
"2015-08-04","ExprTestBase.java","65911","141646","207557"
"2015-04-18","ExprTestBase.java","32432","53792","86224"
"2015-11-18","ExprTestBase.java","112182","224201","336383"
"2015-06-02","ExprTestBase.java","48978","114283","163261"
"2013-12-23","TestBoolDatum.java","29187","78135","107322"
"2014-07-22","ExprTestBase.java","113041","166528","279569"
"2014-03-20","ExprTestBase.java","6215","17690","23905"
"2014-08-23","ExprTestBase.java","113326","224908","338234"
"2014-05-22","ExprTestBase.java","111851","152535","264386"
"2015-12-21","ExprTestBase.java","143359","410200","553559"
"2015-08-14","ExprTestBase.java","142453","371510","513963"
"2014-03-06","ExprTestBase.java","1937","6333","8270"
"2015-07-22","ExprTestBase.java","141927","361735","503662"
"2015-07-20","ExprTestBase.java","141927","361132","503059"
"2014-12-30","ExprTestBase.java","136281","285827","422108"
"2014-08-20","ExprTestBase.java","113250","174935","288185"
"2014-12-08","ExprTestBase.java","123704","258669","382373"
"2015-08-04","ExprTestBase.java","142060","367341","509401"
"2015-04-18","ExprTestBase.java","140553","311459","452012"
"2015-11-18","ExprTestBase.java","143318","404883","548201"
"2015-06-02","ExprTestBase.java","140898","355749","496647"
"2014-07-22","ExprTestBase.java","113041","166528","279569"
"2014-03-20","ExprTestBase.java","6215","17690","23905"
"2014-08-23","ExprTestBase.java","113326","224908","338234"
"2014-05-22","ExprTestBase.java","111851","152535","264386"
"2015-12-21","ExprTestBase.java","143359","410200","553559"
"2015-08-14","ExprTestBase.java","142453","371510","513963"
"2014-03-06","ExprTestBase.java","1937","6333","8270"
"2015-07-22","ExprTestBase.java","141927","361735","503662"
"2015-07-20","ExprTestBase.java","141927","361132","503059"
"2014-12-30","ExprTestBase.java","136281","285827","422108"
"2014-08-20","ExprTestBase.java","113250","174935","288185"
"2014-12-08","ExprTestBase.java","123704","258669","382373"
"2015-08-04","ExprTestBase.java","142060","367341","509401"
"2015-04-18","ExprTestBase.java","140553","311459","452012"
"2015-11-18","ExprTestBase.java","143318","404883","548201"
"2015-06-02","ExprTestBase.java","140898","355749","496647"
"2013-08-29","TestCharDatum.java","26006","25388","51394"
"2014-08-23","ExprTestBase.java","853","50750","51603"
"2015-12-21","ExprTestBase.java","143666","348822","492488"
"2015-08-14","ExprTestBase.java","110426","277798","388224"
"2015-07-22","ExprTestBase.java","108051","266174","374225"
"2015-07-20","ExprTestBase.java","107868","265388","373256"
"2014-12-30","ExprTestBase.java","73002","160863","233865"
"2014-12-08","ExprTestBase.java","45333","118613","163946"
"2015-08-04","ExprTestBase.java","109599","273195","382794"
"2015-04-18","ExprTestBase.java","91604","200825","292429"
"2015-11-18","ExprTestBase.java","143428","343308","486736"
"2015-06-02","ExprTestBase.java","101160","254326","355486"
"2015-12-21","ExprTestBase.java","131729","263605","395334"
"2015-08-14","ExprTestBase.java","91974","186066","278040"
"2015-07-22","ExprTestBase.java","88744","173587","262331"
"2015-07-20","ExprTestBase.java","87891","172131","260022"
"2014-12-30","ExprTestBase.java","39846","54427","94273"
"2015-08-04","ExprTestBase.java","90901","181217","272118"
"2015-04-18","ExprTestBase.java","66637","102578","169215"
"2015-11-18","ExprTestBase.java","131254","257854","389108"
"2015-06-02","ExprTestBase.java","78530","158416","236946"
"2014-07-22","ExprTestBase.java","126607","198741","325348"
"2014-03-20","ExprTestBase.java","49777","79899","129676"
"2014-08-23","ExprTestBase.java","126835","257064","383899"
"2014-05-22","ExprTestBase.java","126078","185409","311487"
"2015-12-21","ExprTestBase.java","132299","417787","550086"
"2015-08-14","ExprTestBase.java","131739","379443","511182"
"2014-03-06","ExprTestBase.java","47681","70724","118405"
"2015-07-22","ExprTestBase.java","131388","369843","501231"
"2015-07-20","ExprTestBase.java","131388","369240","500628"
"2014-12-30","ExprTestBase.java","127471","295664","423135"
"2014-02-27","ExprTestBase.java","45969","64616","110585"
"2014-02-27","ExprTestBase.java","45969","64616","110585"
"2014-08-20","ExprTestBase.java","126772","207104","333876"
"2014-12-08","ExprTestBase.java","127269","280881","408150"
"2015-08-04","ExprTestBase.java","131530","375458","506988"
"2014-02-19","ExprTestBase.java","40299","58256","98555"
"2015-04-18","ExprTestBase.java","130682","320235","450917"
"2015-11-18","ExprTestBase.java","132265","412477","544742"
"2014-01-17","ExprTestBase.java","13781","22837","36618"
"2015-06-02","ExprTestBase.java","130842","364340","495182"
"2015-12-21","ExprTestBase.java","116626","158186","274812"
"2015-08-14","ExprTestBase.java","3717","7493","11210"
"2015-11-18","ExprTestBase.java","115179","151463","266642"
"2014-07-22","ExprTestBase.java","112823","167000","279823"
"2014-03-20","ExprTestBase.java","12345","24510","36855"
"2014-08-23","ExprTestBase.java","113105","225377","338482"
"2014-05-22","ExprTestBase.java","111692","153066","264758"
"2015-12-21","ExprTestBase.java","142984","410515","553499"
"2015-08-14","ExprTestBase.java","142202","371949","514151"
"2014-03-06","ExprTestBase.java","8128","13214","21342"
"2015-07-22","ExprTestBase.java","141556","362054","503610"
"2015-07-20","ExprTestBase.java","141556","361451","503007"
"2014-12-30","ExprTestBase.java","135933","286169","422102"
"2014-02-27","ExprTestBase.java","6222","6912","13134"
"2014-02-27","ExprTestBase.java","6222","6912","13134"
"2014-08-20","ExprTestBase.java","113029","175404","288433"
"2014-12-08","ExprTestBase.java","123426","259081","382507"
"2015-08-04","ExprTestBase.java","141687","367658","509345"
"2015-04-18","ExprTestBase.java","140194","311790","451984"
"2015-11-18","ExprTestBase.java","142944","405199","548143"
"2015-06-02","ExprTestBase.java","140534","356075","496609"
"2014-11-14","TestDateDatum.java","122723","279611","402334"
"2014-03-27","TestDateDatum.java","50635","87739","138374"
"2015-09-17","EvalNodeSerializer.java","125504","164009","289513"
"2015-08-14","EvalNodeSerializer.java","32978","47577","80555"
"2015-12-21","ExprTestBase.java","96338","192273","288611"
"2015-08-14","ExprTestBase.java","43180","101331","144511"
"2015-07-22","ExprTestBase.java","35227","84129","119356"
"2015-07-20","ExprTestBase.java","34291","82590","116881"
"2015-08-04","ExprTestBase.java","41485","95860","137345"
"2015-11-18","ExprTestBase.java","95256","185915","281171"
"2015-06-02","ExprTestBase.java","19920","63865","83785"
"2015-09-17","EvalNodeSerializer.java","108434","132340","240774"
"2014-11-14","TestDateDatum.java","127712","247496","375208"
"2015-12-21","ExprTestBase.java","6975","12251","19226"
"2015-09-17","EvalNodeSerializer.java","91921","173978","265899"
"2015-05-27","EvalNodeSerializer.java","17747","61299","79046"
"2015-08-14","EvalNodeSerializer.java","43180","101331","144511"
"2014-10-25","LogicalNodeAdapter.java","82572","278819","361391"
"2013-08-19","LogicalNodeAdapter.java","24236","19338","43574"
"2014-07-22","ExprTestBase.java","127612","190690","318302"
"2014-03-20","ExprTestBase.java","38604","59670","98274"
"2014-08-23","ExprTestBase.java","127846","249019","376865"
"2014-05-22","ExprTestBase.java","127003","177278","304281"
"2015-12-21","ExprTestBase.java","135946","412378","548324"
"2015-08-14","ExprTestBase.java","135186","373834","509020"
"2014-03-06","ExprTestBase.java","36084","50071","86155"
"2015-07-22","ExprTestBase.java","134808","364207","499015"
"2015-07-20","ExprTestBase.java","134808","363604","498412"
"2014-12-30","ExprTestBase.java","129959","289096","419055"
"2014-02-27","ExprTestBase.java","34275","43866","78141"
"2014-02-27","ExprTestBase.java","34275","43866","78141"
"2014-08-20","ExprTestBase.java","127786","199062","326848"
"2014-12-08","ExprTestBase.java","129730","274286","404016"
"2015-08-04","ExprTestBase.java","134957","369829","504786"
"2014-02-19","ExprTestBase.java","28404","37305","65709"
"2015-04-18","ExprTestBase.java","133637","314134","447771"
"2015-11-18","ExprTestBase.java","135907","407063","542970"
"2015-06-02","ExprTestBase.java","133907","358349","492256"
"2014-10-25","LogicalNodeAdapter.java","75964","277109","353073"
"2015-12-21","ExprTestBase.java","128745","180735","309480"
"2015-08-14","ExprTestBase.java","30670","44876","75546"
"2015-07-22","ExprTestBase.java","21810","26767","48577"
"2015-07-20","ExprTestBase.java","20848","25202","46050"
"2015-08-04","ExprTestBase.java","28887","39317","68204"
"2015-11-18","ExprTestBase.java","127511","174225","301736"
"2015-07-30","LogicalNodeDeserializer.java","65395","138862","204257"
"2015-04-18","LogicalNodeDeserializer.java","32432","53792","86224"
"2015-03-13","LogicalNodeDeserializer.java","23033","29473","52506"
"2015-09-23","LogicalNodeDeserializer.java","109580","214558","324138"
"2015-08-19","LogicalNodeDeserializer.java","102010","183098","285108"
"2015-07-17","LogicalNodeDeserializer.java","51709","122833","174542"
"2015-04-05","LogicalNodeDeserializer.java","28814","40745","69559"
"2015-09-24","LogicalNodeDeserializer.java","109971","215908","325879"
"2015-12-03","LogicalNodeDeserializer.java","112632","226568","339200"
"2015-11-18","LogicalNodeDeserializer.java","112182","224201","336383"
"2015-09-23","LogicalNodeDeserializer.java","110826","142337","253163"
"2015-08-19","LogicalNodeDeserializer.java","98205","105826","204031"
"2015-09-24","LogicalNodeDeserializer.java","111755","144225","255980"
"2015-12-03","LogicalNodeDeserializer.java","115906","156375","272281"
"2015-11-18","LogicalNodeDeserializer.java","115107","153659","268766"
"2015-07-30","LogicalNodeDeserializer.java","40727","92834","133561"
"2015-09-23","LogicalNodeDeserializer.java","92109","175727","267836"
"2015-08-19","LogicalNodeDeserializer.java","83256","142984","226240"
"2015-07-17","LogicalNodeDeserializer.java","23871","73635","97506"
"2015-09-24","LogicalNodeDeserializer.java","92693","177270","269963"
"2015-12-03","LogicalNodeDeserializer.java","95871","188447","284318"
"2015-11-18","LogicalNodeDeserializer.java","95256","185915","281171"
"2014-01-17","TestEvalTree.java","50436","118362","168798"
"2015-04-02","TestEvalTree.java","83604","321848","405452"
"2015-04-06","TestEvalTree.java","83604","327549","411153"
"2014-08-20","TestEvalTree.java","82349","221551","303900"
"2014-04-30","TestEvalTree.java","81946","188259","270205"
"2015-04-18","TestEvalTree.java","83614","332037","415651"
"2013-08-19","TestEvalTree.java","24236","19338","43574"
"2015-04-02","TestEvalTree.java","132757","303075","435832"
"2015-04-06","TestEvalTree.java","132760","308779","441539"
"2014-08-20","TestEvalTree.java","127786","199062","326848"
"2014-04-30","TestEvalTree.java","126403","164790","291193"
"2015-04-18","TestEvalTree.java","133637","314134","447771"
"2015-04-06","TestEvalTree.java","234","5935","6169"
"2015-04-18","TestEvalTree.java","4981","15160","20141"
"2015-04-18","TestEvalTree.java","4802","9280","14082"
"2015-04-02","TestEvalTree.java","88766","187808","276574"
"2015-04-06","TestEvalTree.java","88908","193651","282559"
"2015-04-18","TestEvalTree.java","91604","200825","292429"
"2015-04-02","TestEvalTree.java","84749","216680","301429"
"2015-04-06","TestEvalTree.java","84891","222523","307414"
"2014-08-20","TestEvalTree.java","11011","43900","54911"
"2015-04-18","TestEvalTree.java","87272","229382","316654"
"2014-01-17","TestEvalTree.java","36229","109053","145282"
"2015-04-02","TestEvalTree.java","77095","320237","397332"
"2015-04-06","TestEvalTree.java","77095","325938","403033"
"2014-08-20","TestEvalTree.java","75723","219823","295546"
"2014-04-30","TestEvalTree.java","75277","186488","261765"
"2015-04-18","TestEvalTree.java","77105","330426","407531"
"2015-07-30","LogicalNodeDeserializer.java","48057","115084","163141"
"2015-04-18","LogicalNodeDeserializer.java","10936","25856","36792"
"2015-09-23","LogicalNodeDeserializer.java","95573","194111","289684"
"2015-08-19","LogicalNodeDeserializer.java","87283","161931","249214"
"2015-07-17","LogicalNodeDeserializer.java","31987","96671","128658"
"2015-04-05","LogicalNodeDeserializer.java","7159","12650","19809"
"2015-09-24","LogicalNodeDeserializer.java","96081","195578","291659"
"2015-12-03","LogicalNodeDeserializer.java","98888","206384","305272"
"2015-11-18","LogicalNodeDeserializer.java","98405","203984","302389"
"2014-05-22","TestIntervalDatum.java","2925","16860","19785"
"2015-09-24","LogicalNodeDeserializer.java","1182","2141","3323"
"2015-12-03","LogicalNodeDeserializer.java","7255","16213","23468"
"2015-11-18","LogicalNodeDeserializer.java","5581","12622","18203"
"2015-09-23","LogicalNodeDeserializer.java","22425","46315","68740"
"2015-09-24","LogicalNodeDeserializer.java","23480","48329","71809"
"2015-12-03","LogicalNodeDeserializer.java","28782","61630","90412"
"2015-11-18","LogicalNodeDeserializer.java","27292","58223","85515"
"2015-07-30","LogicalNodeDeserializer.java","24399","26742","51141"
"2015-09-23","LogicalNodeDeserializer.java","123784","157638","281422"
"2015-08-19","LogicalNodeDeserializer.java","113722","123686","237408"
"2015-09-24","LogicalNodeDeserializer.java","124623","159436","284059"
"2015-12-03","LogicalNodeDeserializer.java","128233","171045","299278"
"2015-11-18","LogicalNodeDeserializer.java","127493","168388","295881"
"2015-07-30","LogicalNodeDeserializer.java","43607","105143","148750"
"2015-04-18","LogicalNodeDeserializer.java","4857","14286","19143"
"2015-09-23","LogicalNodeDeserializer.java","92872","185919","278791"
"2015-08-19","LogicalNodeDeserializer.java","84161","153318","237479"
"2015-07-17","LogicalNodeDeserializer.java","27280","86473","113753"
"2015-09-24","LogicalNodeDeserializer.java","93382","187388","280770"
"2015-12-03","LogicalNodeDeserializer.java","96444","198449","294893"
"2015-11-18","LogicalNodeDeserializer.java","95861","195949","291810"
"2015-12-03","LogicalNodeDeserializer.java","6171","14170","20341"
"2015-11-18","LogicalNodeDeserializer.java","4483","10565","15048"
"2014-01-17","TestEvalTreeUtil.java","50436","118362","168798"
"2014-02-17","TestEvalTreeUtil.java","60532","135764","196296"
"2014-03-20","TestEvalTreeUtil.java","61564","150556","212120"
"2015-06-02","TestEvalTreeUtil.java","83566","375934","459500"
"2014-10-15","TestEvalTreeUtil.java","82548","281343","363891"
"2013-10-04","TestEvalTreeUtil.java","34003","53379","87382"
"2015-06-25","TestEvalTreeUtil.java","83566","379828","463394"
"2014-08-11","TestEvalTreeUtil.java","82338","217588","299926"
"2013-09-04","TestEvalTreeUtil.java","28139","28743","56882"
"2015-07-22","TestEvalTreeUtil.java","83983","381308","465291"
"2013-07-26","TestEvalTreeUtil.java","13947","7998","21945"
"2014-08-13","TestEvalTreeUtil.java","82338","218465","300803"
"2014-02-20","TestEvalTreeUtil.java","60682","138495","199177"
"2015-11-18","TestEvalTreeUtil.java","84576","423658","508234"
"2013-08-19","TestEvalTreeUtil.java","24236","19338","43574"
"2013-12-18","TestEvalTreeUtil.java","47541","105513","153054"
"2014-01-25","TestEvalTreeUtil.java","51141","121619","172760"
"2015-04-18","TestEvalTreeUtil.java","83614","332037","415651"
"2015-08-19","TestEvalTreeUtil.java","84217","392534","476751"
"2015-09-23","TestEvalTreeUtil.java","84547","417220","501767"
"2014-08-18","TestEvalTreeUtil.java","82347","218647","300994"
"2014-08-20","TestEvalTreeUtil.java","82349","220892","303241"
"2014-02-17","TestEvalTreeUtil.java","27005","34311","61316"
"2014-03-20","TestEvalTreeUtil.java","38604","59670","98274"
"2015-06-02","TestEvalTreeUtil.java","133907","358349","492256"
"2014-10-15","TestEvalTreeUtil.java","128177","259046","387223"
"2015-06-25","TestEvalTreeUtil.java","134197","362533","496730"
"2014-08-11","TestEvalTreeUtil.java","127765","195089","322854"
"2015-07-22","TestEvalTreeUtil.java","134808","364207","499015"
"2014-08-13","TestEvalTreeUtil.java","127770","195971","323741"
"2014-02-20","TestEvalTreeUtil.java","28556","38443","66999"
"2015-11-18","TestEvalTreeUtil.java","135907","407063","542970"
"2014-01-25","TestEvalTreeUtil.java","3153","5705","8858"
"2015-04-18","TestEvalTreeUtil.java","133637","314134","447771"
"2015-08-19","TestEvalTreeUtil.java","135219","375610","510829"
"2015-09-23","TestEvalTreeUtil.java","135764","400511","536275"
"2014-08-18","TestEvalTreeUtil.java","127785","196159","323944"
"2014-08-20","TestEvalTreeUtil.java","127786","198403","326189"
"2014-03-20","TestEvalTreeUtil.java","13372","27132","40504"
"2015-06-02","TestEvalTreeUtil.java","139330","356466","495796"
"2014-10-15","TestEvalTreeUtil.java","112583","236146","348729"
"2015-06-25","TestEvalTreeUtil.java","139613","360643","500256"
"2014-08-11","TestEvalTreeUtil.java","112012","172030","284042"
"2015-07-22","TestEvalTreeUtil.java","140301","362394","502695"
"2014-08-13","TestEvalTreeUtil.java","112017","172912","284929"
"2014-02-20","TestEvalTreeUtil.java","2083","4664","6747"
"2015-11-18","TestEvalTreeUtil.java","141565","405415","546980"
"2015-04-18","TestEvalTreeUtil.java","138990","312181","451171"
"2015-08-19","TestEvalTreeUtil.java","140762","373847","514609"
"2015-09-23","TestEvalTreeUtil.java","141422","398863","540285"
"2014-08-18","TestEvalTreeUtil.java","112033","173101","285134"
"2014-08-20","TestEvalTreeUtil.java","112034","175345","287379"
"2015-06-02","TestEvalTreeUtil.java","146994","350370","497364"
"2014-10-15","TestEvalTreeUtil.java","117170","226973","344143"
"2015-06-25","TestEvalTreeUtil.java","147333","354603","501936"
"2014-08-11","TestEvalTreeUtil.java","116292","162550","278842"
"2015-07-22","TestEvalTreeUtil.java","148435","356768","505203"
"2014-08-13","TestEvalTreeUtil.java","116300","163435","279735"
"2015-11-18","TestEvalTreeUtil.java","150574","400664","551238"
"2015-04-18","TestEvalTreeUtil.java","146559","305990","452549"
"2015-08-19","TestEvalTreeUtil.java","149437","368762","518199"
"2015-09-23","TestEvalTreeUtil.java","150362","394043","544405"
"2014-08-18","TestEvalTreeUtil.java","116320","163628","279948"
"2014-08-20","TestEvalTreeUtil.java","116376","165927","282303"
"2015-06-25","TestEvalTreeUtil.java","4342","8236","12578"
"2015-07-22","TestEvalTreeUtil.java","21810","26767","48577"
"2015-11-18","TestEvalTreeUtil.java","127511","174225","301736"
"2015-08-19","TestEvalTreeUtil.java","114305","130254","244559"
"2015-09-23","TestEvalTreeUtil.java","124766","165071","289837"
"2015-06-02","TestEvalTreeUtil.java","103483","197056","300539"
"2015-06-25","TestEvalTreeUtil.java","104719","202186","306905"
"2015-07-22","TestEvalTreeUtil.java","111293","209823","321116"
"2015-11-18","TestEvalTreeUtil.java","149847","290134","439981"
"2015-04-18","TestEvalTreeUtil.java","92487","142115","234602"
"2015-08-19","TestEvalTreeUtil.java","143300","252822","396122"
"2015-09-23","TestEvalTreeUtil.java","149016","282894","431910"
"2015-12-03","LogicalNodeDeserializer.java","1844","3761","5605"
"2014-01-17","TestEvalTreeUtil.java","32025","80575","112600"
"2014-02-17","TestEvalTreeUtil.java","46617","102473","149090"
"2014-03-20","TestEvalTreeUtil.java","52377","121993","174370"
"2015-06-02","TestEvalTreeUtil.java","97270","370262","467532"
"2014-10-15","TestEvalTreeUtil.java","96000","275419","371419"
"2015-06-25","TestEvalTreeUtil.java","97270","374156","471426"
"2014-08-11","TestEvalTreeUtil.java","95754","211628","307382"
"2015-07-22","TestEvalTreeUtil.java","97763","375712","473475"
"2014-08-13","TestEvalTreeUtil.java","95754","212505","308259"
"2014-02-20","TestEvalTreeUtil.java","47053","105490","152543"
"2015-11-18","TestEvalTreeUtil.java","98402","418108","516510"
"2013-12-18","TestEvalTreeUtil.java","24449","63045","87494"
"2014-01-25","TestEvalTreeUtil.java","33279","84381","117660"
"2015-04-18","TestEvalTreeUtil.java","97299","326346","423645"
"2015-08-19","TestEvalTreeUtil.java","97989","386930","484919"
"2015-09-23","TestEvalTreeUtil.java","98335","411632","509967"
"2014-08-18","TestEvalTreeUtil.java","95762","212686","308448"
"2014-08-20","TestEvalTreeUtil.java","95764","214931","310695"
"2015-07-22","TestEvalTreeUtil.java","19007","20070","39077"
"2015-11-18","TestEvalTreeUtil.java","127081","169901","296982"
"2015-08-19","TestEvalTreeUtil.java","113390","125445","238835"
"2015-09-23","TestEvalTreeUtil.java","124229","160640","284869"
"2015-06-02","TestEvalTreeUtil.java","98124","255242","353366"
"2014-10-15","TestEvalTreeUtil.java","4399","67944","72343"
"2015-06-25","TestEvalTreeUtil.java","99093","260105","359198"
"2015-07-22","TestEvalTreeUtil.java","105001","267076","372077"
"2014-08-13","TestEvalTreeUtil.java","208","1085","1293"
"2015-11-18","TestEvalTreeUtil.java","140016","343848","483864"
"2015-04-18","TestEvalTreeUtil.java","88636","201809","290445"
"2015-08-19","TestEvalTreeUtil.java","133827","306894","440721"
"2015-09-23","TestEvalTreeUtil.java","139331","336754","476085"
"2014-08-18","TestEvalTreeUtil.java","283","1333","1616"
"2014-08-20","TestEvalTreeUtil.java","479","3772","4251"
"2014-01-17","TestEvalTreeUtil.java","33046","100368","133414"
"2014-02-17","TestEvalTreeUtil.java","44219","118847","163066"
"2014-03-20","TestEvalTreeUtil.java","46502","134890","181392"
"2015-06-02","TestEvalTreeUtil.java","81960","373724","455684"
"2014-10-15","TestEvalTreeUtil.java","80753","278944","359697"
"2013-10-04","TestEvalTreeUtil.java","9847","28619","38466"
"2015-06-25","TestEvalTreeUtil.java","81960","377618","459578"
"2014-08-11","TestEvalTreeUtil.java","80524","215170","295694"
"2015-07-22","TestEvalTreeUtil.java","82392","379113","461505"
"2014-08-13","TestEvalTreeUtil.java","80524","216047","296571"
"2014-02-20","TestEvalTreeUtil.java","44551","121760","166311"
"2015-11-18","TestEvalTreeUtil.java","83037","421515","504552"
"2013-12-18","TestEvalTreeUtil.java","26979","84347","111326"
"2014-01-25","TestEvalTreeUtil.java","33962","103836","137798"
"2015-04-18","TestEvalTreeUtil.java","82006","329825","411831"
"2015-08-19","TestEvalTreeUtil.java","82652","390365","473017"
"2015-09-23","TestEvalTreeUtil.java","82989","415058","498047"
"2014-08-18","TestEvalTreeUtil.java","80531","216227","296758"
"2014-08-20","TestEvalTreeUtil.java","80533","218472","299005"
"2015-08-19","LogicalNodeSerializer.java","102010","183098","285108"
"2015-07-22","LogicalNodeSerializer.java","60435","130697","191132"
"2015-05-27","LogicalNodeSerializer.java","47050","111962","159012"
"2015-10-09","LogicalNodeSerializer.java","110513","220504","331017"
"2015-03-13","LogicalNodeSerializer.java","23033","29473","52506"
"2015-07-30","LogicalNodeSerializer.java","65395","138862","204257"
"2015-06-24","LogicalNodeSerializer.java","51225","120322","171547"
"2015-09-24","LogicalNodeSerializer.java","109971","215908","325879"
"2015-09-23","LogicalNodeSerializer.java","109580","214558","324138"
"2015-11-18","TestEvalTreeUtil.java","117470","159227","276697"
"2015-08-19","TestEvalTreeUtil.java","103099","114091","217190"
"2015-09-23","TestEvalTreeUtil.java","114263","149611","263874"
"2015-10-09","LogicalNodeSerializer.java","24832","53735","78567"
"2015-09-24","LogicalNodeSerializer.java","23480","48329","71809"
"2015-09-23","LogicalNodeSerializer.java","22425","46315","68740"
"2014-01-17","TestEvalTreeUtil.java","40534","114409","154943"
"2014-02-17","TestEvalTreeUtil.java","50711","131892","182603"
"2014-03-20","TestEvalTreeUtil.java","51937","146878","198815"
"2015-06-02","TestEvalTreeUtil.java","76682","374999","451681"
"2014-10-15","TestEvalTreeUtil.java","75666","280410","356076"
"2013-10-04","TestEvalTreeUtil.java","22126","47451","69577"
"2015-06-25","TestEvalTreeUtil.java","76682","378893","455575"
"2014-08-11","TestEvalTreeUtil.java","75454","216653","292107"
"2013-09-04","TestEvalTreeUtil.java","15147","21700","36847"
"2015-07-22","TestEvalTreeUtil.java","77102","380376","457478"
"2014-08-13","TestEvalTreeUtil.java","75454","217530","292984"
"2014-02-20","TestEvalTreeUtil.java","50878","134640","185518"
"2015-11-18","TestEvalTreeUtil.java","77702","422733","500435"
"2013-08-19","TestEvalTreeUtil.java","11159","12210","23369"
"2013-12-18","TestEvalTreeUtil.java","36416","100337","136753"
"2014-01-25","TestEvalTreeUtil.java","41278","117705","158983"
"2015-04-18","TestEvalTreeUtil.java","76730","331102","407832"
"2015-08-19","TestEvalTreeUtil.java","77337","391603","468940"
"2015-09-23","TestEvalTreeUtil.java","77668","416290","493958"
"2014-08-18","TestEvalTreeUtil.java","75463","217712","293175"
"2014-08-20","TestEvalTreeUtil.java","75465","219957","295422"
"2015-06-02","TestEvalTreeUtil.java","98603","254844","353447"
"2014-10-15","TestEvalTreeUtil.java","4199","66867","71066"
"2015-06-25","TestEvalTreeUtil.java","99573","259708","359281"
"2015-07-22","TestEvalTreeUtil.java","105482","266680","372162"
"2015-11-18","TestEvalTreeUtil.java","140752","343707","484459"
"2015-04-18","TestEvalTreeUtil.java","89070","201366","290436"
"2015-08-19","TestEvalTreeUtil.java","134563","306753","441316"
"2015-09-23","TestEvalTreeUtil.java","140067","336613","476680"
"2014-08-18","TestEvalTreeUtil.java","75","248","323"
"2014-08-20","TestEvalTreeUtil.java","274","2690","2964"
"2015-08-19","LogicalNodeSerializer.java","103093","113919","217012"
"2015-10-09","LogicalNodeSerializer.java","115364","155093","270457"
"2015-07-30","LogicalNodeSerializer.java","6598","9803","16401"
"2015-09-24","LogicalNodeSerializer.java","114301","149976","264277"
"2015-09-23","LogicalNodeSerializer.java","113376","148092","261468"
"2014-08-13","TestTextDatum.java","82346","218529","300875"
"2013-09-14","TestTextDatum.java","29292","38661","67953"
"2014-03-20","TestEvalTreeUtil.java","12184","23363","35547"
"2015-06-02","TestEvalTreeUtil.java","141515","356070","497585"
"2014-10-15","TestEvalTreeUtil.java","114568","235550","350118"
"2015-06-25","TestEvalTreeUtil.java","141807","360256","502063"
"2014-08-11","TestEvalTreeUtil.java","113981","171418","285399"
"2015-07-22","TestEvalTreeUtil.java","142539","362051","504590"
"2014-08-13","TestEvalTreeUtil.java","113986","172300","286286"
"2015-11-18","TestEvalTreeUtil.java","143928","405197","549125"
"2015-04-18","TestEvalTreeUtil.java","141173","311783","452956"
"2015-08-19","TestEvalTreeUtil.java","143214","373718","516932"
"2015-09-23","TestEvalTreeUtil.java","143886","398746","542632"
"2014-08-18","TestEvalTreeUtil.java","114006","172493","286499"
"2014-08-20","TestEvalTreeUtil.java","114007","174737","288744"
"2015-08-19","LogicalNodeSerializer.java","115980","132156","248136"
"2015-07-22","LogicalNodeSerializer.java","24180","29530","53710"
"2015-10-09","LogicalNodeSerializer.java","127224","172303","299527"
"2015-07-30","LogicalNodeSerializer.java","30436","38991","69427"
"2015-06-24","LogicalNodeSerializer.java","6558","10743","17301"
"2015-09-24","LogicalNodeSerializer.java","126509","167534","294043"
"2015-09-23","LogicalNodeSerializer.java","125699","165765","291464"
"2014-08-13","TestTextDatum.java","88934","215748","304682"
"2013-12-30","TestTimeDatum.java","10629","17073","27702"
"2014-05-22","TestTimestampDatum.java","121399","187728","309127"
"2015-03-03","TestTimestampDatum.java","122810","302198","425008"
"2013-12-11","TestTimestampDatum.java","857","1939","2796"
"2015-06-02","TestTimestampDatum.java","125529","366025","491554"
"2014-11-25","TestTimestampDatum.java","122584","280793","403377"
"2014-03-27","TestTimestampDatum.java","50906","89092","139998"
"2015-03-03","TestTimestampDatum.java","80719","193778","274497"
"2015-06-02","TestTimestampDatum.java","94265","268432","362697"
"2014-11-25","TestTimestampDatum.java","45419","137299","182718"
"2014-01-17","TestEvalTreeUtil.java","36229","109053","145282"
"2014-02-17","TestEvalTreeUtil.java","46464","126594","173058"
"2014-03-20","TestEvalTreeUtil.java","48087","141977","190064"
"2015-06-02","TestEvalTreeUtil.java","77057","374323","451380"
"2014-10-15","TestEvalTreeUtil.java","75940","279633","355573"
"2013-10-04","TestEvalTreeUtil.java","15062","39336","54398"
"2015-06-25","TestEvalTreeUtil.java","77057","378217","455274"
"2014-08-11","TestEvalTreeUtil.java","75714","215862","291576"
"2013-09-04","TestEvalTreeUtil.java","6699","12201","18900"
"2015-07-22","TestEvalTreeUtil.java","77488","379711","457199"
"2014-08-13","TestEvalTreeUtil.java","75714","216739","292453"
"2014-02-20","TestEvalTreeUtil.java","46738","129449","176187"
"2015-11-18","TestEvalTreeUtil.java","78120","422100","500220"
"2013-12-18","TestEvalTreeUtil.java","30602","93472","124074"
"2014-01-25","TestEvalTreeUtil.java","36963","112339","149302"
"2015-04-18","TestEvalTreeUtil.java","77105","330426","407531"
"2015-08-19","TestEvalTreeUtil.java","77745","390960","468705"
"2015-09-23","TestEvalTreeUtil.java","78077","415648","493725"
"2014-08-18","TestEvalTreeUtil.java","75721","216919","292640"
"2014-08-20","TestEvalTreeUtil.java","75723","219164","294887"
"2015-06-02","TestTimestampDatum.java","29716","90824","120540"
"2014-05-22","TestTimestampDatum.java","121562","186809","308371"
"2015-03-03","TestTimestampDatum.java","122971","301277","424248"
"2015-06-02","TestTimestampDatum.java","126244","365658","491902"
"2014-11-25","TestTimestampDatum.java","122745","279872","402617"
"2014-03-27","TestTimestampDatum.java","50635","87739","138374"
"2014-01-17","TestEvalTreeUtil.java","15418","25372","40790"
"2014-02-17","TestEvalTreeUtil.java","40416","57676","98092"
"2014-03-20","TestEvalTreeUtil.java","50948","81968","132916"
"2015-06-02","TestEvalTreeUtil.java","130812","365208","496020"
"2014-10-15","TestEvalTreeUtil.java","126996","267819","394815"
"2015-06-25","TestEvalTreeUtil.java","130811","369101","499912"
"2014-08-11","TestEvalTreeUtil.java","126726","204004","330730"
"2015-07-22","TestEvalTreeUtil.java","131358","370711","502069"
"2014-08-13","TestEvalTreeUtil.java","126727","204882","331609"
"2014-02-20","TestEvalTreeUtil.java","41597","61438","103035"
"2015-11-18","TestEvalTreeUtil.java","132234","413344","545578"
"2014-01-25","TestEvalTreeUtil.java","17596","30102","47698"
"2015-04-18","TestEvalTreeUtil.java","130652","321103","451755"
"2015-08-19","TestEvalTreeUtil.java","131740","382085","513825"
"2015-09-23","TestEvalTreeUtil.java","132114","406815","538929"
"2014-08-18","TestEvalTreeUtil.java","126737","205065","331802"
"2014-08-20","TestEvalTreeUtil.java","126740","207311","334051"
"2014-02-17","TestEvalTreeUtil.java","24156","28910","53066"
"2014-03-20","TestEvalTreeUtil.java","36055","54569","90624"
"2015-06-02","TestEvalTreeUtil.java","135995","357885","493880"
"2014-10-15","TestEvalTreeUtil.java","129692","258009","387701"
"2015-06-25","TestEvalTreeUtil.java","136285","362069","498354"
"2014-08-11","TestEvalTreeUtil.java","129211","193983","323194"
"2015-07-22","TestEvalTreeUtil.java","136901","363748","500649"
"2014-08-13","TestEvalTreeUtil.java","129216","194865","324081"
"2014-02-20","TestEvalTreeUtil.java","25781","33116","58897"
"2015-11-18","TestEvalTreeUtil.java","138000","406604","544604"
"2015-04-18","TestEvalTreeUtil.java","135710","313655","449365"
"2015-08-19","TestEvalTreeUtil.java","137312","375151","512463"
"2015-09-23","TestEvalTreeUtil.java","137856","400051","537907"
"2014-08-18","TestEvalTreeUtil.java","129231","195053","324284"
"2014-08-20","TestEvalTreeUtil.java","129232","197297","326529"
"2015-06-02","TestEvalTreeUtil.java","19920","63865","83785"
"2015-06-25","TestEvalTreeUtil.java","22858","70697","93555"
"2015-07-22","TestEvalTreeUtil.java","35227","84129","119356"
"2015-11-18","TestEvalTreeUtil.java","95256","185915","281171"
"2015-08-19","TestEvalTreeUtil.java","83262","143156","226418"
"2015-09-23","TestEvalTreeUtil.java","92671","176921","269592"
"2015-03-03","TestTimestampDatum.java","56262","77441","133703"
"2015-06-02","TestTimestampDatum.java","78134","160421","238555"
"2015-08-19","LogicalNodeSerializer.java","87283","161931","249214"
"2015-07-22","LogicalNodeSerializer.java","42719","106541","149260"
"2015-05-27","LogicalNodeSerializer.java","26649","85121","111770"
"2015-10-09","LogicalNodeSerializer.java","96678","200229","296907"
"2015-07-30","LogicalNodeSerializer.java","48057","115084","163141"
"2015-06-24","LogicalNodeSerializer.java","31109","93766","124875"
"2015-09-24","LogicalNodeSerializer.java","96081","195578","291659"
"2015-09-23","LogicalNodeSerializer.java","95573","194111","289684"
"2015-08-19","LogicalNodeSerializer.java","98205","105826","204031"
"2015-10-09","LogicalNodeSerializer.java","112907","149431","262338"
"2015-09-24","LogicalNodeSerializer.java","111755","144225","255980"
"2015-09-23","LogicalNodeSerializer.java","110826","142337","253163"
"2014-05-22","TestTimestampDatum.java","115442","143585","259027"
"2015-03-03","TestTimestampDatum.java","142611","283813","426424"
"2015-06-02","TestTimestampDatum.java","147726","350036","497762"
"2014-11-25","TestTimestampDatum.java","128176","248199","376375"
"2015-11-18","TestEvalTreeUtil.java","27141","57906","85047"
"2015-09-23","TestEvalTreeUtil.java","23261","47617","70878"
"2015-09-03","TestMemoryRowBlock.java","120694","228204","348898"
"2015-11-26","TestMemoryRowBlock.java","127506","264948","392454"
"2015-08-19","LogicalNodeSerializer.java","114261","126252","240513"
"2015-07-22","LogicalNodeSerializer.java","20138","21303","41441"
"2015-10-09","LogicalNodeSerializer.java","125811","166705","292516"
"2015-07-30","LogicalNodeSerializer.java","26550","30920","57470"
"2015-09-24","LogicalNodeSerializer.java","125035","161875","286910"
"2015-09-23","LogicalNodeSerializer.java","124199","160080","284279"
"2015-10-09","LogicalNodeSerializer.java","1667","5721","7388"
"2015-11-26","TestMemoryRowBlock.java","15702","45634","61336"
"2015-10-09","LogicalNodeSerializer.java","2801","7814","10615"
"2015-09-24","LogicalNodeSerializer.java","1182","2141","3323"
"2015-11-18","TestEvalTreeUtil.java","4523","10932","15455"
"2015-06-02","TestEvalTreeUtil.java","98677","254745","353422"
"2014-10-15","TestEvalTreeUtil.java","4142","66637","70779"
"2015-06-25","TestEvalTreeUtil.java","99647","259609","359256"
"2015-07-22","TestEvalTreeUtil.java","105557","266582","372139"
"2015-11-18","TestEvalTreeUtil.java","140832","343614","484446"
"2015-04-18","TestEvalTreeUtil.java","89144","201267","290411"
"2015-08-19","TestEvalTreeUtil.java","134643","306660","441303"
"2015-09-23","TestEvalTreeUtil.java","140147","336520","476667"
"2014-08-20","TestEvalTreeUtil.java","206","2449","2655"
"2015-06-02","TestEvalTreeUtil.java","100278","254103","354381"
"2014-10-15","TestEvalTreeUtil.java","3992","64244","68236"
"2015-06-25","TestEvalTreeUtil.java","101252","258971","360223"
"2015-07-22","TestEvalTreeUtil.java","107174","265956","373130"
"2015-11-18","TestEvalTreeUtil.java","142671","343210","485881"
"2015-04-18","TestEvalTreeUtil.java","90721","200601","291322"
"2015-08-19","TestEvalTreeUtil.java","136483","306257","442740"
"2015-09-23","TestEvalTreeUtil.java","141986","336116","478102"
"2014-12-08","TestIntervalType.java","47149","141430","188579"
"2014-06-05","TestIntervalType.java","902","3612","4514"
"2014-05-22","TestIntervalType.java","2925","16860","19785"
"2014-12-08","TestIntervalType.java","46990","155206","202196"
"2014-06-05","TestIntervalType.java","3717","20362","24079"
"2015-09-17","StorageService.java","123914","158234","282148"
"2015-11-25","TablePropertyUtil.java","127059","169535","296594"
"2014-10-25","Target.java","75690","277886","353576"
"2014-01-17","Target.java","40534","114409","154943"
"2013-09-16","Target.java","18148","35202","53350"
"2013-12-18","Target.java","36416","100337","136753"
"2013-10-07","Target.java","22281","51496","73777"
"2014-12-08","TestIntervalType.java","47420","138991","186411"
"2014-08-23","TestPredicates.java","113448","264840","378288"
"2014-01-17","TestPredicates.java","27178","57397","84575"
"2013-10-17","TestPredicates.java","7978","7396","15374"
"2014-03-27","TestPredicates.java","54049","106269","160318"
"2014-04-08","TestPredicates.java","54521","114906","169427"
"2013-10-21","TestPredicates.java","9143","8632","17775"
"2013-10-22","TestPredicates.java","9189","8765","17954"
"2014-10-25","Target.java","128255","256576","384831"
"2014-08-23","TestPredicates.java","127846","249019","376865"
"2014-03-27","TestPredicates.java","38791","60792","99583"
"2014-04-08","TestPredicates.java","39595","69761","109356"
"2014-10-25","Target.java","90841","275983","366824"
"2014-01-17","Target.java","33977","90798","124775"
"2013-12-18","Target.java","27190","74057","101247"
"2013-10-07","Target.java","6543","18704","25247"
"2014-10-25","Target.java","127038","265313","392351"
"2014-01-17","Target.java","15418","25372","40790"
"2014-10-25","Target.java","99804","272785","372589"
"2014-01-17","Target.java","31900","76560","108460"
"2013-12-18","Target.java","23974","58680","82654"
"2014-10-25","TypeDeterminant.java","35808","106404","142212"
"2015-09-23","TypeDeterminant.java","133385","339775","473160"
"2015-10-09","TypeDeterminant.java","133668","345071","478739"
"2015-07-22","TypeDeterminant.java","101142","272816","373958"
"2014-10-08","TypeDeterminant.java","6109","76438","82547"
"2015-02-05","TypeDeterminant.java","78349","182678","261027"
"2015-02-05","TypeDeterminant.java","78349","182678","261027"
"2015-09-23","TypeDeterminant.java","123717","259511","383228"
"2015-10-09","TypeDeterminant.java","124328","265135","389463"
"2015-07-22","TypeDeterminant.java","85037","186115","271152"
"2015-02-05","TypeDeterminant.java","54267","88000","142267"
"2015-02-05","TypeDeterminant.java","54267","88000","142267"
"2015-10-09","TypeDeterminant.java","2801","7814","10615"
"2014-08-23","TestPredicates.java","111792","263766","375558"
"2014-01-17","TestPredicates.java","22356","53157","75513"
"2014-03-27","TestPredicates.java","49526","102328","151854"
"2014-04-08","TestPredicates.java","50028","110995","161023"
"2013-10-21","TestPredicates.java","1204","1275","2479"
"2013-10-22","TestPredicates.java","1253","1411","2664"
"2015-09-23","TypeDeterminant.java","113376","148092","261468"
"2015-10-09","TypeDeterminant.java","115364","155093","270457"
"2014-08-23","TestPredicates.java","116988","216160","333148"
"2014-04-08","TestPredicates.java","1292","9457","10749"
"2014-08-23","TestPredicates.java","120739","211746","332485"
"2014-10-25","TypeDeterminant.java","32917","33184","66101"
"2015-09-23","TypeDeterminant.java","148502","284563","433065"
"2015-10-09","TypeDeterminant.java","148949","290023","438972"
"2015-07-22","TypeDeterminant.java","111201","212546","323747"
"2015-02-05","TypeDeterminant.java","83727","117727","201454"
"2015-02-05","TypeDeterminant.java","83727","117727","201454"
"2014-08-23","TestPredicates.java","111601","263504","375105"
"2014-01-17","TestPredicates.java","21520","52250","73770"
"2014-03-27","TestPredicates.java","48796","101527","150323"
"2014-04-08","TestPredicates.java","49314","110210","159524"
"2013-10-22","TestPredicates.java","51","138","189"
"2014-08-23","TestPredicates.java","111681","263497","375178"
"2014-01-17","TestPredicates.java","21567","52210","73777"
"2014-03-27","TestPredicates.java","48846","101490","150336"
"2014-04-08","TestPredicates.java","49364","110173","159537"
"2013-12-23","TestSQLDateTimeTypes.java","48415","106907","155322"
"2014-05-22","TestSQLDateTimeTypes.java","82134","200335","282469"
"2014-05-22","TestSQLDateTimeTypes.java","125865","185574","311439"
"2015-08-04","TestSQLExpression.java","101952","286549","388501"
"2014-12-08","TestSQLExpression.java","47149","141430","188579"
"2014-05-22","TestSQLExpression.java","1884","13772","15656"
"2015-08-04","TestSQLExpression.java","100517","297002","397519"
"2014-12-08","TestSQLExpression.java","47312","153481","200793"
"2015-08-04","TestSQLExpression.java","90901","181217","272118"
"2014-10-25","TestSimpleDirectedGraph.java","90841","275983","366824"
"2015-07-14","TestSimpleDirectedGraph.java","92060","377794","469854"
"2015-10-09","TestSimpleDirectedGraph.java","93119","419068","512187"
"2013-10-04","TestSimpleDirectedGraph.java","6526","18509","25035"
"2015-11-03","TestSimpleDirectedGraph.java","93141","419899","513040"
"2015-07-14","TestSimpleDirectedGraph.java","77622","178214","255836"
"2015-10-09","TestSimpleDirectedGraph.java","124328","265135","389463"
"2015-11-03","TestSimpleDirectedGraph.java","124755","266371","391126"
"2014-05-22","TestSQLExpression.java","125764","186275","312039"
"2014-04-30","TestSQLExpression.java","125345","173968","299313"
"2015-08-04","TestSQLExpression.java","131217","376325","507542"
"2014-12-08","TestSQLExpression.java","126950","281742","408692"
"2013-12-23","TestSQLExpression.java","474","1101","1575"
"2015-10-09","TestSimpleDirectedGraph.java","124588","164803","289391"
"2015-11-03","TestSimpleDirectedGraph.java","125300","166324","291624"
"2015-11-03","TestSimpleDirectedGraph.java","1060","1869","2929"
"2015-09-23","TypeDeterminant.java","99490","201551","301041"
"2015-10-09","TypeDeterminant.java","100626","207700","308326"
"2015-07-22","TypeDeterminant.java","47947","115292","163239"
"2015-09-23","TypeDeterminant.java","99490","201551","301041"
"2015-10-09","TypeDeterminant.java","100626","207700","308326"
"2015-07-22","TypeDeterminant.java","47947","115292","163239"
"2014-10-25","TestSimpleDirectedGraph.java","99626","272785","372411"
"2015-07-14","TestSimpleDirectedGraph.java","100876","374627","475503"
"2015-10-09","TestSimpleDirectedGraph.java","101982","415948","517930"
"2015-11-03","TestSimpleDirectedGraph.java","102006","416781","518787"
"2014-05-22","TestSQLExpression.java","121463","187695","309158"
"2014-04-30","TestSQLExpression.java","121162","175506","296668"
"2015-08-04","TestSQLExpression.java","126270","377099","503369"
"2014-12-08","TestSQLExpression.java","122649","283162","405811"
"2013-12-20","TestSQLExpression.java","3482","9203","12685"
"2013-12-23","TestSQLExpression.java","3917","10265","14182"
"2014-05-22","TestSQLExpression.java","125964","185848","311812"
"2014-04-30","TestSQLExpression.java","125529","173525","299054"
"2015-08-04","TestSQLExpression.java","131409","375890","507299"
"2014-12-08","TestSQLExpression.java","127148","281313","408461"
"2014-10-25","TestSimpleUndirectedGraph.java","99626","272785","372411"
"2015-04-03","TestBuiltinFunctions.java","28153","37075","65228"
"2015-03-30","TestBuiltinFunctions.java","25953","35467","61420"
"2015-04-17","TestBuiltinFunctions.java","31719","46919","78638"
"2015-02-04","TestBuiltinFunctions.java","15414","14448","29862"
"2015-02-04","TestBuiltinFunctions.java","15414","14448","29862"
"2015-06-25","TestBuiltinFunctions.java","51185","118093","169278"
"2015-01-08","TestBuiltinFunctions.java","82704","312460","395164"
"2014-03-20","TestBuiltinFunctions.java","61564","150556","212120"
"2014-01-07","TestBuiltinFunctions.java","49915","112229","162144"
"2015-04-03","TestBuiltinFunctions.java","83604","322282","405886"
"2014-01-30","TestBuiltinFunctions.java","59631","130691","190322"
"2015-03-30","TestBuiltinFunctions.java","83604","322874","406478"
"2015-04-17","TestBuiltinFunctions.java","83604","328560","412164"
"2013-09-23","TestBuiltinFunctions.java","31300","43333","74633"
"2013-09-23","TestBuiltinFunctions.java","31306","43363","74669"
"2015-02-04","TestBuiltinFunctions.java","82704","311494","394198"
"2015-02-04","TestBuiltinFunctions.java","82704","311494","394198"
"2015-06-25","TestBuiltinFunctions.java","83566","380230","463796"
"2013-09-11","TestBitArrayTest.java","28568","34221","62789"
"2015-01-08","TestBuiltinFunctions.java","141599","282363","423962"
"2015-04-03","TestBuiltinFunctions.java","145043","294729","439772"
"2015-03-30","TestBuiltinFunctions.java","144957","295235","440192"
"2015-04-17","TestBuiltinFunctions.java","146543","302507","449050"
"2015-02-04","TestBuiltinFunctions.java","141656","281454","423110"
"2015-02-04","TestBuiltinFunctions.java","141656","281454","423110"
"2015-06-25","TestBuiltinFunctions.java","147333","355005","502338"
"2015-01-08","TestBuiltinFunctions.java","126303","293745","420048"
"2014-03-20","TestBuiltinFunctions.java","41182","67860","109042"
"2015-04-03","TestBuiltinFunctions.java","129058","305422","434480"
"2014-01-30","TestBuiltinFunctions.java","28313","37059","65372"
"2015-03-30","TestBuiltinFunctions.java","129032","305988","435020"
"2015-04-17","TestBuiltinFunctions.java","129684","312326","442010"
"2015-02-04","TestBuiltinFunctions.java","126328","292804","419132"
"2015-02-04","TestBuiltinFunctions.java","126328","292804","419132"
"2015-06-25","TestBuiltinFunctions.java","130254","364604","494858"
"2014-11-11","TestDateTimeUtil.java","44074","133165","177239"
"2015-11-26","EvalNodeToExprConverter.java","5892","9575","15467"
"2015-04-17","TestBuiltinFunctions.java","4688","10966","15654"
"2015-06-25","TestBuiltinFunctions.java","26656","84642","111298"
"2015-07-22","ExprFinder.java","134808","364207","499015"
"2015-08-14","ExprFinder.java","135186","373834","509020"
"2015-09-23","ExprFinder.java","135749","399864","535613"
"2015-08-14","ExprFinder.java","10815","20064","30879"
"2015-09-23","ExprFinder.java","113376","148092","261468"
"2015-09-23","ExprFinder.java","108801","134268","243069"
"2015-12-09","TestValidators.java","124922","267769","392691"
"2014-12-17","TestValidators.java","33905","58896","92801"
"2014-12-11","TestValidators.java","12862","29262","42124"
"2014-10-25","PlannerUtil.java","82572","278819","361391"
"2014-12-05","PlannerUtil.java","82592","294377","376969"
"2013-07-26","PlannerUtil.java","13947","7998","21945"
"2014-04-08","PlannerUtil.java","61921","160469","222390"
"2015-08-21","PlannerUtil.java","84219","392939","477158"
"2015-03-23","PlannerUtil.java","83594","320036","403630"
"2014-12-30","PlannerUtil.java","82703","312427","395130"
"2014-03-31","PlannerUtil.java","61876","155730","217606"
"2015-03-27","PlannerUtil.java","83604","322153","405757"
"2013-12-05","PlannerUtil.java","47339","96431","143770"
"2015-07-22","PlannerUtil.java","83983","381308","465291"
"2013-12-30","PlannerUtil.java","49243","108959","158202"
"2013-08-19","PlannerUtil.java","24236","19338","43574"
"2015-08-20","PlannerUtil.java","84219","392735","476954"
"2013-10-11","PlannerUtil.java","35302","72929","108231"
"2014-01-17","PlannerUtil.java","50436","118362","168798"
"2014-02-07","PlannerUtil.java","59857","133967","193824"
"2015-07-30","PlannerUtil.java","84059","384589","468648"
"2014-02-11","PlannerUtil.java","60372","134493","194865"
"2014-02-20","PlannerUtil.java","60665","137646","198311"
"2015-09-23","PlannerUtil.java","84547","417220","501767"
"2015-11-18","PlannerUtil.java","84576","423658","508234"
"2014-07-09","PlannerUtil.java","82121","207772","289893"
"2014-04-18","PlannerUtil.java","62067","164631","226698"
"2014-05-07","PlannerUtil.java","82117","188586","270703"
"2013-09-26","PlannerUtil.java","32311","43848","76159"
"2014-04-30","PlannerUtil.java","81946","188259","270205"
"2014-02-20","PlannerUtil.java","60749","138539","199288"
"2013-09-16","PlannerUtil.java","30877","41982","72859"
"2014-05-16","PlannerUtil.java","82133","193561","275694"
"2013-12-06","PlannerUtil.java","47353","96962","144315"
"2014-01-07","PlannerUtil.java","49915","112247","162162"
"2014-02-21","PlannerUtil.java","60863","138506","199369"
"2014-12-12","PlannerUtil.java","82600","306204","388804"
"2015-06-24","PlannerUtil.java","83566","379726","463292"
"2015-08-14","PlannerUtil.java","84209","390783","474992"
"2015-08-25","PlannerUtil.java","84220","393694","477914"
"2014-12-05","PlannerUtil.java","11258","26796","38054"
"2015-08-21","PlannerUtil.java","117833","230306","348139"
"2015-03-23","PlannerUtil.java","59260","99455","158715"
"2014-12-30","PlannerUtil.java","43647","77124","120771"
"2015-03-27","PlannerUtil.java","59770","102072","161842"
"2015-07-22","PlannerUtil.java","85037","186115","271152"
"2015-08-20","PlannerUtil.java","117831","230100","347931"
"2015-07-30","PlannerUtil.java","86568","190851","277419"
"2015-09-23","PlannerUtil.java","123979","260405","384384"
"2015-11-18","PlannerUtil.java","125128","267963","393091"
"2014-12-12","PlannerUtil.java","35492","62849","98341"
"2015-06-24","PlannerUtil.java","77333","177246","254579"
"2015-08-14","PlannerUtil.java","87981","198308","286289"
"2015-08-25","PlannerUtil.java","118116","231343","349459"
"2015-08-21","PlannerUtil.java","123555","220490","344045"
"2015-03-23","PlannerUtil.java","61099","85756","146855"
"2014-12-30","PlannerUtil.java","40208","58147","98355"
"2015-03-27","PlannerUtil.java","61634","88398","150032"
"2015-07-22","PlannerUtil.java","88828","174368","263196"
"2015-08-20","PlannerUtil.java","123553","220284","343837"
"2015-07-30","PlannerUtil.java","90511","179256","269767"
"2015-09-23","PlannerUtil.java","129791","250679","380470"
"2015-11-18","PlannerUtil.java","131001","258298","389299"
"2014-12-12","PlannerUtil.java","31016","42835","73851"
"2015-06-24","PlannerUtil.java","80064","164439","244503"
"2015-08-14","PlannerUtil.java","92024","186813","278837"
"2015-08-25","PlannerUtil.java","123839","221528","345367"
"2014-10-25","PlannerUtil.java","75690","277886","353576"
"2014-12-05","PlannerUtil.java","75709","293443","369152"
"2014-04-08","PlannerUtil.java","52347","156844","209191"
"2015-08-21","PlannerUtil.java","77339","392008","469347"
"2015-03-23","PlannerUtil.java","76710","319101","395811"
"2014-12-30","PlannerUtil.java","75819","311492","387311"
"2014-03-31","PlannerUtil.java","52284","152087","204371"
"2015-03-27","PlannerUtil.java","76720","321218","397938"
"2013-12-05","PlannerUtil.java","36118","91159","127277"
"2015-07-22","PlannerUtil.java","77102","380376","457478"
"2013-12-30","PlannerUtil.java","38465","104130","142595"
"2013-08-19","PlannerUtil.java","11159","12210","23369"
"2015-08-20","PlannerUtil.java","77339","391804","469143"
"2013-10-11","PlannerUtil.java","23940","67516","91456"
"2014-01-17","PlannerUtil.java","40534","114409","154943"
"2014-02-07","PlannerUtil.java","50033","130092","180125"
"2015-07-30","PlannerUtil.java","77179","383658","460837"
"2014-02-11","PlannerUtil.java","50548","130618","181166"
"2014-02-20","PlannerUtil.java","50860","133790","184650"
"2015-09-23","PlannerUtil.java","77668","416290","493958"
"2015-11-18","PlannerUtil.java","77702","422733","500435"
"2014-07-09","PlannerUtil.java","75237","206837","282074"
"2014-04-18","PlannerUtil.java","52497","161010","213507"
"2014-05-07","PlannerUtil.java","75233","187651","262884"
"2013-09-26","PlannerUtil.java","20283","37769","58052"
"2014-04-30","PlannerUtil.java","75058","187320","262378"
"2014-02-20","PlannerUtil.java","50996","134735","185731"
"2013-09-16","PlannerUtil.java","18148","35202","53350"
"2014-05-16","PlannerUtil.java","75249","192626","267875"
"2013-12-06","PlannerUtil.java","36154","91712","127866"
"2014-01-07","PlannerUtil.java","39283","107564","146847"
"2014-02-21","PlannerUtil.java","51133","134725","185858"
"2014-12-12","PlannerUtil.java","75716","305269","380985"
"2015-06-24","PlannerUtil.java","76682","378791","455473"
"2015-08-14","PlannerUtil.java","77329","389852","467181"
"2015-08-25","PlannerUtil.java","77340","392763","470103"
"2015-12-09","TestValidators.java","116854","234710","351564"
"2014-10-25","PlannerUtil.java","127845","225544","353389"
"2014-12-05","PlannerUtil.java","133193","246430","379623"
"2015-08-21","PlannerUtil.java","157280","367452","524732"
"2015-03-23","PlannerUtil.java","152121","290015","442136"
"2014-12-30","PlannerUtil.java","148730","279906","428636"
"2015-03-27","PlannerUtil.java","152359","292360","444719"
"2015-07-22","PlannerUtil.java","156141","354918","511059"
"2015-08-20","PlannerUtil.java","157279","367247","524526"
"2015-07-30","PlannerUtil.java","156359","358341","514700"
"2015-09-23","PlannerUtil.java","158136","392261","550397"
"2015-11-18","PlannerUtil.java","158525","399059","557584"
"2014-07-09","PlannerUtil.java","119590","146693","266283"
"2014-04-18","PlannerUtil.java","1750","5766","7516"
"2014-05-07","PlannerUtil.java","118616","126537","245153"
"2014-04-30","PlannerUtil.java","118334","126099","244433"
"2014-05-16","PlannerUtil.java","118767","131647","250414"
"2014-12-12","PlannerUtil.java","148453","273509","421962"
"2015-06-24","PlannerUtil.java","154974","352586","507560"
"2015-08-14","PlannerUtil.java","157042","365068","522110"
"2015-08-25","PlannerUtil.java","157281","368207","525488"
"2015-12-09","TestValidators.java","130611","257058","387669"
"2014-12-17","TestValidators.java","28014","36605","64619"
"2015-01-08","TestBuiltinFunctions.java","131661","290357","422018"
"2014-03-20","TestBuiltinFunctions.java","15558","33490","49048"
"2015-04-03","TestBuiltinFunctions.java","134556","302174","436730"
"2015-03-30","TestBuiltinFunctions.java","134529","302739","437268"
"2015-04-17","TestBuiltinFunctions.java","135469","309365","444834"
"2015-02-04","TestBuiltinFunctions.java","131686","289416","421102"
"2015-02-04","TestBuiltinFunctions.java","131686","289416","421102"
"2015-06-25","TestBuiltinFunctions.java","136076","361680","497756"
"2015-09-23","PlannerUtil.java","20710","44663","65373"
"2015-11-18","PlannerUtil.java","24608","54970","79578"
"2015-08-25","PlannerUtil.java","6213","6967","13180"
"2015-01-28","BenchmarkSet.java","82709","311328","394037"
"2015-09-01","BenchmarkSet.java","84320","393358","477678"
"2013-08-14","BenchmarkSet.java","22677","17814","40491"
"2013-10-14","BenchmarkSet.java","35803","73598","109401"
"2015-08-21","PlannerUtil.java","85742","158020","243762"
"2015-03-27","PlannerUtil.java","638","2745","3383"
"2015-07-22","PlannerUtil.java","40442","101325","141767"
"2015-08-20","PlannerUtil.java","85606","157680","243286"
"2015-07-30","PlannerUtil.java","45790","109878","155668"
"2015-09-23","PlannerUtil.java","94258","190489","284747"
"2015-11-18","PlannerUtil.java","96669","199309","295978"
"2015-06-24","PlannerUtil.java","28806","88524","117330"
"2015-08-14","PlannerUtil.java","47918","118050","165968"
"2015-08-25","PlannerUtil.java","86053","159085","245138"
"2015-09-01","BenchmarkSet.java","92547","172966","265513"
"2015-01-28","BenchmarkSet.java","76295","309777","386072"
"2015-09-01","BenchmarkSet.java","77973","391874","469847"
"2013-10-14","BenchmarkSet.java","18463","61121","79584"
"2015-08-21","PlannerUtil.java","103859","182855","286714"
"2015-03-23","PlannerUtil.java","26464","33182","59646"
"2015-03-27","PlannerUtil.java","27055","35880","62935"
"2015-07-22","PlannerUtil.java","61674","129275","190949"
"2015-08-20","PlannerUtil.java","103854","182646","286500"
"2015-07-30","PlannerUtil.java","66729","137535","204264"
"2015-09-23","PlannerUtil.java","111602","214551","326153"
"2015-11-18","PlannerUtil.java","113875","223233","337108"
"2015-06-24","PlannerUtil.java","52037","118473","170510"
"2015-08-14","PlannerUtil.java","68605","145455","214060"
"2015-08-25","PlannerUtil.java","104145","183895","288040"
"2015-01-28","BenchmarkSet.java","113977","304801","418778"
"2015-09-01","BenchmarkSet.java","115922","387165","503087"
"2014-10-25","PlannerUtil.java","124768","227161","351929"
"2014-12-05","PlannerUtil.java","130056","247987","378043"
"2014-04-08","PlannerUtil.java","849","5543","6392"
"2015-08-21","PlannerUtil.java","153209","368075","521284"
"2015-03-23","PlannerUtil.java","148149","290737","438886"
"2014-12-30","PlannerUtil.java","144795","280665","425460"
"2015-03-27","PlannerUtil.java","148386","293081","441467"
"2015-07-22","PlannerUtil.java","152080","355551","507631"
"2015-08-20","PlannerUtil.java","153208","367870","521078"
"2015-07-30","PlannerUtil.java","152293","358969","511262"
"2015-09-23","PlannerUtil.java","154050","392869","546919"
"2015-11-18","PlannerUtil.java","154434","399662","554096"
"2014-07-09","PlannerUtil.java","116619","148416","265035"
"2014-04-18","PlannerUtil.java","2437","11147","13584"
"2014-05-07","PlannerUtil.java","115658","128273","243931"
"2014-04-30","PlannerUtil.java","115380","127839","243219"
"2014-05-16","PlannerUtil.java","115802","133376","249178"
"2014-12-12","PlannerUtil.java","144518","274268","418786"
"2015-06-24","PlannerUtil.java","150913","353219","504132"
"2015-08-14","PlannerUtil.java","152971","365691","518662"
"2015-08-25","PlannerUtil.java","153210","368830","522040"
"2015-08-21","PlannerUtil.java","86663","156834","243497"
"2015-07-22","PlannerUtil.java","40736","99512","140248"
"2015-08-20","PlannerUtil.java","86527","156494","243021"
"2015-07-30","PlannerUtil.java","46110","108091","154201"
"2015-09-23","PlannerUtil.java","95256","189380","284636"
"2015-11-18","PlannerUtil.java","97733","198266","295999"
"2015-06-24","PlannerUtil.java","28807","86418","115225"
"2015-08-14","PlannerUtil.java","48416","116441","164857"
"2015-08-25","PlannerUtil.java","86974","157899","244873"
"2014-09-22","TPCH.java","82389","274013","356402"
"2014-02-17","TPCH.java","60532","135764","196296"
"2013-12-05","TPCH.java","47339","96431","143770"
"2014-02-27","TPCH.java","60867","138312","199179"
"2015-07-20","TPCH.java","83983","380705","464688"
"2014-10-25","PlannerUtil.java","119906","267061","386967"
"2014-12-05","PlannerUtil.java","120090","282783","402873"
"2014-04-08","PlannerUtil.java","51001","100457","151458"
"2015-08-21","PlannerUtil.java","123931","383559","507490"
"2015-03-23","PlannerUtil.java","122822","310172","432994"
"2014-12-30","PlannerUtil.java","120296","300928","421224"
"2014-03-31","PlannerUtil.java","50718","95480","146198"
"2015-03-27","PlannerUtil.java","122844","312301","435145"
"2015-07-22","PlannerUtil.java","123570","371803","495373"
"2013-12-30","PlannerUtil.java","11377","22001","33378"
"2015-08-20","PlannerUtil.java","123931","383355","507286"
"2014-01-17","PlannerUtil.java","17202","36036","53238"
"2014-02-07","PlannerUtil.java","39406","64424","103830"
"2015-07-30","PlannerUtil.java","123661","375099","498760"
"2014-02-11","PlannerUtil.java","39981","65010","104991"
"2014-02-20","PlannerUtil.java","41348","69237","110585"
"2015-09-23","PlannerUtil.java","124279","407860","532139"
"2015-11-18","PlannerUtil.java","124401","414391","538792"
"2014-07-09","PlannerUtil.java","119028","195587","314615"
"2014-04-18","PlannerUtil.java","51394","104866","156260"
"2014-05-07","PlannerUtil.java","118880","176257","295137"
"2014-04-30","PlannerUtil.java","118641","175862","294503"
"2014-02-20","PlannerUtil.java","41766","70464","112230"
"2014-05-16","PlannerUtil.java","118913","181249","300162"
"2013-12-06","PlannerUtil.java","292","809","1101"
"2014-01-07","PlannerUtil.java","14331","27571","41902"
"2014-02-21","PlannerUtil.java","42110","70661","112771"
"2014-12-12","PlannerUtil.java","120102","294614","414716"
"2015-06-24","PlannerUtil.java","123034","370102","493136"
"2015-08-14","PlannerUtil.java","123897","381379","505276"
"2015-08-25","PlannerUtil.java","123932","384314","508246"
"2015-08-21","PlannerUtil.java","104115","115510","219625"
"2015-08-20","PlannerUtil.java","103696","114887","218583"
"2015-07-30","PlannerUtil.java","6598","9803","16401"
"2015-09-23","PlannerUtil.java","114263","149611","263874"
"2015-11-18","PlannerUtil.java","117470","159227","276697"
"2015-08-14","PlannerUtil.java","10815","20064","30879"
"2015-08-25","PlannerUtil.java","104542","116691","221233"
"2015-07-20","TPCH.java","110311","215409","325720"
"2014-10-25","PlannerUtil.java","122367","258898","381265"
"2014-12-05","PlannerUtil.java","123535","275604","399139"
"2014-04-08","PlannerUtil.java","44886","83718","128604"
"2015-08-21","PlannerUtil.java","128904","377908","506812"
"2015-03-23","PlannerUtil.java","126469","303195","429664"
"2014-12-30","PlannerUtil.java","123750","293758","417508"
"2014-03-31","PlannerUtil.java","44465","78603","123068"
"2015-03-27","PlannerUtil.java","126478","305311","431789"
"2015-07-22","PlannerUtil.java","128319","365928","494247"
"2015-08-20","PlannerUtil.java","128904","377704","506608"
"2014-01-17","PlannerUtil.java","7041","15251","22292"
"2014-02-07","PlannerUtil.java","31925","46319","78244"
"2015-07-30","PlannerUtil.java","128409","369223","497632"
"2014-02-11","PlannerUtil.java","32521","46926","79447"
"2014-02-20","PlannerUtil.java","34096","51361","85457"
"2015-09-23","PlannerUtil.java","129285","402242","531527"
"2015-11-18","PlannerUtil.java","129437","408803","538240"
"2014-07-09","PlannerUtil.java","121396","187331","308727"
"2014-04-18","PlannerUtil.java","45674","88522","134196"
"2014-05-07","PlannerUtil.java","120912","167665","288577"
"2014-04-30","PlannerUtil.java","120673","167270","287943"
"2014-02-20","PlannerUtil.java","34559","52633","87192"
"2014-05-16","PlannerUtil.java","121000","172712","293712"
"2014-01-07","PlannerUtil.java","3306","5922","9228"
"2014-02-21","PlannerUtil.java","34953","52880","87833"
"2014-12-12","PlannerUtil.java","123555","287443","410998"
"2015-06-24","PlannerUtil.java","127711","364155","491866"
"2015-08-14","PlannerUtil.java","128685","375543","504228"
"2015-08-25","PlannerUtil.java","128905","378663","507568"
"2014-09-22","TPCH.java","112215","228607","340822"
"2014-02-27","TPCH.java","8092","10305","18397"
"2015-07-20","TPCH.java","140301","361791","502092"
"2014-09-22","TPCH.java","119650","262182","381832"
"2014-02-17","TPCH.java","40381","66521","106902"
"2014-02-27","TPCH.java","46869","75222","122091"
"2015-07-20","TPCH.java","123570","371200","494770"
"2014-09-22","TPCH.java","113364","227543","340907"
"2015-07-20","TPCH.java","141859","361136","502995"
"2014-10-25","PlannerUtil.java","75964","277109","353073"
"2014-12-05","PlannerUtil.java","75988","292671","368659"
"2014-04-08","PlannerUtil.java","48510","151956","200466"
"2015-08-21","PlannerUtil.java","77747","391365","469112"
"2015-03-23","PlannerUtil.java","77085","318425","395510"
"2014-12-30","PlannerUtil.java","76094","310716","386810"
"2014-03-31","PlannerUtil.java","48438","147190","195628"
"2015-03-27","PlannerUtil.java","77095","320542","397637"
"2013-12-05","PlannerUtil.java","30038","84028","114066"
"2015-07-22","PlannerUtil.java","77488","379711","457199"
"2013-12-30","PlannerUtil.java","33168","97782","130950"
"2015-08-20","PlannerUtil.java","77747","391161","468908"
"2013-10-11","PlannerUtil.java","16979","59504","76483"
"2014-01-17","PlannerUtil.java","36229","109053","145282"
"2014-02-07","PlannerUtil.java","45781","124789","170570"
"2015-07-30","PlannerUtil.java","77571","382999","460570"
"2014-02-11","PlannerUtil.java","46299","125318","171617"
"2014-02-20","PlannerUtil.java","46716","128595","175311"
"2015-09-23","PlannerUtil.java","78077","415648","493725"
"2015-11-18","PlannerUtil.java","78120","422100","500220"
"2014-07-09","PlannerUtil.java","75484","206033","281517"
"2014-04-18","PlannerUtil.java","48728","156190","204918"
"2014-05-07","PlannerUtil.java","75480","186847","262327"
"2013-09-26","PlannerUtil.java","13155","29590","42745"
"2014-04-30","PlannerUtil.java","75277","186488","261765"
"2014-02-20","PlannerUtil.java","46870","129558","176428"
"2013-09-16","PlannerUtil.java","10352","26355","36707"
"2014-05-16","PlannerUtil.java","75496","191822","267318"
"2013-12-06","PlannerUtil.java","30187","84694","114881"
"2014-01-07","PlannerUtil.java","34621","101851","136472"
"2014-02-21","PlannerUtil.java","47020","129561","176581"
"2014-12-12","PlannerUtil.java","75991","304493","380484"
"2015-06-24","PlannerUtil.java","77057","378115","455172"
"2015-08-14","PlannerUtil.java","77737","389209","466946"
"2015-08-25","PlannerUtil.java","77748","392120","469868"
"2015-08-21","PlannerUtil.java","469","673","1142"
"2015-09-23","PlannerUtil.java","21140","45297","66437"
"2015-11-18","PlannerUtil.java","25032","55598","80630"
"2015-08-25","PlannerUtil.java","6682","7640","14322"
"2014-10-25","PlannerUtil.java","113608","272228","385836"
"2014-12-05","PlannerUtil.java","113680","287838","401518"
"2014-04-08","PlannerUtil.java","54547","115468","170015"
"2015-08-21","PlannerUtil.java","115723","386816","502539"
"2015-03-23","PlannerUtil.java","114885","313700","428585"
"2014-12-30","PlannerUtil.java","113865","305962","419827"
"2014-03-31","PlannerUtil.java","54377","110604","164981"
"2015-03-27","PlannerUtil.java","114897","315819","430716"
"2013-12-05","PlannerUtil.java","17848","29313","47161"
"2015-07-22","PlannerUtil.java","115400","375098","490498"
"2013-12-30","PlannerUtil.java","22072","44161","66233"
"2015-08-20","PlannerUtil.java","115723","386612","502335"
"2014-01-17","PlannerUtil.java","27194","57493","84687"
"2014-02-07","PlannerUtil.java","45166","81649","126815"
"2015-07-30","PlannerUtil.java","115485","378388","493873"
"2014-02-11","PlannerUtil.java","45734","82228","127962"
"2014-02-20","PlannerUtil.java","46731","86085","132816"
"2015-09-23","PlannerUtil.java","116062","411108","527170"
"2015-11-18","PlannerUtil.java","116178","417633","533811"
"2014-07-09","PlannerUtil.java","112901","200925","313826"
"2014-04-18","PlannerUtil.java","54917","119854","174771"
"2014-05-07","PlannerUtil.java","112825","181667","294492"
"2014-04-30","PlannerUtil.java","112608","181294","293902"
"2014-02-20","PlannerUtil.java","47045","87208","134253"
"2014-05-16","PlannerUtil.java","112844","186645","299489"
"2013-12-06","PlannerUtil.java","18019","30001","48020"
"2014-01-07","PlannerUtil.java","24426","49131","73557"
"2014-02-21","PlannerUtil.java","47373","87389","134762"
"2014-12-12","PlannerUtil.java","113678","299655","413333"
"2015-06-24","PlannerUtil.java","114907","373440","488347"
"2015-08-14","PlannerUtil.java","115689","384636","500325"
"2015-08-25","PlannerUtil.java","115724","387571","503295"
"2014-10-25","PlannerUtil.java","128255","256576","384831"
"2014-12-05","PlannerUtil.java","129729","273588","403317"
"2014-04-08","PlannerUtil.java","39789","70411","110200"
"2015-08-21","PlannerUtil.java","135383","376177","511560"
"2015-03-23","PlannerUtil.java","132708","301224","433932"
"2014-12-30","PlannerUtil.java","129965","291763","421728"
"2014-03-31","PlannerUtil.java","39281","65209","104490"
"2015-03-27","PlannerUtil.java","132720","303343","436063"
"2015-07-22","PlannerUtil.java","134808","364207","499015"
"2015-08-20","PlannerUtil.java","135383","375973","511356"
"2014-02-07","PlannerUtil.java","25885","32069","57954"
"2015-07-30","PlannerUtil.java","134898","367502","502400"
"2014-02-11","PlannerUtil.java","26481","32676","59157"
"2014-02-20","PlannerUtil.java","28444","37499","65943"
"2015-09-23","PlannerUtil.java","135764","400511","536275"
"2015-11-18","PlannerUtil.java","135907","407063","542970"
"2014-07-09","PlannerUtil.java","127179","184904","312083"
"2014-04-18","PlannerUtil.java","40792","75430","116222"
"2014-05-07","PlannerUtil.java","126642","165185","291827"
"2014-04-30","PlannerUtil.java","126403","164790","291193"
"2014-02-20","PlannerUtil.java","28966","38830","67796"
"2014-05-16","PlannerUtil.java","126729","170231","296960"
"2014-02-21","PlannerUtil.java","29432","39149","68581"
"2014-12-12","PlannerUtil.java","129749","285427","415176"
"2015-06-24","PlannerUtil.java","134197","362431","496628"
"2015-08-14","PlannerUtil.java","135186","373834","509020"
"2015-08-25","PlannerUtil.java","135384","376932","512316"
"2014-10-25","PlannerUtil.java","117899","240036","357935"
"2014-12-05","PlannerUtil.java","121635","259310","380945"
"2014-04-08","PlannerUtil.java","15884","40322","56206"
"2015-08-21","PlannerUtil.java","139916","374526","514442"
"2015-03-23","PlannerUtil.java","136912","299244","436156"
"2014-12-30","PlannerUtil.java","134145","289759","423904"
"2014-03-31","PlannerUtil.java","15223","34967","50190"
"2015-03-27","PlannerUtil.java","137012","301451","438463"
"2015-07-22","PlannerUtil.java","139286","362501","501787"
"2015-08-20","PlannerUtil.java","139915","374321","514236"
"2015-07-30","PlannerUtil.java","139400","365820","505220"
"2014-02-11","PlannerUtil.java","697","708","1405"
"2014-02-20","PlannerUtil.java","3216","6087","9303"
"2015-09-23","PlannerUtil.java","140409","398972","539381"
"2015-11-18","PlannerUtil.java","140552","405524","546076"
"2014-07-09","PlannerUtil.java","110688","162229","272917"
"2014-04-18","PlannerUtil.java","17059","45513","62572"
"2014-05-07","PlannerUtil.java","110050","142409","252459"
"2014-04-30","PlannerUtil.java","109799","142002","251801"
"2014-02-20","PlannerUtil.java","3901","7581","11482"
"2014-05-16","PlannerUtil.java","110139","147457","257596"
"2014-02-21","PlannerUtil.java","4452","7985","12437"
"2014-12-12","PlannerUtil.java","133905","283399","417304"
"2015-06-24","PlannerUtil.java","138600","360650","499250"
"2015-08-14","PlannerUtil.java","139721","372185","511906"
"2015-08-25","PlannerUtil.java","139917","375281","515198"
"2015-04-03","TestBuiltinFunctions.java","2699","2107","4806"
"2015-04-17","TestBuiltinFunctions.java","7313","12999","20312"
"2015-06-25","TestBuiltinFunctions.java","29164","86558","115722"
"2014-10-15","CaseWhenEmitter.java","3456","13152","16608"
"2014-08-23","CompilationError.java","90651","268645","359296"
"2015-08-21","PlannerUtil.java","99237","107427","206664"
"2015-08-20","PlannerUtil.java","98818","106804","205622"
"2015-09-23","PlannerUtil.java","111715","143858","255573"
"2015-11-18","PlannerUtil.java","115107","153659","268766"
"2015-08-14","PlannerUtil.java","4536","10580","15116"
"2015-08-25","PlannerUtil.java","99780","108724","208504"
"2015-06-25","TestBuiltinFunctions.java","22792","74500","97292"
"2014-10-15","EvalCodeGenerator.java","3456","13152","16608"
"2015-04-02","EvalCodeGenerator.java","89742","138887","228629"
"2014-10-25","PlannerUtil.java","117866","239992","357858"
"2014-12-05","PlannerUtil.java","121608","259272","380880"
"2014-04-08","PlannerUtil.java","15314","39741","55055"
"2015-08-21","PlannerUtil.java","139927","374526","514453"
"2015-03-23","PlannerUtil.java","136923","299244","436167"
"2014-12-30","PlannerUtil.java","134144","289747","423891"
"2014-03-31","PlannerUtil.java","14653","34386","49039"
"2015-03-27","PlannerUtil.java","137023","301451","438474"
"2015-07-22","PlannerUtil.java","139297","362501","501798"
"2015-08-20","PlannerUtil.java","139926","374321","514247"
"2015-07-30","PlannerUtil.java","139411","365820","505231"
"2014-02-20","PlannerUtil.java","2526","5386","7912"
"2015-09-23","PlannerUtil.java","140420","398972","539392"
"2015-11-18","PlannerUtil.java","140563","405524","546087"
"2014-07-09","PlannerUtil.java","110647","162177","272824"
"2014-04-18","PlannerUtil.java","16489","44932","61421"
"2014-05-07","PlannerUtil.java","110009","142357","252366"
"2014-04-30","PlannerUtil.java","109758","141950","251708"
"2014-02-20","PlannerUtil.java","3214","6883","10097"
"2014-05-16","PlannerUtil.java","110098","147405","257503"
"2014-02-21","PlannerUtil.java","3765","7287","11052"
"2014-12-12","PlannerUtil.java","133904","283387","417291"
"2015-06-24","PlannerUtil.java","138611","360650","499261"
"2015-08-14","PlannerUtil.java","139732","372185","511917"
"2015-08-25","PlannerUtil.java","139928","375281","515209"
"2015-01-08","TestBuiltinFunctions.java","91873","309596","401469"
"2014-03-20","TestBuiltinFunctions.java","53158","130117","183275"
"2014-01-07","TestBuiltinFunctions.java","31149","81430","112579"
"2015-04-03","TestBuiltinFunctions.java","92894","319539","412433"
"2014-01-30","TestBuiltinFunctions.java","46513","105540","152053"
"2015-03-30","TestBuiltinFunctions.java","92891","320128","413019"
"2015-04-17","TestBuiltinFunctions.java","92894","325817","418711"
"2015-02-04","TestBuiltinFunctions.java","91875","308632","400507"
"2015-02-04","TestBuiltinFunctions.java","91875","308632","400507"
"2015-06-25","TestBuiltinFunctions.java","92866","377497","470363"
"2015-01-08","TestBuiltinFunctions.java","91897","309596","401493"
"2014-03-20","TestBuiltinFunctions.java","53174","130109","183283"
"2014-01-07","TestBuiltinFunctions.java","31157","81414","112571"
"2015-04-03","TestBuiltinFunctions.java","92918","319539","412457"
"2014-01-30","TestBuiltinFunctions.java","46529","105532","152061"
"2015-03-30","TestBuiltinFunctions.java","92915","320128","413043"
"2015-04-17","TestBuiltinFunctions.java","92918","325817","418735"
"2015-02-04","TestBuiltinFunctions.java","91899","308632","400531"
"2015-02-04","TestBuiltinFunctions.java","91899","308632","400531"
"2015-06-25","TestBuiltinFunctions.java","92890","377497","470387"
"2015-04-03","TestBuiltinFunctions.java","13106","22994","36100"
"2015-03-30","TestBuiltinFunctions.java","10844","21324","32168"
"2015-04-17","TestBuiltinFunctions.java","16722","32888","49610"
"2015-06-25","TestBuiltinFunctions.java","37051","104925","141976"
"2015-04-03","TestBuiltinFunctions.java","13106","22994","36100"
"2015-03-30","TestBuiltinFunctions.java","10844","21324","32168"
"2015-04-17","TestBuiltinFunctions.java","16722","32888","49610"
"2015-06-25","TestBuiltinFunctions.java","37051","104925","141976"
"2014-08-23","TestConditionalExpressions.java","120933","208941","329874"
"2014-06-05","TestConditionalExpressions.java","119141","139210","258351"
"2015-04-02","EvalCodeGenerator.java","89243","128692","217935"
"2014-10-25","PlannerUtil.java","119757","239023","358780"
"2014-12-05","PlannerUtil.java","123573","258377","381950"
"2014-04-08","PlannerUtil.java","13893","35460","49353"
"2015-08-21","PlannerUtil.java","142551","374290","516841"
"2015-03-23","PlannerUtil.java","139101","298562","437663"
"2014-12-30","PlannerUtil.java","136078","288821","424899"
"2014-03-31","PlannerUtil.java","13234","30107","43341"
"2015-03-27","PlannerUtil.java","139288","300856","440144"
"2015-07-22","PlannerUtil.java","141710","362054","503764"
"2015-08-20","PlannerUtil.java","142550","374085","516635"
"2015-07-30","PlannerUtil.java","141830","365379","507209"
"2015-09-23","PlannerUtil.java","143056","398748","541804"
"2015-11-18","PlannerUtil.java","143098","405199","548297"
"2014-07-09","PlannerUtil.java","112132","160802","272934"
"2014-04-18","PlannerUtil.java","15057","40640","55697"
"2014-05-07","PlannerUtil.java","111425","140913","252338"
"2014-04-30","PlannerUtil.java","111165","140497","251662"
"2014-05-16","PlannerUtil.java","111513","145960","257473"
"2014-02-21","PlannerUtil.java","1264","1926","3190"
"2014-12-12","PlannerUtil.java","135870","282493","418363"
"2015-06-24","PlannerUtil.java","140980","360159","501139"
"2015-08-14","PlannerUtil.java","142356","371949","514305"
"2015-08-25","PlannerUtil.java","142552","375045","517597"
"2015-11-18","PlannerUtil.java","4523","10932","15455"
"2015-10-09","ExecutorPreCompiler.java","124328","265135","389463"
"2015-07-22","ExecutorPreCompiler.java","85037","186115","271152"
"2014-10-25","ExecutorPreCompiler.java","34831","41979","76810"
"2015-10-09","ExecutorPreCompiler.java","146155","294110","440265"
"2015-07-22","ExecutorPreCompiler.java","109298","217524","326822"
"2014-10-25","PlannerUtil.java","35808","106404","142212"
"2014-12-05","PlannerUtil.java","44480","130614","175094"
"2015-08-21","PlannerUtil.java","128199","311268","439467"
"2015-03-23","PlannerUtil.java","82485","193276","275761"
"2014-12-30","PlannerUtil.java","69715","173788","243503"
"2015-03-27","PlannerUtil.java","82800","195698","278498"
"2015-07-22","PlannerUtil.java","101142","272816","373958"
"2015-08-20","PlannerUtil.java","128197","311062","439259"
"2015-07-30","PlannerUtil.java","102351","277230","379581"
"2015-09-23","PlannerUtil.java","133471","340493","473964"
"2015-11-18","PlannerUtil.java","134154","347585","481739"
"2014-12-12","PlannerUtil.java","63548","161501","225049"
"2015-06-24","PlannerUtil.java","95301","265810","361111"
"2015-08-14","PlannerUtil.java","103454","284377","387831"
"2015-08-25","PlannerUtil.java","128475","312298","440773"
"2014-10-25","PlannerUtil.java","128748","222431","351179"
"2014-12-05","PlannerUtil.java","134566","243787","378353"
"2015-08-21","PlannerUtil.java","159935","366091","526026"
"2015-03-23","PlannerUtil.java","154446","288324","442770"
"2014-12-30","PlannerUtil.java","151024","278184","429208"
"2015-03-27","PlannerUtil.java","154686","290671","445357"
"2015-07-22","PlannerUtil.java","158729","353490","512219"
"2015-08-20","PlannerUtil.java","159934","365886","525820"
"2015-07-30","PlannerUtil.java","158960","356926","515886"
"2015-09-23","PlannerUtil.java","160837","390946","551783"
"2015-11-18","PlannerUtil.java","161242","397760","559002"
"2014-07-09","PlannerUtil.java","120030","143117","263147"
"2014-05-07","PlannerUtil.java","119004","122909","241913"
"2014-04-30","PlannerUtil.java","118717","122466","241183"
"2014-05-16","PlannerUtil.java","119189","128053","247242"
"2014-12-12","PlannerUtil.java","150743","271783","422526"
"2015-06-24","PlannerUtil.java","157498","351094","508592"
"2015-08-14","PlannerUtil.java","159682","363692","523374"
"2015-08-25","PlannerUtil.java","159936","366846","526782"
"2014-10-25","PlannerUtil.java","39181","128959","168140"
"2014-12-05","PlannerUtil.java","47062","152378","199440"
"2015-08-21","PlannerUtil.java","121304","323555","444859"
"2015-03-23","PlannerUtil.java","83399","213372","296771"
"2014-12-30","PlannerUtil.java","71514","194769","266283"
"2015-03-27","PlannerUtil.java","83707","215787","299494"
"2015-07-22","PlannerUtil.java","99111","289967","389078"
"2015-08-20","PlannerUtil.java","121302","323349","444651"
"2015-07-30","PlannerUtil.java","100145","294206","394351"
"2015-09-23","PlannerUtil.java","126081","352285","478366"
"2015-11-18","PlannerUtil.java","126694","359307","486001"
"2014-07-09","PlannerUtil.java","7736","26918","34654"
"2014-05-16","PlannerUtil.java","456","5415","5871"
"2014-12-12","PlannerUtil.java","65730","182865","248595"
"2015-06-24","PlannerUtil.java","93841","283532","377373"
"2015-08-14","PlannerUtil.java","101199","301304","402503"
"2015-08-25","PlannerUtil.java","121581","324586","446167"
"2014-10-25","PlannerUtil.java","91118","275828","366946"
"2014-12-05","PlannerUtil.java","91158","291406","382564"
"2014-04-08","PlannerUtil.java","52432","139443","191875"
"2015-08-21","PlannerUtil.java","93037","390220","483257"
"2015-03-23","PlannerUtil.java","92356","317261","409617"
"2014-12-30","PlannerUtil.java","91347","309534","400881"
"2014-03-31","PlannerUtil.java","52285","134602","186887"
"2015-03-27","PlannerUtil.java","92366","319378","411744"
"2013-12-05","PlannerUtil.java","23938","61493","85431"
"2015-07-22","PlannerUtil.java","92776","378564","471340"
"2013-12-30","PlannerUtil.java","27564","75743","103307"
"2015-08-20","PlannerUtil.java","93037","390016","483053"
"2013-10-11","PlannerUtil.java","7553","33643","41196"
"2014-01-17","PlannerUtil.java","32032","88421","120453"
"2014-02-07","PlannerUtil.java","45441","108014","153455"
"2015-07-30","PlannerUtil.java","92859","381852","474711"
"2014-02-11","PlannerUtil.java","45996","108580","154576"
"2014-02-20","PlannerUtil.java","46605","112049","158654"
"2015-09-23","PlannerUtil.java","93374","414510","507884"
"2015-11-18","PlannerUtil.java","93439","420984","514423"
"2014-07-09","PlannerUtil.java","90463","204577","295040"
"2014-04-18","PlannerUtil.java","52708","143735","196443"
"2014-05-07","PlannerUtil.java","90446","185378","275824"
"2014-04-30","PlannerUtil.java","90240","185016","275256"
"2014-02-20","PlannerUtil.java","46882","113135","160017"
"2014-05-16","PlannerUtil.java","90462","190353","280815"
"2013-12-06","PlannerUtil.java","24105","62177","86282"
"2014-01-07","PlannerUtil.java","29677","80472","110149"
"2014-02-21","PlannerUtil.java","47199","113305","160504"
"2014-12-12","PlannerUtil.java","91162","303229","394391"
"2015-06-24","PlannerUtil.java","92341","376964","469305"
"2015-08-14","PlannerUtil.java","93027","388064","481091"
"2015-08-25","PlannerUtil.java","93038","390975","484013"
"2015-10-09","ExecutorPreCompiler.java","115364","155093","270457"
"2014-08-23","TestConditionalExpressions.java","9385","77324","86709"
"2014-10-25","PlannerUtil.java","39430","129364","168794"
"2014-12-05","PlannerUtil.java","47297","152769","200066"
"2015-08-21","PlannerUtil.java","121361","323768","445129"
"2015-03-23","PlannerUtil.java","83609","213738","297347"
"2014-12-30","PlannerUtil.java","71735","195146","266881"
"2015-03-27","PlannerUtil.java","83912","216148","300060"
"2015-07-22","PlannerUtil.java","99200","290212","389412"
"2015-08-20","PlannerUtil.java","121359","323562","444921"
"2015-07-30","PlannerUtil.java","100234","294451","394685"
"2015-09-23","PlannerUtil.java","126138","352498","478636"
"2015-11-18","PlannerUtil.java","126747","359516","486263"
"2014-07-09","PlannerUtil.java","8079","27417","35496"
"2014-05-07","PlannerUtil.java","347","503","850"
"2014-05-16","PlannerUtil.java","803","5918","6721"
"2014-12-12","PlannerUtil.java","65953","183244","249197"
"2015-06-24","PlannerUtil.java","93938","283785","377723"
"2015-08-14","PlannerUtil.java","101288","301549","402837"
"2015-08-25","PlannerUtil.java","121638","324799","446437"
"2014-12-08","TestDateTimeFunctions.java","47149","141430","188579"
"2014-06-05","TestDateTimeFunctions.java","902","3612","4514"
"2014-08-23","TajoClassLoader.java","90651","268645","359296"
"2015-03-03","TajoGeneratorAdapter.java","55071","90303","145374"
"2014-10-25","TajoGeneratorAdapter.java","34831","41979","76810"
"2014-10-15","TajoGeneratorAdapter.java","3456","13152","16608"
"2015-03-03","TajoGeneratorAdapter.java","84414","126794","211208"
"2014-10-25","PlannerUtil.java","120298","238755","359053"
"2014-12-05","PlannerUtil.java","124121","258116","382237"
"2014-04-08","PlannerUtil.java","13235","33993","47228"
"2015-08-21","PlannerUtil.java","143066","373996","517062"
"2015-03-23","PlannerUtil.java","139730","298382","438112"
"2014-12-30","PlannerUtil.java","136696","288630","425326"
"2014-03-31","PlannerUtil.java","12572","28636","41208"
"2015-03-27","PlannerUtil.java","139917","300676","440593"
"2015-07-22","PlannerUtil.java","142345","361880","504225"
"2015-08-20","PlannerUtil.java","143065","373791","516856"
"2015-07-30","PlannerUtil.java","142467","365207","507674"
"2015-09-23","PlannerUtil.java","143572","398455","542027"
"2015-11-18","PlannerUtil.java","143736","405028","548764"
"2014-07-09","PlannerUtil.java","112658","160519","273177"
"2014-04-18","PlannerUtil.java","14411","39185","53596"
"2014-05-07","PlannerUtil.java","111951","140630","252581"
"2014-04-30","PlannerUtil.java","111691","140214","251905"
"2014-05-16","PlannerUtil.java","112039","145677","257716"
"2014-02-21","PlannerUtil.java","554","407","961"
"2014-12-12","PlannerUtil.java","136489","282303","418792"
"2015-06-24","PlannerUtil.java","141613","359983","501596"
"2015-08-14","PlannerUtil.java","142871","371655","514526"
"2015-08-25","PlannerUtil.java","143067","374751","517818"
"2014-10-25","PlannerUtil.java","90841","275983","366824"
"2014-12-05","PlannerUtil.java","90881","291561","382442"
"2014-04-08","PlannerUtil.java","54156","141599","195755"
"2015-08-21","PlannerUtil.java","92754","390369","483123"
"2015-03-23","PlannerUtil.java","92073","317410","409483"
"2014-12-30","PlannerUtil.java","91070","309689","400759"
"2014-03-31","PlannerUtil.java","54015","136764","190779"
"2015-03-27","PlannerUtil.java","92083","319527","411610"
"2013-12-05","PlannerUtil.java","26501","64488","90989"
"2015-07-22","PlannerUtil.java","92493","378713","471206"
"2013-12-30","PlannerUtil.java","30031","78642","108673"
"2015-08-20","PlannerUtil.java","92754","390165","482919"
"2013-10-11","PlannerUtil.java","10623","37145","47768"
"2014-01-17","PlannerUtil.java","33977","90798","124775"
"2014-02-07","PlannerUtil.java","47323","110328","157651"
"2015-07-30","PlannerUtil.java","92576","382001","474577"
"2014-02-11","PlannerUtil.java","47854","110870","158724"
"2014-02-20","PlannerUtil.java","48440","114316","162756"
"2015-09-23","PlannerUtil.java","93091","414659","507750"
"2015-11-18","PlannerUtil.java","93152","421129","514281"
"2014-07-09","PlannerUtil.java","90186","204732","294918"
"2014-04-18","PlannerUtil.java","54420","145879","200299"
"2014-05-07","PlannerUtil.java","90169","185533","275702"
"2013-09-26","PlannerUtil.java","3536","3968","7504"
"2014-04-30","PlannerUtil.java","89966","185174","275140"
"2014-02-20","PlannerUtil.java","48668","115353","164021"
"2014-05-16","PlannerUtil.java","90185","190508","280693"
"2013-12-06","PlannerUtil.java","26666","65170","91836"
"2014-01-07","PlannerUtil.java","32017","83244","115261"
"2014-02-21","PlannerUtil.java","48964","115502","164466"
"2014-12-12","PlannerUtil.java","90885","303384","394269"
"2015-06-24","PlannerUtil.java","92058","377113","469171"
"2015-08-14","PlannerUtil.java","92744","388213","480957"
"2015-08-25","PlannerUtil.java","92755","391124","483879"
"2014-10-25","PlannerUtil.java","39295","124114","163409"
"2014-12-05","PlannerUtil.java","47632","147989","195621"
"2015-08-21","PlannerUtil.java","123716","321008","444724"
"2015-03-23","PlannerUtil.java","84248","209262","293510"
"2014-12-30","PlannerUtil.java","72262","190558","262820"
"2015-03-27","PlannerUtil.java","84556","211677","296233"
"2015-07-22","PlannerUtil.java","100121","286018","386139"
"2015-08-20","PlannerUtil.java","123714","320802","444516"
"2015-07-30","PlannerUtil.java","101253","290355","391608"
"2015-09-23","PlannerUtil.java","128510","349755","478265"
"2015-11-18","PlannerUtil.java","129169","356823","485992"
"2014-07-09","PlannerUtil.java","7337","21560","28897"
"2014-12-12","PlannerUtil.java","66306","178482","244788"
"2015-06-24","PlannerUtil.java","94823","279555","374378"
"2015-08-14","PlannerUtil.java","102312","297458","399770"
"2015-08-25","PlannerUtil.java","123993","322039","446032"
"2014-10-25","PlannerUtil.java","120414","267052","387466"
"2014-12-05","PlannerUtil.java","120599","282775","403374"
"2014-04-08","PlannerUtil.java","50881","99820","150701"
"2015-08-21","PlannerUtil.java","124440","383551","507991"
"2015-03-23","PlannerUtil.java","123331","310164","433495"
"2014-12-30","PlannerUtil.java","120805","300920","421725"
"2014-03-31","PlannerUtil.java","50594","94839","145433"
"2015-03-27","PlannerUtil.java","123353","312293","435646"
"2015-07-22","PlannerUtil.java","124079","371795","495874"
"2013-12-30","PlannerUtil.java","11105","21212","32317"
"2015-08-20","PlannerUtil.java","124440","383347","507787"
"2014-01-17","PlannerUtil.java","16952","35269","52221"
"2014-02-07","PlannerUtil.java","39198","63699","102897"
"2015-07-30","PlannerUtil.java","124170","375091","499261"
"2014-02-11","PlannerUtil.java","39773","64285","104058"
"2014-02-20","PlannerUtil.java","41198","68570","109768"
"2015-09-23","PlannerUtil.java","124788","407852","532640"
"2015-11-18","PlannerUtil.java","124910","414383","539293"
"2014-07-09","PlannerUtil.java","119536","195578","315114"
"2014-04-18","PlannerUtil.java","51274","104229","155503"
"2014-05-07","PlannerUtil.java","119387","176247","295634"
"2014-04-30","PlannerUtil.java","119148","175852","295000"
"2014-02-20","PlannerUtil.java","41616","69797","111413"
"2014-05-16","PlannerUtil.java","119420","181239","300659"
"2014-01-07","PlannerUtil.java","14074","26797","40871"
"2014-02-21","PlannerUtil.java","41960","69994","111954"
"2014-12-12","PlannerUtil.java","120611","294606","415217"
"2015-06-24","PlannerUtil.java","123543","370094","493637"
"2015-08-14","PlannerUtil.java","124406","381371","505777"
"2015-08-25","PlannerUtil.java","124441","384306","508747"
"2014-10-25","PlannerUtil.java","124925","258840","383765"
"2014-12-05","PlannerUtil.java","126093","275546","401639"
"2014-04-08","PlannerUtil.java","42220","78436","120656"
"2015-08-21","PlannerUtil.java","131465","377853","509318"
"2015-03-23","PlannerUtil.java","129030","303140","432170"
"2014-12-30","PlannerUtil.java","126312","293704","420016"
"2014-03-31","PlannerUtil.java","41762","73284","115046"
"2015-03-27","PlannerUtil.java","129039","305256","434295"
"2015-07-22","PlannerUtil.java","130880","365873","496753"
"2015-08-20","PlannerUtil.java","131465","377649","509114"
"2014-01-17","PlannerUtil.java","3992","9586","13578"
"2014-02-07","PlannerUtil.java","29069","40847","69916"
"2015-07-30","PlannerUtil.java","130970","369168","500138"
"2014-02-11","PlannerUtil.java","29658","41447","71105"
"2014-02-20","PlannerUtil.java","31271","45920","77191"
"2015-09-23","PlannerUtil.java","131846","402187","534033"
"2015-11-18","PlannerUtil.java","131998","408748","540746"
"2014-07-09","PlannerUtil.java","123944","187263","311207"
"2014-04-18","PlannerUtil.java","43022","83254","126276"
"2014-05-07","PlannerUtil.java","123460","167597","291057"
"2014-04-30","PlannerUtil.java","123221","167202","290423"
"2014-02-20","PlannerUtil.java","31761","47219","78980"
"2014-05-16","PlannerUtil.java","123548","172644","296192"
"2014-02-21","PlannerUtil.java","32171","47482","79653"
"2014-12-12","PlannerUtil.java","126113","287385","413498"
"2015-06-24","PlannerUtil.java","130272","364100","494372"
"2015-08-14","PlannerUtil.java","131246","375488","506734"
"2015-08-25","PlannerUtil.java","131466","378608","510074"
"2014-10-25","TajoGeneratorAdapter.java","31819","29271","61090"
"2015-03-03","TajoGeneratorAdapter.java","83538","116222","199760"
"2014-05-22","TestDateTimeFunctions.java","114872","143934","258806"
"2014-12-08","TestDateTimeFunctions.java","128581","251924","380505"
"2014-03-26","TestDateTimeFunctions.java","25","457","482"
"2014-04-24","TestDateTimeFunctions.java","113951","129078","243029"
"2014-04-30","TestDateTimeFunctions.java","113987","129700","243687"
"2014-04-30","TestDateTimeFunctions.java","113987","129786","243773"
"2014-06-05","TestDateTimeFunctions.java","114887","146659","261546"
"2014-10-25","PlannerUtil.java","120151","238755","358906"
"2014-12-05","PlannerUtil.java","123974","258116","382090"
"2014-04-08","PlannerUtil.java","12690","33595","46285"
"2015-08-21","PlannerUtil.java","142919","373996","516915"
"2015-03-23","PlannerUtil.java","139583","298382","437965"
"2014-12-30","PlannerUtil.java","136549","288630","425179"
"2014-03-31","PlannerUtil.java","12025","28236","40261"
"2015-03-27","PlannerUtil.java","139770","300676","440446"
"2015-07-22","PlannerUtil.java","142198","361880","504078"
"2015-08-20","PlannerUtil.java","142918","373791","516709"
"2015-07-30","PlannerUtil.java","142320","365207","507527"
"2015-09-23","PlannerUtil.java","143425","398455","541880"
"2015-11-18","PlannerUtil.java","143589","405028","548617"
"2014-07-09","PlannerUtil.java","112511","160519","273030"
"2014-04-18","PlannerUtil.java","13866","38787","52653"
"2014-05-07","PlannerUtil.java","111804","140630","252434"
"2014-04-30","PlannerUtil.java","111544","140214","251758"
"2014-05-16","PlannerUtil.java","111892","145677","257569"
"2014-12-12","PlannerUtil.java","136342","282303","418645"
"2015-06-24","PlannerUtil.java","141466","359983","501449"
"2015-08-14","PlannerUtil.java","142724","371655","514379"
"2015-08-25","PlannerUtil.java","142920","374751","517671"
"2015-08-21","PlannerUtil.java","106413","191529","297942"
"2015-03-23","PlannerUtil.java","31587","44425","76012"
"2014-12-30","PlannerUtil.java","9547","15667","25214"
"2015-03-27","PlannerUtil.java","32122","47067","79189"
"2015-07-22","PlannerUtil.java","65125","138846","203971"
"2015-08-20","PlannerUtil.java","106411","191323","297734"
"2015-07-30","PlannerUtil.java","69968","146894","216862"
"2015-09-23","PlannerUtil.java","113925","222994","336919"
"2015-11-18","PlannerUtil.java","116071","231549","347620"
"2015-06-24","PlannerUtil.java","56224","128780","185004"
"2015-08-14","PlannerUtil.java","71660","154630","226290"
"2015-08-25","PlannerUtil.java","106697","192567","299264"
"2015-08-21","PlannerUtil.java","115274","127834","243108"
"2015-07-22","PlannerUtil.java","20138","21303","41441"
"2015-08-20","PlannerUtil.java","114857","127213","242070"
"2015-07-30","PlannerUtil.java","26550","30920","57470"
"2015-09-23","PlannerUtil.java","125009","161522","286531"
"2015-11-18","PlannerUtil.java","127849","170771","298620"
"2015-08-14","PlannerUtil.java","29193","39607","68800"
"2015-08-25","PlannerUtil.java","115652","128966","244618"
"2014-05-22","TestDateTimeFunctions.java","128837","176295","305132"
"2014-12-08","TestDateTimeFunctions.java","132189","273928","406117"
"2014-03-23","TestDateTimeFunctions.java","37345","55741","93086"
"2014-03-26","TestDateTimeFunctions.java","37359","56187","93546"
"2014-04-24","TestDateTimeFunctions.java","128046","161569","289615"
"2014-04-30","TestDateTimeFunctions.java","128069","162178","290247"
"2014-04-30","TestDateTimeFunctions.java","128069","162264","290333"
"2014-06-05","TestDateTimeFunctions.java","128816","178984","307800"
"2015-08-21","PlannerUtil.java","96805","98951","195756"
"2015-08-20","PlannerUtil.java","96386","98328","194714"
"2015-09-23","PlannerUtil.java","109719","135818","245537"
"2015-11-18","PlannerUtil.java","113255","145763","259018"
"2015-08-25","PlannerUtil.java","97351","100251","197602"
"2015-09-23","PlannerUtil.java","14625","37824","52449"
"2015-11-18","PlannerUtil.java","18548","48156","66704"
"2014-02-17","ExprsVerifier.java","41680","81424","123104"
"2015-10-09","ExprsVerifier.java","115067","415470","530537"
"2014-01-25","ExprsVerifier.java","23807","57634","81441"
"2014-04-24","ExprsVerifier.java","110467","178082","288549"
"2014-03-11","ExprsVerifier.java","48137","94010","142147"
"2014-02-27","ExprsVerifier.java","47501","88367","135868"
"2014-02-27","ExprsVerifier.java","47501","88367","135868"
"2015-10-09","ExprsVerifier.java","142646","403305","545951"
"2014-04-24","ExprsVerifier.java","111029","138900","249929"
"2014-03-11","ExprsVerifier.java","9298","15427","24725"
"2014-02-27","ExprsVerifier.java","7233","8355","15588"
"2014-02-27","ExprsVerifier.java","7233","8355","15588"
"2014-05-22","TestDateTimeFunctions.java","115250","143880","259130"
"2014-12-08","TestDateTimeFunctions.java","128960","251871","380831"
"2014-04-24","TestDateTimeFunctions.java","114269","128964","243233"
"2014-04-30","TestDateTimeFunctions.java","114305","129586","243891"
"2014-04-30","TestDateTimeFunctions.java","114305","129672","243977"
"2014-06-05","TestDateTimeFunctions.java","115265","146605","261870"
"2014-05-22","TestDateTimeFunctions.java","2925","16860","19785"
"2014-12-08","TestDateTimeFunctions.java","46990","155206","202196"
"2014-04-30","TestDateTimeFunctions.java","299","885","1184"
"2014-04-30","TestDateTimeFunctions.java","303","975","1278"
"2014-06-05","TestDateTimeFunctions.java","3717","20362","24079"
"2014-05-22","TestDateTimeFunctions.java","2644","15993","18637"
"2014-12-08","TestDateTimeFunctions.java","47043","154673","201716"
"2014-06-05","TestDateTimeFunctions.java","3439","19498","22937"
"2014-02-17","ExprsVerifier.java","24950","30867","55817"
"2015-10-09","ExprsVerifier.java","137924","404500","542424"
"2014-04-24","ExprsVerifier.java","127633","161421","289054"
"2014-03-11","ExprsVerifier.java","33544","45590","79134"
"2014-02-27","ExprsVerifier.java","31581","38620","70201"
"2014-02-27","ExprsVerifier.java","31581","38620","70201"
"2014-05-22","TestDateTimeFunctions.java","2652","15915","18567"
"2014-12-08","TestDateTimeFunctions.java","47052","154596","201648"
"2014-06-05","TestDateTimeFunctions.java","3447","19420","22867"
"2015-10-09","ExprsVerifier.java","124754","357542","482296"
"2014-08-04","RangeOverflowException.java","82324","215856","298180"
"2015-01-08","AvgDouble.java","82704","312460","395164"
"2015-06-02","AvgDouble.java","83566","375934","459500"
"2013-10-04","AvgDouble.java","34003","53379","87382"
"2015-06-02","AvgDouble.java","48720","111332","160052"
"2015-10-09","ExprsVerifier.java","146619","401149","547768"
"2014-04-24","ExprsVerifier.java","113510","135252","248762"
"2015-01-08","AvgDouble.java","96264","306644","402908"
"2015-06-02","AvgDouble.java","97270","370262","467532"
"2014-12-08","TestDateTimeFunctions.java","47420","138991","186411"
"2015-01-08","AvgFloat.java","130887","291499","422386"
"2015-06-02","AvgFloat.java","134817","358041","492858"
"2015-12-21","TestFunctionLoader.java","150215","295778","445993"
"2014-01-20","AvgFloat.java","50514","119658","170172"
"2015-01-08","AvgFloat.java","82704","312460","395164"
"2015-06-02","AvgFloat.java","83566","375934","459500"
"2015-10-09","ExprsVerifier.java","143226","402763","545989"
"2014-04-24","ExprsVerifier.java","111004","137753","248757"
"2014-03-11","ExprsVerifier.java","2108","7115","9223"
"2015-10-09","ExprsVerifier.java","143226","402763","545989"
"2014-04-24","ExprsVerifier.java","111004","137753","248757"
"2014-03-11","ExprsVerifier.java","2108","7115","9223"
"2015-07-20","LogicalPlanVerifier.java","114348","374419","488767"
"2014-10-25","LogicalPlanVerifier.java","111613","271209","382822"
"2014-03-20","LogicalPlanVerifier.java","49329","101670","150999"
"2015-07-22","LogicalPlanVerifier.java","114348","375022","489370"
"2014-02-17","LogicalPlanVerifier.java","41680","81424","123104"
"2015-05-11","LogicalPlanVerifier.java","113857","328959","442816"
"2014-10-08","LogicalPlanVerifier.java","111391","270808","382199"
"2015-09-09","LogicalPlanVerifier.java","114775","388744","503519"
"2013-12-30","LogicalPlanVerifier.java","17109","40174","57283"
"2015-06-02","AvgFloat.java","48720","111332","160052"
"2015-07-22","LogicalPlanVerifier.java","1011","1614","2625"
"2015-09-09","LogicalPlanVerifier.java","113147","127045","240192"
"2015-07-20","LogicalPlanVerifier.java","84184","184659","268843"
"2015-07-22","LogicalPlanVerifier.java","85037","186115","271152"
"2015-05-11","LogicalPlanVerifier.java","65503","121009","186512"
"2015-09-09","LogicalPlanVerifier.java","122481","236854","359335"
"2015-01-08","AvgInt.java","130887","291499","422386"
"2015-06-02","AvgInt.java","134817","358041","492858"
"2015-08-13","TestJsonFunctions.java","46246","106952","153198"
"2014-01-20","AvgInt.java","50514","119658","170172"
"2015-01-08","AvgInt.java","82704","312460","395164"
"2015-06-02","AvgInt.java","83566","375934","459500"
"2015-07-20","LogicalPlanVerifier.java","148435","356165","504600"
"2014-10-25","LogicalPlanVerifier.java","123305","230560","353865"
"2015-07-22","LogicalPlanVerifier.java","148435","356768","505203"
"2015-05-11","LogicalPlanVerifier.java","146859","309620","456479"
"2014-10-08","LogicalPlanVerifier.java","116855","223931","340786"
"2015-09-09","LogicalPlanVerifier.java","149919","371547","521466"
"2015-06-02","AvgInt.java","48720","111332","160052"
"2015-09-09","LogicalPlanVerifier.java","112788","126083","238871"
"2015-07-20","LogicalPlanVerifier.java","141452","361779","503231"
"2014-10-25","LogicalPlanVerifier.java","119732","239584","359316"
"2014-03-20","LogicalPlanVerifier.java","12543","25140","37683"
"2015-07-22","LogicalPlanVerifier.java","141452","362382","503834"
"2015-05-11","LogicalPlanVerifier.java","140352","315710","456062"
"2014-10-08","LogicalPlanVerifier.java","113433","233106","346539"
"2015-09-09","LogicalPlanVerifier.java","142195","376420","518615"
"2015-01-08","AvgLong.java","82704","312460","395164"
"2015-06-02","AvgLong.java","83566","375934","459500"
"2013-10-04","AvgLong.java","34003","53379","87382"
"2015-06-02","AvgLong.java","48720","111332","160052"
"2015-07-20","LogicalPlanVerifier.java","31719","76688","108407"
"2015-07-22","LogicalPlanVerifier.java","32669","78241","110910"
"2015-09-09","LogicalPlanVerifier.java","90756","149623","240379"
"2015-08-04","TestMathFunctions.java","119262","377557","496819"
"2013-12-08","TestMathFunctions.java","1584","7072","8656"
"2014-07-31","TestMathFunctions.java","115087","203003","318090"
"2013-12-21","TestMathFunctions.java","4278","17496","21774"
"2013-12-03","TestMathFunctions.java","391","1936","2327"
"2013-12-03","TestMathFunctions.java","638","4568","5206"
"2013-12-07","TestMathFunctions.java","1515","6624","8139"
"2013-12-05","TestMathFunctions.java","659","5126","5785"
"2013-12-08","TestMathFunctions.java","1584","7168","8752"
"2013-12-08","TestMathFunctions.java","1584","7255","8839"
"2013-12-08","TestMathFunctions.java","1584","7337","8921"
"2013-12-08","TestMathFunctions.java","1584","7576","9160"
"2013-12-08","TestMathFunctions.java","1584","7659","9243"
"2014-04-30","TestMathFunctions.java","114347","176157","290504"
"2013-12-08","TestMathFunctions.java","1584","7887","9471"
"2013-12-10","TestMathFunctions.java","2305","10377","12682"
"2013-12-13","TestMathFunctions.java","2464","11369","13833"
"2014-08-01","TestMathFunctions.java","115175","203805","318980"
"2014-08-01","TestMathFunctions.java","115087","203057","318144"
"2014-05-10","TestMathFunctions.java","114598","178049","292647"
"2015-01-08","AvgLong.java","96264","306644","402908"
"2015-06-02","AvgLong.java","97270","370262","467532"
"2015-08-04","TestMathFunctions.java","124488","377295","501783"
"2014-07-31","TestMathFunctions.java","120204","202632","322836"
"2013-12-21","TestMathFunctions.java","3250","10980","14230"
"2014-04-30","TestMathFunctions.java","119415","175737","295152"
"2013-12-10","TestMathFunctions.java","728","3312","4040"
"2013-12-13","TestMathFunctions.java","887","4304","5191"
"2014-08-01","TestMathFunctions.java","120292","203434","323726"
"2014-08-01","TestMathFunctions.java","120204","202686","322890"
"2014-05-10","TestMathFunctions.java","119671","177634","297305"
"2015-08-04","TestMathFunctions.java","106295","276674","382969"
"2014-08-01","TestMathFunctions.java","125","839","964"
"2014-08-01","TestMathFunctions.java","34","88","122"
"2015-08-04","TestMathFunctions.java","131248","376325","507573"
"2014-07-31","TestMathFunctions.java","126330","201028","327358"
"2014-04-30","TestMathFunctions.java","125376","173968","299344"
"2014-08-01","TestMathFunctions.java","126418","201830","328248"
"2014-08-01","TestMathFunctions.java","126330","201082","327412"
"2014-05-10","TestMathFunctions.java","125632","175865","301497"
"2015-08-04","TestMathFunctions.java","120803","377553","498356"
"2013-12-08","TestMathFunctions.java","1235","5178","6413"
"2014-07-31","TestMathFunctions.java","116625","202996","319621"
"2013-12-21","TestMathFunctions.java","3931","15604","19535"
"2013-12-07","TestMathFunctions.java","1146","4710","5856"
"2013-12-05","TestMathFunctions.java","287","3209","3496"
"2013-12-08","TestMathFunctions.java","1236","5275","6511"
"2013-12-08","TestMathFunctions.java","1236","5362","6598"
"2013-12-08","TestMathFunctions.java","1236","5444","6680"
"2013-12-08","TestMathFunctions.java","1236","5683","6919"
"2013-12-08","TestMathFunctions.java","1236","5766","7002"
"2014-04-30","TestMathFunctions.java","115882","176147","292029"
"2013-12-08","TestMathFunctions.java","1236","5994","7230"
"2013-12-10","TestMathFunctions.java","1957","8484","10441"
"2013-12-13","TestMathFunctions.java","2116","9476","11592"
"2014-08-01","TestMathFunctions.java","116713","203798","320511"
"2014-08-01","TestMathFunctions.java","116625","203050","319675"
"2014-05-10","TestMathFunctions.java","116133","178039","294172"
"2015-08-04","TestMathFunctions.java","123053","377418","500471"
"2013-12-08","TestMathFunctions.java","1004","2562","3566"
"2014-07-31","TestMathFunctions.java","118771","202757","321528"
"2013-12-21","TestMathFunctions.java","4241","13529","17770"
"2013-12-07","TestMathFunctions.java","908","2087","2995"
"2013-12-05","TestMathFunctions.java","23","560","583"
"2013-12-08","TestMathFunctions.java","1005","2659","3664"
"2013-12-08","TestMathFunctions.java","1005","2746","3751"
"2013-12-08","TestMathFunctions.java","1005","2828","3833"
"2013-12-08","TestMathFunctions.java","1005","3067","4072"
"2013-12-08","TestMathFunctions.java","1005","3150","4155"
"2014-04-30","TestMathFunctions.java","117983","175863","293846"
"2013-12-08","TestMathFunctions.java","1005","3378","4383"
"2013-12-10","TestMathFunctions.java","1730","5872","7602"
"2013-12-13","TestMathFunctions.java","1889","6864","8753"
"2014-08-01","TestMathFunctions.java","118859","203559","322418"
"2014-08-01","TestMathFunctions.java","118771","202811","321582"
"2014-05-10","TestMathFunctions.java","118239","177760","295999"
"2015-08-04","TestMathFunctions.java","124222","377408","501630"
"2013-12-08","TestMathFunctions.java","113","492","605"
"2014-07-31","TestMathFunctions.java","119938","202745","322683"
"2013-12-21","TestMathFunctions.java","3357","11466","14823"
"2013-12-08","TestMathFunctions.java","110","585","695"
"2013-12-08","TestMathFunctions.java","110","672","782"
"2013-12-08","TestMathFunctions.java","110","754","864"
"2013-12-08","TestMathFunctions.java","110","993","1103"
"2013-12-08","TestMathFunctions.java","110","1076","1186"
"2014-04-30","TestMathFunctions.java","119149","175850","294999"
"2013-12-08","TestMathFunctions.java","110","1304","1414"
"2013-12-10","TestMathFunctions.java","835","3798","4633"
"2013-12-13","TestMathFunctions.java","994","4790","5784"
"2014-08-01","TestMathFunctions.java","120026","203547","323573"
"2014-08-01","TestMathFunctions.java","119938","202799","322737"
"2014-05-10","TestMathFunctions.java","119405","177747","297152"
"2013-10-04","CountRows.java","34003","53379","87382"
"2014-01-20","CountValueDistinct.java","32119","89056","121175"
"2015-06-02","CountValueDistinct.java","92828","372989","465817"
"2015-06-02","CountValueDistinct.java","134817","358041","492858"
"2015-07-20","LogicalPlanVerifier.java","110949","211603","322552"
"2014-10-25","LogicalPlanVerifier.java","32852","33031","65883"
"2015-07-22","LogicalPlanVerifier.java","111159","212416","323575"
"2015-05-11","LogicalPlanVerifier.java","94079","149764","243843"
"2015-09-09","LogicalPlanVerifier.java","147933","262485","410418"
"2014-01-20","Date.java","50514","119658","170172"
"2015-08-04","TestMathFunctions.java","123590","377418","501008"
"2013-12-08","TestMathFunctions.java","998","2019","3017"
"2014-07-31","TestMathFunctions.java","119307","202756","322063"
"2013-12-21","TestMathFunctions.java","4231","12982","17213"
"2013-12-07","TestMathFunctions.java","885","1527","2412"
"2013-12-08","TestMathFunctions.java","995","2112","3107"
"2013-12-08","TestMathFunctions.java","995","2199","3194"
"2013-12-08","TestMathFunctions.java","995","2281","3276"
"2013-12-08","TestMathFunctions.java","995","2520","3515"
"2013-12-08","TestMathFunctions.java","995","2603","3598"
"2014-04-30","TestMathFunctions.java","118519","175862","294381"
"2013-12-08","TestMathFunctions.java","995","2831","3826"
"2013-12-10","TestMathFunctions.java","1720","5325","7045"
"2013-12-13","TestMathFunctions.java","1879","6317","8196"
"2014-08-01","TestMathFunctions.java","119395","203558","322953"
"2014-08-01","TestMathFunctions.java","119307","202810","322117"
"2014-05-10","TestMathFunctions.java","118775","177759","296534"
"2015-08-04","TestMathFunctions.java","124584","377295","501879"
"2014-07-31","TestMathFunctions.java","120300","202632","322932"
"2013-12-21","TestMathFunctions.java","3248","10882","14130"
"2014-04-30","TestMathFunctions.java","119511","175737","295248"
"2013-12-10","TestMathFunctions.java","726","3214","3940"
"2013-12-13","TestMathFunctions.java","885","4206","5091"
"2014-08-01","TestMathFunctions.java","120388","203434","323822"
"2014-08-01","TestMathFunctions.java","120300","202686","322986"
"2014-05-10","TestMathFunctions.java","119767","177634","297401"
"2015-08-04","TestMathFunctions.java","124671","377295","501966"
"2014-07-31","TestMathFunctions.java","120387","202632","323019"
"2013-12-21","TestMathFunctions.java","3248","10795","14043"
"2014-04-30","TestMathFunctions.java","119598","175737","295335"
"2013-12-10","TestMathFunctions.java","726","3127","3853"
"2013-12-13","TestMathFunctions.java","885","4119","5004"
"2014-08-01","TestMathFunctions.java","120475","203434","323909"
"2014-08-01","TestMathFunctions.java","120387","202686","323073"
"2014-05-10","TestMathFunctions.java","119854","177634","297488"
"2015-09-23","Lead.java","100026","202719","302745"
"2015-09-23","Lead.java","100026","202719","302745"
"2015-08-04","TestMathFunctions.java","124753","377295","502048"
"2014-07-31","TestMathFunctions.java","120469","202632","323101"
"2013-12-21","TestMathFunctions.java","3253","10718","13971"
"2014-04-30","TestMathFunctions.java","119680","175737","295417"
"2013-12-10","TestMathFunctions.java","731","3050","3781"
"2013-12-13","TestMathFunctions.java","890","4042","4932"
"2014-08-01","TestMathFunctions.java","120557","203434","323991"
"2014-08-01","TestMathFunctions.java","120469","202686","323155"
"2014-05-10","TestMathFunctions.java","119936","177634","297570"
"2015-08-04","TestMathFunctions.java","124992","377295","502287"
"2014-07-31","TestMathFunctions.java","120708","202632","323340"
"2013-12-21","TestMathFunctions.java","3248","10474","13722"
"2014-04-30","TestMathFunctions.java","119919","175737","295656"
"2013-12-10","TestMathFunctions.java","726","2806","3532"
"2013-12-13","TestMathFunctions.java","885","3798","4683"
"2014-08-01","TestMathFunctions.java","120796","203434","324230"
"2014-08-01","TestMathFunctions.java","120708","202686","323394"
"2014-05-10","TestMathFunctions.java","120175","177634","297809"
"2015-01-08","MaxDouble.java","130887","291499","422386"
"2014-01-20","MaxDouble.java","50514","119658","170172"
"2015-01-08","MaxDouble.java","82704","312460","395164"
"2013-10-04","MaxDouble.java","34003","53379","87382"
"2015-08-04","TestMathFunctions.java","125075","377295","502370"
"2014-07-31","TestMathFunctions.java","120791","202632","323423"
"2013-12-21","TestMathFunctions.java","3248","10391","13639"
"2014-04-30","TestMathFunctions.java","120002","175737","295739"
"2013-12-10","TestMathFunctions.java","726","2723","3449"
"2013-12-13","TestMathFunctions.java","885","3715","4600"
"2014-08-01","TestMathFunctions.java","120879","203434","324313"
"2014-08-01","TestMathFunctions.java","120791","202686","323477"
"2014-05-10","TestMathFunctions.java","120258","177634","297892"
"2015-07-20","LogicalPlanVerifier.java","128319","365325","493644"
"2014-10-25","LogicalPlanVerifier.java","122367","258898","381265"
"2014-03-20","LogicalPlanVerifier.java","43910","73186","117096"
"2015-07-22","LogicalPlanVerifier.java","128319","365928","494247"
"2014-02-17","LogicalPlanVerifier.java","33419","50098","83517"
"2015-05-11","LogicalPlanVerifier.java","127307","319344","446651"
"2014-10-08","LogicalPlanVerifier.java","122077","258429","380506"
"2015-09-09","LogicalPlanVerifier.java","129019","379923","508942"
"2014-01-20","MaxDouble.java","32217","81985","114202"
"2015-01-08","MaxDouble.java","96264","306644","402908"
"2015-08-04","TestMathFunctions.java","100517","297002","397519"
"2014-07-31","TestMathFunctions.java","9763","35869","45632"
"2014-08-01","TestMathFunctions.java","9853","36673","46526"
"2014-08-01","TestMathFunctions.java","9763","35923","45686"
"2014-05-10","TestMathFunctions.java","528","2169","2697"
"2015-01-08","MaxFloat.java","130887","291499","422386"
"2015-08-04","TestMathFunctions.java","125303","377295","502598"
"2014-07-31","TestMathFunctions.java","121019","202632","323651"
"2013-12-21","TestMathFunctions.java","3248","10163","13411"
"2014-04-30","TestMathFunctions.java","120230","175737","295967"
"2013-12-10","TestMathFunctions.java","726","2495","3221"
"2013-12-13","TestMathFunctions.java","885","3487","4372"
"2014-08-01","TestMathFunctions.java","121107","203434","324541"
"2014-08-01","TestMathFunctions.java","121019","202686","323705"
"2014-05-10","TestMathFunctions.java","120486","177634","298120"
"2014-01-20","MaxFloat.java","50514","119658","170172"
"2015-01-08","MaxFloat.java","82704","312460","395164"
"2013-10-04","MaxFloat.java","34003","53379","87382"
"2014-01-20","MaxFloat.java","32217","81985","114202"
"2015-01-08","MaxFloat.java","96264","306644","402908"
"2015-08-04","TestMathFunctions.java","126822","377045","503867"
"2014-07-31","TestMathFunctions.java","122027","201871","323898"
"2013-12-21","TestMathFunctions.java","2797","7943","10740"
"2014-04-30","TestMathFunctions.java","121206","174944","296150"
"2013-12-13","TestMathFunctions.java","204","1037","1241"
"2014-08-01","TestMathFunctions.java","122115","202673","324788"
"2014-08-01","TestMathFunctions.java","122027","201925","323952"
"2014-05-10","TestMathFunctions.java","121463","176842","298305"
"2015-01-08","MaxInt.java","130887","291499","422386"
"2014-12-10","PreLogicalPlanVerifier.java","131253","274580","405833"
"2014-10-25","PreLogicalPlanVerifier.java","129240","255688","384928"
"2014-01-25","PreLogicalPlanVerifier.java","1265","1944","3209"
"2015-07-22","PreLogicalPlanVerifier.java","136371","363897","500268"
"2014-02-17","PreLogicalPlanVerifier.java","26102","32698","58800"
"2014-02-20","PreLogicalPlanVerifier.java","26930","34944","61874"
"2014-10-01","PreLogicalPlanVerifier.java","128844","251458","380302"
"2014-03-20","PreLogicalPlanVerifier.java","37186","56379","93565"
"2015-08-20","PreLogicalPlanVerifier.java","136947","375953","512900"
"2015-09-14","PreLogicalPlanVerifier.java","137054","380826","517880"
"2014-03-06","PreLogicalPlanVerifier.java","34535","46649","81184"
"2014-02-10","PreLogicalPlanVerifier.java","24785","29084","53869"
"2015-09-23","PreLogicalPlanVerifier.java","137312","399554","536866"
"2015-09-28","PreLogicalPlanVerifier.java","137353","403906","541259"
"2014-12-24","PreLogicalPlanVerifier.java","131462","286067","417529"
"2014-12-03","PreLogicalPlanVerifier.java","131248","273152","404400"
"2014-06-23","PreLogicalPlanVerifier.java","127945","181007","308952"
"2015-05-11","PreLogicalPlanVerifier.java","135350","317304","452654"
"2014-01-20","MaxInt.java","50514","119658","170172"
"2015-01-08","MaxInt.java","82704","312460","395164"
"2013-10-04","MaxInt.java","34003","53379","87382"
"2015-08-04","TestMathFunctions.java","127166","376556","503722"
"2014-07-31","TestMathFunctions.java","122332","201343","323675"
"2013-12-21","TestMathFunctions.java","2614","6927","9541"
"2014-04-30","TestMathFunctions.java","121385","174290","295675"
"2014-08-01","TestMathFunctions.java","122420","202145","324565"
"2014-08-01","TestMathFunctions.java","122332","201397","323729"
"2014-05-10","TestMathFunctions.java","121642","176188","297830"
"2015-07-22","PreLogicalPlanVerifier.java","87058","171257","258315"
"2015-08-20","PreLogicalPlanVerifier.java","122310","217989","340299"
"2015-09-14","PreLogicalPlanVerifier.java","127563","228008","355571"
"2015-09-23","PreLogicalPlanVerifier.java","128384","247299","375683"
"2015-09-28","PreLogicalPlanVerifier.java","128824","252050","380874"
"2014-12-24","PreLogicalPlanVerifier.java","34729","46007","80736"
"2015-05-11","PreLogicalPlanVerifier.java","66150","104777","170927"
"2014-01-20","MaxInt.java","32217","81985","114202"
"2015-01-08","MaxInt.java","96264","306644","402908"
"2015-08-04","TestMathFunctions.java","106182","275847","382029"
"2014-12-10","PreLogicalPlanVerifier.java","14466","31345","45811"
"2015-07-22","PreLogicalPlanVerifier.java","85037","186115","271152"
"2015-08-20","PreLogicalPlanVerifier.java","117833","230391","348224"
"2015-09-14","PreLogicalPlanVerifier.java","122973","240297","363270"
"2015-09-23","PreLogicalPlanVerifier.java","123717","259511","383228"
"2015-09-28","PreLogicalPlanVerifier.java","124121","264226","388347"
"2014-12-24","PreLogicalPlanVerifier.java","41122","69279","110401"
"2014-12-03","PreLogicalPlanVerifier.java","11224","26680","37904"
"2015-05-11","PreLogicalPlanVerifier.java","65503","121009","186512"
"2015-08-04","TestMathFunctions.java","106271","276596","382867"
"2014-12-10","PreLogicalPlanVerifier.java","131781","274429","406210"
"2014-10-25","PreLogicalPlanVerifier.java","129768","255537","385305"
"2015-07-22","PreLogicalPlanVerifier.java","136901","363748","500649"
"2014-02-17","PreLogicalPlanVerifier.java","24950","30867","55817"
"2014-02-20","PreLogicalPlanVerifier.java","25781","33116","58897"
"2014-10-01","PreLogicalPlanVerifier.java","129371","251306","380677"
"2014-03-20","PreLogicalPlanVerifier.java","36055","54569","90624"
"2015-08-20","PreLogicalPlanVerifier.java","137477","375804","513281"
"2015-09-14","PreLogicalPlanVerifier.java","137584","380677","518261"
"2014-03-06","PreLogicalPlanVerifier.java","33395","44830","78225"
"2014-02-10","PreLogicalPlanVerifier.java","23590","27210","50800"
"2015-09-23","PreLogicalPlanVerifier.java","137841","399404","537245"
"2015-09-28","PreLogicalPlanVerifier.java","137882","403756","541638"
"2014-12-24","PreLogicalPlanVerifier.java","131990","285916","417906"
"2014-12-03","PreLogicalPlanVerifier.java","131776","273001","404777"
"2014-06-23","PreLogicalPlanVerifier.java","128472","180855","309327"
"2015-05-11","PreLogicalPlanVerifier.java","135880","317155","453035"
"2014-01-20","MaxLong.java","50514","119658","170172"
"2013-10-04","MaxLong.java","34003","53379","87382"
"2015-08-04","TestMathFunctions.java","100700","295544","396244"
"2014-07-31","TestMathFunctions.java","9243","33708","42951"
"2014-08-01","TestMathFunctions.java","9365","34544","43909"
"2014-08-01","TestMathFunctions.java","9275","33794","43069"
"2015-08-20","PreLogicalPlanVerifier.java","103710","115190","218900"
"2015-09-14","PreLogicalPlanVerifier.java","111971","128217","240188"
"2015-09-23","PreLogicalPlanVerifier.java","113376","148092","261468"
"2015-09-28","PreLogicalPlanVerifier.java","114773","153800","268573"
"2014-01-20","MaxLong.java","32217","81985","114202"
"2014-12-10","PreLogicalPlanVerifier.java","123515","260246","383761"
"2014-10-25","PreLogicalPlanVerifier.java","119732","239584","359316"
"2015-07-22","PreLogicalPlanVerifier.java","141452","362382","503834"
"2014-02-20","PreLogicalPlanVerifier.java","1206","2624","3830"
"2014-10-01","PreLogicalPlanVerifier.java","113372","229390","342762"
"2014-03-20","PreLogicalPlanVerifier.java","12543","25140","37683"
"2015-08-20","PreLogicalPlanVerifier.java","142080","374490","516570"
"2015-09-14","PreLogicalPlanVerifier.java","142197","379373","521570"
"2014-03-06","PreLogicalPlanVerifier.java","9127","14645","23772"
"2015-09-23","PreLogicalPlanVerifier.java","142558","398204","540762"
"2015-09-28","PreLogicalPlanVerifier.java","142602","402559","545161"
"2014-12-24","PreLogicalPlanVerifier.java","135994","284003","419997"
"2014-12-03","PreLogicalPlanVerifier.java","123504","258812","382316"
"2014-06-23","PreLogicalPlanVerifier.java","111952","158418","270370"
"2015-05-11","PreLogicalPlanVerifier.java","140352","315710","456062"
"2015-01-08","MaxString.java","131661","290357","422018"
"2014-12-10","PreLogicalPlanVerifier.java","124408","259721","384129"
"2014-10-25","PreLogicalPlanVerifier.java","120581","239015","359596"
"2015-07-22","PreLogicalPlanVerifier.java","142539","362051","504590"
"2014-10-01","PreLogicalPlanVerifier.java","114211","228811","343022"
"2014-03-20","PreLogicalPlanVerifier.java","12184","23363","35547"
"2015-08-20","PreLogicalPlanVerifier.java","143381","374373","517754"
"2015-09-14","PreLogicalPlanVerifier.java","143501","379259","522760"
"2014-03-06","PreLogicalPlanVerifier.java","7952","12052","20004"
"2015-09-23","PreLogicalPlanVerifier.java","143871","398099","541970"
"2015-09-28","PreLogicalPlanVerifier.java","143903","402442","546345"
"2014-12-24","PreLogicalPlanVerifier.java","136889","283480","420369"
"2014-12-03","PreLogicalPlanVerifier.java","124397","258287","382684"
"2014-06-23","PreLogicalPlanVerifier.java","112756","157804","270560"
"2015-05-11","PreLogicalPlanVerifier.java","141386","315326","456712"
"2014-12-10","PreLogicalPlanVerifier.java","46596","67309","113905"
"2014-10-25","PreLogicalPlanVerifier.java","33249","37083","70332"
"2015-07-22","PreLogicalPlanVerifier.java","110877","215789","326666"
"2015-08-20","PreLogicalPlanVerifier.java","142459","258851","401310"
"2015-09-14","PreLogicalPlanVerifier.java","147099","268257","415356"
"2015-09-23","PreLogicalPlanVerifier.java","147740","287368","435108"
"2015-09-28","PreLogicalPlanVerifier.java","148009","291948","439957"
"2014-12-24","PreLogicalPlanVerifier.java","71550","103541","175091"
"2014-12-03","PreLogicalPlanVerifier.java","43410","62700","106110"
"2015-05-11","PreLogicalPlanVerifier.java","93961","153301","247262"
"2015-01-08","MinDouble.java","130887","291499","422386"
"2014-12-10","PreLogicalPlanVerifier.java","128534","252668","381202"
"2014-10-25","PreLogicalPlanVerifier.java","123305","230560","353865"
"2015-07-22","PreLogicalPlanVerifier.java","148435","356768","505203"
"2014-10-01","PreLogicalPlanVerifier.java","116610","220031","336641"
"2015-08-20","PreLogicalPlanVerifier.java","149605","369418","519023"
"2015-09-14","PreLogicalPlanVerifier.java","149921","374500","524421"
"2015-09-23","PreLogicalPlanVerifier.java","150344","393393","543737"
"2015-09-28","PreLogicalPlanVerifier.java","150270","397630","547900"
"2014-12-24","PreLogicalPlanVerifier.java","141338","276750","418088"
"2014-12-03","PreLogicalPlanVerifier.java","128516","251227","379743"
"2014-06-23","PreLogicalPlanVerifier.java","114900","148769","263669"
"2015-05-11","PreLogicalPlanVerifier.java","146859","309620","456479"
"2014-01-20","MinDouble.java","50514","119658","170172"
"2015-01-08","MinDouble.java","82704","312460","395164"
"2013-10-04","MinDouble.java","34003","53379","87382"
"2015-04-29","TestPythonFunctions.java","1668","4550","6218"
"2014-01-20","MinDouble.java","32217","81985","114202"
"2015-01-08","MinDouble.java","96264","306644","402908"
"2015-01-08","MinFloat.java","130887","291499","422386"
"2014-01-20","MinFloat.java","50514","119658","170172"
"2015-01-08","MinFloat.java","82704","312460","395164"
"2013-10-04","MinFloat.java","34003","53379","87382"
"2013-10-17","TestStringOperatorsAndFunctions.java","15353","40760","56113"
"2013-10-07","TestStringOperatorsAndFunctions.java","3806","15878","19684"
"2013-09-30","TestStringOperatorsAndFunctions.java","1780","2735","4515"
"2013-12-02","TestStringOperatorsAndFunctions.java","23898","58037","81935"
"2013-12-08","TestStringOperatorsAndFunctions.java","24139","62373","86512"
"2013-12-03","TestStringOperatorsAndFunctions.java","23898","58271","82169"
"2013-10-07","TestStringOperatorsAndFunctions.java","3233","14877","18110"
"2013-10-17","TestStringOperatorsAndFunctions.java","15294","40258","55552"
"2013-11-28","TestStringOperatorsAndFunctions.java","23660","55720","79380"
"2014-01-21","TestStringOperatorsAndFunctions.java","32154","89645","121799"
"2013-12-02","TestStringOperatorsAndFunctions.java","23690","56892","80582"
"2013-12-10","TestStringOperatorsAndFunctions.java","24150","64829","88979"
"2013-12-03","TestStringOperatorsAndFunctions.java","23898","58110","82008"
"2013-12-23","TestStringOperatorsAndFunctions.java","25661","72221","97882"
"2013-11-30","TestStringOperatorsAndFunctions.java","23673","56029","79702"
"2013-12-07","TestStringOperatorsAndFunctions.java","24123","62134","86257"
"2013-11-30","TestStringOperatorsAndFunctions.java","23674","56093","79767"
"2013-12-02","TestStringOperatorsAndFunctions.java","23689","56651","80340"
"2013-12-03","TestStringOperatorsAndFunctions.java","23912","60123","84035"
"2013-12-04","TestStringOperatorsAndFunctions.java","23912","60669","84581"
"2013-12-09","TestStringOperatorsAndFunctions.java","24141","63672","87813"
"2013-12-05","TestStringOperatorsAndFunctions.java","23919","60924","84843"
"2013-12-08","TestStringOperatorsAndFunctions.java","24139","63027","87166"
"2013-12-21","TestStringOperatorsAndFunctions.java","25287","71511","96798"
"2013-12-28","TestStringOperatorsAndFunctions.java","26085","73198","99283"
"2014-03-06","TestStringOperatorsAndFunctions.java","50798","120954","171752"
"2014-03-28","TestStringOperatorsAndFunctions.java","52246","132446","184692"
"2014-03-28","TestStringOperatorsAndFunctions.java","52246","132535","184781"
"2014-07-20","TestStringOperatorsAndFunctions.java","90678","209495","300173"
"2014-01-20","MinFloat.java","32217","81985","114202"
"2015-01-08","MinFloat.java","96264","306644","402908"
"2013-12-02","TestStringOperatorsAndFunctions.java","11868","20600","32468"
"2013-12-08","TestStringOperatorsAndFunctions.java","12918","25745","38663"
"2013-12-03","TestStringOperatorsAndFunctions.java","11868","20834","32702"
"2013-11-28","TestStringOperatorsAndFunctions.java","11561","18214","29775"
"2014-01-21","TestStringOperatorsAndFunctions.java","22568","54652","77220"
"2013-12-02","TestStringOperatorsAndFunctions.java","11649","19444","31093"
"2013-12-10","TestStringOperatorsAndFunctions.java","12944","28216","41160"
"2013-12-03","TestStringOperatorsAndFunctions.java","11868","20673","32541"
"2013-12-23","TestStringOperatorsAndFunctions.java","14732","35885","50617"
"2013-11-30","TestStringOperatorsAndFunctions.java","11631","18580","30211"
"2013-12-07","TestStringOperatorsAndFunctions.java","12891","25495","38386"
"2013-11-30","TestStringOperatorsAndFunctions.java","11633","18645","30278"
"2013-12-02","TestStringOperatorsAndFunctions.java","11648","19203","30851"
"2013-12-03","TestStringOperatorsAndFunctions.java","12100","22904","35004"
"2013-12-04","TestStringOperatorsAndFunctions.java","12102","23452","35554"
"2013-12-09","TestStringOperatorsAndFunctions.java","12922","27046","39968"
"2013-12-05","TestStringOperatorsAndFunctions.java","12116","23714","35830"
"2013-12-08","TestStringOperatorsAndFunctions.java","12918","26399","39317"
"2013-12-21","TestStringOperatorsAndFunctions.java","14316","35133","49449"
"2013-12-28","TestStringOperatorsAndFunctions.java","15160","36866","52026"
"2014-03-06","TestStringOperatorsAndFunctions.java","48059","92808","140867"
"2014-03-28","TestStringOperatorsAndFunctions.java","49683","104476","154159"
"2014-03-28","TestStringOperatorsAndFunctions.java","49683","104565","154248"
"2014-07-20","TestStringOperatorsAndFunctions.java","111331","204741","316072"
"2015-01-08","MinInt.java","130887","291499","422386"
"2015-09-14","PreLogicalPlanVerifier.java","18144","22910","41054"
"2015-09-23","PreLogicalPlanVerifier.java","20115","43351","63466"
"2015-09-28","PreLogicalPlanVerifier.java","21783","49330","71113"
"2014-01-20","MinInt.java","50514","119658","170172"
"2015-01-08","MinInt.java","82704","312460","395164"
"2013-10-04","MinInt.java","34003","53379","87382"
"2013-10-17","TestStringOperatorsAndFunctions.java","13376","26711","40087"
"2013-12-02","TestStringOperatorsAndFunctions.java","22400","44467","66867"
"2013-12-08","TestStringOperatorsAndFunctions.java","22663","48825","71488"
"2013-12-03","TestStringOperatorsAndFunctions.java","22400","44701","67101"
"2013-10-17","TestStringOperatorsAndFunctions.java","13303","26195","39498"
"2013-11-28","TestStringOperatorsAndFunctions.java","22115","42103","64218"
"2014-01-21","TestStringOperatorsAndFunctions.java","31717","77136","108853"
"2013-12-02","TestStringOperatorsAndFunctions.java","22191","43321","65512"
"2013-12-10","TestStringOperatorsAndFunctions.java","22689","51296","73985"
"2013-12-03","TestStringOperatorsAndFunctions.java","22400","44540","66940"
"2013-12-23","TestStringOperatorsAndFunctions.java","24431","58919","83350"
"2013-11-30","TestStringOperatorsAndFunctions.java","22174","42458","64632"
"2013-12-07","TestStringOperatorsAndFunctions.java","22636","48575","71211"
"2013-11-30","TestStringOperatorsAndFunctions.java","22176","42523","64699"
"2013-12-02","TestStringOperatorsAndFunctions.java","22191","43081","65272"
"2013-12-03","TestStringOperatorsAndFunctions.java","22414","46553","68967"
"2013-12-04","TestStringOperatorsAndFunctions.java","22414","47099","69513"
"2013-12-09","TestStringOperatorsAndFunctions.java","22667","50126","72793"
"2013-12-05","TestStringOperatorsAndFunctions.java","22421","47354","69775"
"2013-12-08","TestStringOperatorsAndFunctions.java","22663","49479","72142"
"2013-12-21","TestStringOperatorsAndFunctions.java","24029","58181","82210"
"2013-12-28","TestStringOperatorsAndFunctions.java","24863","59904","84767"
"2014-03-06","TestStringOperatorsAndFunctions.java","53968","112052","166020"
"2014-03-28","TestStringOperatorsAndFunctions.java","55507","123635","179142"
"2014-03-28","TestStringOperatorsAndFunctions.java","55507","123724","179231"
"2014-07-20","TestStringOperatorsAndFunctions.java","99672","206417","306089"
"2015-09-23","PreLogicalPlanVerifier.java","2132","20602","22734"
"2015-09-28","PreLogicalPlanVerifier.java","3929","26710","30639"
"2014-01-20","MinInt.java","32217","81985","114202"
"2015-01-08","MinInt.java","96264","306644","402908"
"2014-12-10","PreLogicalPlanVerifier.java","126088","257301","383389"
"2014-10-25","PreLogicalPlanVerifier.java","122189","236523","358712"
"2015-07-22","PreLogicalPlanVerifier.java","144785","360197","504982"
"2014-10-01","PreLogicalPlanVerifier.java","115672","226172","341844"
"2014-03-20","PreLogicalPlanVerifier.java","4655","11734","16389"
"2015-08-20","PreLogicalPlanVerifier.java","145544","372436","517980"
"2015-09-14","PreLogicalPlanVerifier.java","145669","377327","522996"
"2015-09-23","PreLogicalPlanVerifier.java","146038","396166","542204"
"2015-09-28","PreLogicalPlanVerifier.java","146081","400520","546601"
"2014-12-24","PreLogicalPlanVerifier.java","138791","281282","420073"
"2014-12-03","PreLogicalPlanVerifier.java","126076","255866","381942"
"2014-06-23","PreLogicalPlanVerifier.java","114117","155065","269182"
"2015-05-11","PreLogicalPlanVerifier.java","143590","313430","457020"
"2013-10-17","TestStringOperatorsAndFunctions.java","14252","38704","52956"
"2013-10-07","TestStringOperatorsAndFunctions.java","2081","13198","15279"
"2013-12-02","TestStringOperatorsAndFunctions.java","22806","55990","78796"
"2013-12-08","TestStringOperatorsAndFunctions.java","23047","60326","83373"
"2013-12-03","TestStringOperatorsAndFunctions.java","22806","56224","79030"
"2013-10-07","TestStringOperatorsAndFunctions.java","1481","12170","13651"
"2013-10-17","TestStringOperatorsAndFunctions.java","14186","38195","52381"
"2013-11-28","TestStringOperatorsAndFunctions.java","22568","53673","76241"
"2014-01-21","TestStringOperatorsAndFunctions.java","31394","87930","119324"
"2013-12-02","TestStringOperatorsAndFunctions.java","22598","54845","77443"
"2013-12-10","TestStringOperatorsAndFunctions.java","23058","62782","85840"
"2013-12-03","TestStringOperatorsAndFunctions.java","22806","56063","78869"
"2013-12-23","TestStringOperatorsAndFunctions.java","24691","70296","94987"
"2013-11-30","TestStringOperatorsAndFunctions.java","22581","53982","76563"
"2013-12-07","TestStringOperatorsAndFunctions.java","23031","60087","83118"
"2013-11-30","TestStringOperatorsAndFunctions.java","22582","54046","76628"
"2013-12-02","TestStringOperatorsAndFunctions.java","22597","54604","77201"
"2013-12-03","TestStringOperatorsAndFunctions.java","22820","58076","80896"
"2013-12-04","TestStringOperatorsAndFunctions.java","22820","58622","81442"
"2013-12-09","TestStringOperatorsAndFunctions.java","23049","61625","84674"
"2013-12-05","TestStringOperatorsAndFunctions.java","22827","58877","81704"
"2013-12-08","TestStringOperatorsAndFunctions.java","23047","60980","84027"
"2013-12-21","TestStringOperatorsAndFunctions.java","24318","69587","93905"
"2013-12-28","TestStringOperatorsAndFunctions.java","25121","71279","96400"
"2014-03-06","TestStringOperatorsAndFunctions.java","50247","119448","169695"
"2014-03-28","TestStringOperatorsAndFunctions.java","51700","130945","182645"
"2014-03-28","TestStringOperatorsAndFunctions.java","51700","131034","182734"
"2014-07-20","TestStringOperatorsAndFunctions.java","91357","209219","300576"
"2014-01-20","MinLong.java","50514","119658","170172"
"2013-10-04","MinLong.java","34003","53379","87382"
"2013-12-08","TestStringOperatorsAndFunctions.java","1294","5389","6683"
"2013-12-03","TestStringOperatorsAndFunctions.java","86","320","406"
"2014-01-21","TestStringOperatorsAndFunctions.java","17641","40993","58634"
"2013-12-10","TestStringOperatorsAndFunctions.java","2015","8555","10570"
"2013-12-03","TestStringOperatorsAndFunctions.java","86","159","245"
"2013-12-23","TestStringOperatorsAndFunctions.java","4409","16830","21239"
"2013-12-07","TestStringOperatorsAndFunctions.java","1213","5085","6298"
"2013-12-03","TestStringOperatorsAndFunctions.java","333","2405","2738"
"2013-12-04","TestStringOperatorsAndFunctions.java","337","2955","3292"
"2013-12-09","TestStringOperatorsAndFunctions.java","1298","6690","7988"
"2013-12-05","TestStringOperatorsAndFunctions.java","356","3222","3578"
"2013-12-08","TestStringOperatorsAndFunctions.java","1294","6043","7337"
"2013-12-21","TestStringOperatorsAndFunctions.java","3989","16074","20063"
"2013-12-28","TestStringOperatorsAndFunctions.java","4855","17829","22684"
"2014-03-06","TestStringOperatorsAndFunctions.java","47363","83380","130743"
"2014-03-28","TestStringOperatorsAndFunctions.java","49385","95446","144831"
"2014-03-28","TestStringOperatorsAndFunctions.java","49385","95535","144920"
"2014-07-20","TestStringOperatorsAndFunctions.java","116089","200767","316856"
"2014-01-20","MinLong.java","32217","81985","114202"
"2014-12-10","PreLogicalPlanVerifier.java","121596","260624","382220"
"2014-10-25","PreLogicalPlanVerifier.java","117843","239992","357835"
"2015-07-22","PreLogicalPlanVerifier.java","139274","362501","501775"
"2014-02-17","PreLogicalPlanVerifier.java","1491","3788","5279"
"2014-02-20","PreLogicalPlanVerifier.java","2660","6375","9035"
"2014-10-01","PreLogicalPlanVerifier.java","111486","229801","341287"
"2014-03-20","PreLogicalPlanVerifier.java","13771","28665","42436"
"2015-08-20","PreLogicalPlanVerifier.java","139904","374611","514515"
"2015-09-14","PreLogicalPlanVerifier.java","140021","379494","519515"
"2014-03-06","PreLogicalPlanVerifier.java","10464","18279","28743"
"2015-09-23","PreLogicalPlanVerifier.java","140382","398325","538707"
"2015-09-28","PreLogicalPlanVerifier.java","140426","402680","543106"
"2014-12-24","PreLogicalPlanVerifier.java","134075","284381","418456"
"2014-12-03","PreLogicalPlanVerifier.java","121585","259190","380775"
"2014-06-23","PreLogicalPlanVerifier.java","110457","159220","269677"
"2015-05-11","PreLogicalPlanVerifier.java","138176","315831","454007"
"2015-01-08","MinString.java","130887","291499","422386"
"2014-01-21","TestStringOperatorsAndFunctions.java","17366","36623","53989"
"2013-12-10","TestStringOperatorsAndFunctions.java","728","3173","3901"
"2013-12-23","TestStringOperatorsAndFunctions.java","3685","12011","15696"
"2013-12-09","TestStringOperatorsAndFunctions.java","6","1303","1309"
"2013-12-21","TestStringOperatorsAndFunctions.java","3250","11240","14490"
"2013-12-28","TestStringOperatorsAndFunctions.java","4143","13022","17165"
"2014-03-06","TestStringOperatorsAndFunctions.java","48124","80046","128170"
"2014-03-28","TestStringOperatorsAndFunctions.java","50348","92314","142662"
"2014-03-28","TestStringOperatorsAndFunctions.java","50348","92403","142751"
"2014-07-20","TestStringOperatorsAndFunctions.java","119820","200403","320223"
"2014-01-20","MinString.java","50514","119658","170172"
"2015-01-08","MinString.java","82704","312460","395164"
"2013-10-04","MinString.java","34003","53379","87382"
"2013-12-08","TestStringOperatorsAndFunctions.java","1235","5096","6331"
"2014-01-21","TestStringOperatorsAndFunctions.java","17606","40724","58330"
"2013-12-10","TestStringOperatorsAndFunctions.java","1957","8263","10220"
"2013-12-23","TestStringOperatorsAndFunctions.java","4351","16538","20889"
"2013-12-07","TestStringOperatorsAndFunctions.java","1146","4784","5930"
"2013-12-04","TestStringOperatorsAndFunctions.java","268","2652","2920"
"2013-12-09","TestStringOperatorsAndFunctions.java","1240","6398","7638"
"2013-12-05","TestStringOperatorsAndFunctions.java","287","2919","3206"
"2013-12-08","TestStringOperatorsAndFunctions.java","1236","5751","6987"
"2013-12-21","TestStringOperatorsAndFunctions.java","3931","15782","19713"
"2013-12-28","TestStringOperatorsAndFunctions.java","4797","17537","22334"
"2014-03-06","TestStringOperatorsAndFunctions.java","47328","83111","130439"
"2014-03-28","TestStringOperatorsAndFunctions.java","49350","95177","144527"
"2014-03-28","TestStringOperatorsAndFunctions.java","49350","95266","144616"
"2014-07-20","TestStringOperatorsAndFunctions.java","116323","200767","317090"
"2014-01-20","MinString.java","32217","81985","114202"
"2015-01-08","MinString.java","96264","306644","402908"
"2013-10-17","TestStringOperatorsAndFunctions.java","13981","27744","41725"
"2013-12-02","TestStringOperatorsAndFunctions.java","23000","45495","68495"
"2013-12-08","TestStringOperatorsAndFunctions.java","23255","49845","73100"
"2013-12-03","TestStringOperatorsAndFunctions.java","23000","45729","68729"
"2013-10-17","TestStringOperatorsAndFunctions.java","13912","27232","41144"
"2013-11-28","TestStringOperatorsAndFunctions.java","22716","43132","65848"
"2014-01-21","TestStringOperatorsAndFunctions.java","32119","77966","110085"
"2013-12-02","TestStringOperatorsAndFunctions.java","22792","44350","67142"
"2013-12-10","TestStringOperatorsAndFunctions.java","23268","52303","75571"
"2013-12-03","TestStringOperatorsAndFunctions.java","23000","45568","68568"
"2013-12-23","TestStringOperatorsAndFunctions.java","24977","59893","84870"
"2013-11-30","TestStringOperatorsAndFunctions.java","22775","43487","66262"
"2013-12-07","TestStringOperatorsAndFunctions.java","23235","49602","72837"
"2013-11-30","TestStringOperatorsAndFunctions.java","22777","43552","66329"
"2013-12-02","TestStringOperatorsAndFunctions.java","22792","44110","66902"
"2013-12-03","TestStringOperatorsAndFunctions.java","23014","47581","70595"
"2013-12-04","TestStringOperatorsAndFunctions.java","23014","48127","71141"
"2013-12-09","TestStringOperatorsAndFunctions.java","23259","51146","74405"
"2013-12-05","TestStringOperatorsAndFunctions.java","23021","48382","71403"
"2013-12-08","TestStringOperatorsAndFunctions.java","23255","50499","73754"
"2013-12-21","TestStringOperatorsAndFunctions.java","24577","59157","83734"
"2013-12-28","TestStringOperatorsAndFunctions.java","25408","60877","86285"
"2014-03-06","TestStringOperatorsAndFunctions.java","54351","112863","167214"
"2014-03-28","TestStringOperatorsAndFunctions.java","55889","124445","180334"
"2014-03-28","TestStringOperatorsAndFunctions.java","55889","124534","180423"
"2014-07-20","TestStringOperatorsAndFunctions.java","99244","206417","305661"
"2014-01-20","RandomInt.java","50514","119658","170172"
"2013-12-02","TestStringOperatorsAndFunctions.java","11920","21095","33015"
"2013-12-08","TestStringOperatorsAndFunctions.java","12970","26240","39210"
"2013-12-03","TestStringOperatorsAndFunctions.java","11920","21329","33249"
"2013-11-28","TestStringOperatorsAndFunctions.java","11613","18709","30322"
"2014-01-21","TestStringOperatorsAndFunctions.java","22587","55114","77701"
"2013-12-02","TestStringOperatorsAndFunctions.java","11701","19939","31640"
"2013-12-10","TestStringOperatorsAndFunctions.java","12996","28711","41707"
"2013-12-03","TestStringOperatorsAndFunctions.java","11920","21168","33088"
"2013-12-23","TestStringOperatorsAndFunctions.java","14774","36370","51144"
"2013-11-30","TestStringOperatorsAndFunctions.java","11683","19075","30758"
"2013-12-07","TestStringOperatorsAndFunctions.java","12943","25990","38933"
"2013-11-30","TestStringOperatorsAndFunctions.java","11685","19140","30825"
"2013-12-02","TestStringOperatorsAndFunctions.java","11700","19698","31398"
"2013-12-03","TestStringOperatorsAndFunctions.java","12152","23399","35551"
"2013-12-04","TestStringOperatorsAndFunctions.java","12154","23947","36101"
"2013-12-09","TestStringOperatorsAndFunctions.java","12974","27541","40515"
"2013-12-05","TestStringOperatorsAndFunctions.java","12168","24209","36377"
"2013-12-08","TestStringOperatorsAndFunctions.java","12970","26894","39864"
"2013-12-21","TestStringOperatorsAndFunctions.java","14368","35628","49996"
"2013-12-28","TestStringOperatorsAndFunctions.java","15201","37350","52551"
"2014-03-06","TestStringOperatorsAndFunctions.java","48022","93214","141236"
"2014-03-28","TestStringOperatorsAndFunctions.java","49643","104879","154522"
"2014-03-28","TestStringOperatorsAndFunctions.java","49643","104968","154611"
"2014-07-20","TestStringOperatorsAndFunctions.java","110969","204822","315791"
"2015-09-28","PreLogicalPlanVerifier.java","1892","6203","8095"
"2013-12-02","TestStringOperatorsAndFunctions.java","404","2483","2887"
"2013-12-08","TestStringOperatorsAndFunctions.java","1560","7734","9294"
"2013-12-03","TestStringOperatorsAndFunctions.java","404","2717","3121"
"2014-01-21","TestStringOperatorsAndFunctions.java","17804","43235","61039"
"2013-12-02","TestStringOperatorsAndFunctions.java","100","1242","1342"
"2013-12-10","TestStringOperatorsAndFunctions.java","2281","10900","13181"
"2013-12-03","TestStringOperatorsAndFunctions.java","404","2556","2960"
"2013-12-23","TestStringOperatorsAndFunctions.java","4669","19169","23838"
"2013-11-30","TestStringOperatorsAndFunctions.java","74","370","444"
"2013-12-07","TestStringOperatorsAndFunctions.java","1525","7476","9001"
"2013-11-30","TestStringOperatorsAndFunctions.java","76","435","511"
"2013-12-02","TestStringOperatorsAndFunctions.java","99","1001","1100"
"2013-12-03","TestStringOperatorsAndFunctions.java","651","4802","5453"
"2013-12-04","TestStringOperatorsAndFunctions.java","652","5349","6001"
"2013-12-09","TestStringOperatorsAndFunctions.java","1564","9035","10599"
"2013-12-05","TestStringOperatorsAndFunctions.java","669","5614","6283"
"2013-12-08","TestStringOperatorsAndFunctions.java","1560","8388","9948"
"2013-12-21","TestStringOperatorsAndFunctions.java","4252","18416","22668"
"2013-12-28","TestStringOperatorsAndFunctions.java","5106","20159","25265"
"2014-03-06","TestStringOperatorsAndFunctions.java","46863","84959","131822"
"2014-03-28","TestStringOperatorsAndFunctions.java","48885","97025","145910"
"2014-03-28","TestStringOperatorsAndFunctions.java","48885","97114","145999"
"2014-07-20","TestStringOperatorsAndFunctions.java","114062","200819","314881"
"2014-03-06","TestStringOperatorsAndFunctions.java","35099","47764","82863"
"2014-03-28","TestStringOperatorsAndFunctions.java","38105","60814","98919"
"2014-03-28","TestStringOperatorsAndFunctions.java","38105","60903","99008"
"2014-07-20","TestStringOperatorsAndFunctions.java","128193","189519","317712"
"2013-12-08","TestStringOperatorsAndFunctions.java","1583","6615","8198"
"2013-12-03","TestStringOperatorsAndFunctions.java","390","1561","1951"
"2014-01-21","TestStringOperatorsAndFunctions.java","17909","42198","60107"
"2013-12-10","TestStringOperatorsAndFunctions.java","2304","9781","12085"
"2013-12-03","TestStringOperatorsAndFunctions.java","390","1400","1790"
"2013-12-23","TestStringOperatorsAndFunctions.java","4697","18055","22752"
"2013-12-07","TestStringOperatorsAndFunctions.java","1514","6323","7837"
"2013-12-03","TestStringOperatorsAndFunctions.java","637","3646","4283"
"2013-12-04","TestStringOperatorsAndFunctions.java","639","4194","4833"
"2013-12-09","TestStringOperatorsAndFunctions.java","1587","7916","9503"
"2013-12-05","TestStringOperatorsAndFunctions.java","658","4461","5119"
"2013-12-08","TestStringOperatorsAndFunctions.java","1583","7269","8852"
"2013-12-21","TestStringOperatorsAndFunctions.java","4277","17299","21576"
"2013-12-28","TestStringOperatorsAndFunctions.java","5134","19045","24179"
"2014-03-06","TestStringOperatorsAndFunctions.java","47043","83997","131040"
"2014-03-28","TestStringOperatorsAndFunctions.java","49065","96063","145128"
"2014-03-28","TestStringOperatorsAndFunctions.java","49065","96152","145217"
"2014-07-20","TestStringOperatorsAndFunctions.java","115159","200774","315933"
"2015-04-17","StdDevPop.java","7313","12999","20312"
"2014-01-21","TestStringOperatorsAndFunctions.java","17462","34274","51736"
"2013-12-23","TestStringOperatorsAndFunctions.java","3253","9134","12387"
"2013-12-21","TestStringOperatorsAndFunctions.java","2797","8342","11139"
"2013-12-28","TestStringOperatorsAndFunctions.java","3798","10232","14030"
"2014-03-06","TestStringOperatorsAndFunctions.java","48519","77996","126515"
"2014-03-28","TestStringOperatorsAndFunctions.java","50838","90359","141197"
"2014-03-28","TestStringOperatorsAndFunctions.java","50838","90448","141286"
"2014-07-20","TestStringOperatorsAndFunctions.java","121504","199642","321146"
"2013-12-08","TestStringOperatorsAndFunctions.java","1215","5237","6452"
"2014-01-21","TestStringOperatorsAndFunctions.java","17570","40849","58419"
"2013-12-10","TestStringOperatorsAndFunctions.java","1937","8404","10341"
"2013-12-23","TestStringOperatorsAndFunctions.java","4331","16679","21010"
"2013-12-07","TestStringOperatorsAndFunctions.java","1127","4926","6053"
"2013-12-04","TestStringOperatorsAndFunctions.java","251","2796","3047"
"2013-12-09","TestStringOperatorsAndFunctions.java","1220","6539","7759"
"2013-12-05","TestStringOperatorsAndFunctions.java","270","3063","3333"
"2013-12-08","TestStringOperatorsAndFunctions.java","1216","5892","7108"
"2013-12-21","TestStringOperatorsAndFunctions.java","3911","15923","19834"
"2013-12-28","TestStringOperatorsAndFunctions.java","4777","17678","22455"
"2014-03-06","TestStringOperatorsAndFunctions.java","47292","83236","130528"
"2014-03-28","TestStringOperatorsAndFunctions.java","49314","95302","144616"
"2014-03-28","TestStringOperatorsAndFunctions.java","49314","95391","144705"
"2014-07-20","TestStringOperatorsAndFunctions.java","116162","200767","316929"
"2014-01-21","TestStringOperatorsAndFunctions.java","15103","26034","41137"
"2013-12-28","TestStringOperatorsAndFunctions.java","691","1244","1935"
"2014-03-06","TestStringOperatorsAndFunctions.java","48166","71762","119928"
"2014-03-28","TestStringOperatorsAndFunctions.java","50612","84252","134864"
"2014-03-28","TestStringOperatorsAndFunctions.java","50612","84341","134953"
"2014-07-20","TestStringOperatorsAndFunctions.java","126111","198368","324479"
"2015-04-17","StdDevSamp.java","7313","12999","20312"
"2013-12-02","TestStringOperatorsAndFunctions.java","331","2114","2445"
"2013-12-08","TestStringOperatorsAndFunctions.java","1521","7399","8920"
"2013-12-03","TestStringOperatorsAndFunctions.java","331","2348","2679"
"2014-01-21","TestStringOperatorsAndFunctions.java","17771","42906","60677"
"2013-12-02","TestStringOperatorsAndFunctions.java","27","873","900"
"2013-12-10","TestStringOperatorsAndFunctions.java","2242","10565","12807"
"2013-12-03","TestStringOperatorsAndFunctions.java","331","2187","2518"
"2013-12-23","TestStringOperatorsAndFunctions.java","4632","18836","23468"
"2013-12-07","TestStringOperatorsAndFunctions.java","1453","7108","8561"
"2013-12-02","TestStringOperatorsAndFunctions.java","26","632","658"
"2013-12-03","TestStringOperatorsAndFunctions.java","578","4433","5011"
"2013-12-04","TestStringOperatorsAndFunctions.java","579","4980","5559"
"2013-12-09","TestStringOperatorsAndFunctions.java","1525","8700","10225"
"2013-12-05","TestStringOperatorsAndFunctions.java","597","5246","5843"
"2013-12-08","TestStringOperatorsAndFunctions.java","1521","8053","9574"
"2013-12-21","TestStringOperatorsAndFunctions.java","4215","18083","22298"
"2013-12-28","TestStringOperatorsAndFunctions.java","5069","19826","24895"
"2014-03-06","TestStringOperatorsAndFunctions.java","46842","84642","131484"
"2014-03-28","TestStringOperatorsAndFunctions.java","48864","96708","145572"
"2014-03-28","TestStringOperatorsAndFunctions.java","48864","96797","145661"
"2014-07-20","TestStringOperatorsAndFunctions.java","114315","200776","315091"
"2015-07-22","PreLogicalPlanVerifier.java","62578","135499","198077"
"2015-08-20","PreLogicalPlanVerifier.java","104278","188679","292957"
"2015-09-14","PreLogicalPlanVerifier.java","110647","199814","310461"
"2015-09-23","PreLogicalPlanVerifier.java","111457","219094","330551"
"2015-09-28","PreLogicalPlanVerifier.java","112070","224018","336088"
"2015-05-11","PreLogicalPlanVerifier.java","36329","63678","100007"
"2014-12-10","PreLogicalPlanVerifier.java","3336","4759","8095"
"2015-07-22","PreLogicalPlanVerifier.java","88795","174417","263212"
"2015-08-20","PreLogicalPlanVerifier.java","123501","220603","344104"
"2015-09-14","PreLogicalPlanVerifier.java","128675","230543","359218"
"2015-09-23","PreLogicalPlanVerifier.java","129453","249791","379244"
"2015-09-28","PreLogicalPlanVerifier.java","129886","254535","384421"
"2014-12-24","PreLogicalPlanVerifier.java","37688","50389","88077"
"2015-05-11","PreLogicalPlanVerifier.java","68015","108065","176080"
"2013-12-08","TestStringOperatorsAndFunctions.java","113","336","449"
"2014-01-21","TestStringOperatorsAndFunctions.java","17460","36940","54400"
"2013-12-10","TestStringOperatorsAndFunctions.java","835","3503","4338"
"2013-12-23","TestStringOperatorsAndFunctions.java","3792","12341","16133"
"2013-12-09","TestStringOperatorsAndFunctions.java","114","1634","1748"
"2013-12-08","TestStringOperatorsAndFunctions.java","110","987","1097"
"2013-12-21","TestStringOperatorsAndFunctions.java","3357","11570","14927"
"2013-12-28","TestStringOperatorsAndFunctions.java","4250","13352","17602"
"2014-03-06","TestStringOperatorsAndFunctions.java","48198","80343","128541"
"2014-03-28","TestStringOperatorsAndFunctions.java","50422","92611","143033"
"2014-03-28","TestStringOperatorsAndFunctions.java","50422","92700","143122"
"2014-07-20","TestStringOperatorsAndFunctions.java","119710","200516","320226"
"2015-01-08","SumDouble.java","82704","312460","395164"
"2013-10-04","SumDouble.java","34003","53379","87382"
"2014-12-10","PreLogicalPlanVerifier.java","49869","140134","190003"
"2014-10-25","PreLogicalPlanVerifier.java","38868","112254","151122"
"2015-07-22","PreLogicalPlanVerifier.java","102473","276937","379410"
"2014-10-01","PreLogicalPlanVerifier.java","11002","80554","91556"
"2015-08-20","PreLogicalPlanVerifier.java","127614","313558","441172"
"2015-09-14","PreLogicalPlanVerifier.java","131925","322635","454560"
"2015-09-23","PreLogicalPlanVerifier.java","132494","341674","474168"
"2015-09-28","PreLogicalPlanVerifier.java","132638","346129","478767"
"2014-12-24","PreLogicalPlanVerifier.java","71190","172733","243923"
"2014-12-03","PreLogicalPlanVerifier.java","47476","136318","183794"
"2015-05-11","PreLogicalPlanVerifier.java","89709","218601","308310"
"2015-07-22","PreLogicalPlanVerifier.java","32669","78241","110910"
"2015-08-20","PreLogicalPlanVerifier.java","82297","139349","221646"
"2015-09-14","PreLogicalPlanVerifier.java","89861","151679","241540"
"2015-09-23","PreLogicalPlanVerifier.java","90849","171137","261986"
"2015-09-28","PreLogicalPlanVerifier.java","91890","176489","268379"
"2013-12-02","TestStringOperatorsAndFunctions.java","329","2049","2378"
"2013-12-08","TestStringOperatorsAndFunctions.java","1520","7335","8855"
"2013-12-03","TestStringOperatorsAndFunctions.java","329","2283","2612"
"2014-01-21","TestStringOperatorsAndFunctions.java","17774","42846","60620"
"2013-12-02","TestStringOperatorsAndFunctions.java","25","808","833"
"2013-12-10","TestStringOperatorsAndFunctions.java","2241","10501","12742"
"2013-12-03","TestStringOperatorsAndFunctions.java","329","2122","2451"
"2013-12-23","TestStringOperatorsAndFunctions.java","4631","18772","23403"
"2013-12-07","TestStringOperatorsAndFunctions.java","1452","7044","8496"
"2013-12-02","TestStringOperatorsAndFunctions.java","24","567","591"
"2013-12-03","TestStringOperatorsAndFunctions.java","576","4368","4944"
"2013-12-04","TestStringOperatorsAndFunctions.java","578","4916","5494"
"2013-12-09","TestStringOperatorsAndFunctions.java","1524","8636","10160"
"2013-12-05","TestStringOperatorsAndFunctions.java","596","5182","5778"
"2013-12-08","TestStringOperatorsAndFunctions.java","1520","7989","9509"
"2013-12-21","TestStringOperatorsAndFunctions.java","4214","18019","22233"
"2013-12-28","TestStringOperatorsAndFunctions.java","5068","19762","24830"
"2014-03-06","TestStringOperatorsAndFunctions.java","46845","84582","131427"
"2014-03-28","TestStringOperatorsAndFunctions.java","48867","96648","145515"
"2014-03-28","TestStringOperatorsAndFunctions.java","48867","96737","145604"
"2014-07-20","TestStringOperatorsAndFunctions.java","114378","200776","315154"
"2015-01-08","SumDouble.java","96264","306644","402908"
"2013-12-08","TestStringOperatorsAndFunctions.java","1584","6856","8440"
"2013-12-03","TestStringOperatorsAndFunctions.java","391","1802","2193"
"2014-01-21","TestStringOperatorsAndFunctions.java","17881","42410","60291"
"2013-12-10","TestStringOperatorsAndFunctions.java","2305","10022","12327"
"2013-12-03","TestStringOperatorsAndFunctions.java","391","1641","2032"
"2013-12-23","TestStringOperatorsAndFunctions.java","4695","18293","22988"
"2013-12-07","TestStringOperatorsAndFunctions.java","1515","6564","8079"
"2013-12-03","TestStringOperatorsAndFunctions.java","638","3887","4525"
"2013-12-04","TestStringOperatorsAndFunctions.java","640","4435","5075"
"2013-12-09","TestStringOperatorsAndFunctions.java","1588","8157","9745"
"2013-12-05","TestStringOperatorsAndFunctions.java","659","4702","5361"
"2013-12-08","TestStringOperatorsAndFunctions.java","1584","7510","9094"
"2013-12-21","TestStringOperatorsAndFunctions.java","4278","17540","21818"
"2013-12-28","TestStringOperatorsAndFunctions.java","5132","19283","24415"
"2014-03-06","TestStringOperatorsAndFunctions.java","47015","84209","131224"
"2014-03-28","TestStringOperatorsAndFunctions.java","49037","96275","145312"
"2014-03-28","TestStringOperatorsAndFunctions.java","49037","96364","145401"
"2014-07-20","TestStringOperatorsAndFunctions.java","114919","200774","315693"
"2015-07-20","SyntaxErrorException.java","114440","374153","488593"
"2013-12-08","TestStringOperatorsAndFunctions.java","1001","3024","4025"
"2014-01-21","TestStringOperatorsAndFunctions.java","17970","39250","57220"
"2013-12-10","TestStringOperatorsAndFunctions.java","1727","6195","7922"
"2013-12-23","TestStringOperatorsAndFunctions.java","4658","15007","19665"
"2013-12-07","TestStringOperatorsAndFunctions.java","912","2712","3624"
"2013-12-04","TestStringOperatorsAndFunctions.java","20","566","586"
"2013-12-09","TestStringOperatorsAndFunctions.java","1006","4326","5332"
"2013-12-05","TestStringOperatorsAndFunctions.java","39","833","872"
"2013-12-08","TestStringOperatorsAndFunctions.java","1002","3679","4681"
"2013-12-21","TestStringOperatorsAndFunctions.java","4238","14251","18489"
"2013-12-28","TestStringOperatorsAndFunctions.java","5104","16006","21110"
"2014-03-06","TestStringOperatorsAndFunctions.java","48512","82457","130969"
"2014-03-28","TestStringOperatorsAndFunctions.java","50710","94699","145409"
"2014-03-28","TestStringOperatorsAndFunctions.java","50710","94788","145498"
"2014-07-20","TestStringOperatorsAndFunctions.java","117922","200528","318450"
"2015-01-08","SumFloat.java","130887","291499","422386"
"2013-12-08","TestStringOperatorsAndFunctions.java","1000","2477","3477"
"2014-01-21","TestStringOperatorsAndFunctions.java","18049","38783","56832"
"2013-12-10","TestStringOperatorsAndFunctions.java","1726","5648","7374"
"2013-12-23","TestStringOperatorsAndFunctions.java","4657","14460","19117"
"2013-12-07","TestStringOperatorsAndFunctions.java","904","2158","3062"
"2013-12-09","TestStringOperatorsAndFunctions.java","1005","3779","4784"
"2013-12-05","TestStringOperatorsAndFunctions.java","19","267","286"
"2013-12-08","TestStringOperatorsAndFunctions.java","1001","3132","4133"
"2013-12-21","TestStringOperatorsAndFunctions.java","4237","13704","17941"
"2013-12-28","TestStringOperatorsAndFunctions.java","5103","15459","20562"
"2014-03-06","TestStringOperatorsAndFunctions.java","48591","81990","130581"
"2014-03-28","TestStringOperatorsAndFunctions.java","50789","94232","145021"
"2014-03-28","TestStringOperatorsAndFunctions.java","50789","94321","145110"
"2014-07-20","TestStringOperatorsAndFunctions.java","118467","200527","318994"
"2015-09-09","SyntaxErrorUtil.java","113147","127045","240192"
"2014-01-20","SumFloat.java","50514","119658","170172"
"2015-01-08","SumFloat.java","82704","312460","395164"
"2014-01-21","TestStringOperatorsAndFunctions.java","17702","35662","53364"
"2013-12-10","TestStringOperatorsAndFunctions.java","723","1871","2594"
"2013-12-23","TestStringOperatorsAndFunctions.java","3902","10931","14833"
"2013-12-21","TestStringOperatorsAndFunctions.java","3467","10160","13627"
"2013-12-28","TestStringOperatorsAndFunctions.java","4360","11942","16302"
"2014-03-06","TestStringOperatorsAndFunctions.java","48633","79258","127891"
"2014-03-28","TestStringOperatorsAndFunctions.java","50857","91526","142383"
"2014-03-28","TestStringOperatorsAndFunctions.java","50857","91615","142472"
"2014-07-20","TestStringOperatorsAndFunctions.java","121117","200403","321520"
"2013-12-08","TestStringOperatorsAndFunctions.java","981","2210","3191"
"2014-01-21","TestStringOperatorsAndFunctions.java","18078","38564","56642"
"2013-12-10","TestStringOperatorsAndFunctions.java","1707","5381","7088"
"2013-12-23","TestStringOperatorsAndFunctions.java","4638","14193","18831"
"2013-12-07","TestStringOperatorsAndFunctions.java","885","1891","2776"
"2013-12-09","TestStringOperatorsAndFunctions.java","986","3512","4498"
"2013-12-08","TestStringOperatorsAndFunctions.java","982","2865","3847"
"2013-12-21","TestStringOperatorsAndFunctions.java","4218","13437","17655"
"2013-12-28","TestStringOperatorsAndFunctions.java","5084","15192","20276"
"2014-03-06","TestStringOperatorsAndFunctions.java","48649","81800","130449"
"2014-03-28","TestStringOperatorsAndFunctions.java","50854","94049","144903"
"2014-03-28","TestStringOperatorsAndFunctions.java","50854","94138","144992"
"2014-07-20","TestStringOperatorsAndFunctions.java","118715","200527","319242"
"2015-07-20","VerificationState.java","114348","374419","488767"
"2015-08-04","VerificationState.java","114471","380618","495089"
"2014-01-21","TestStringOperatorsAndFunctions.java","17442","36045","53487"
"2013-12-10","TestStringOperatorsAndFunctions.java","726","2517","3243"
"2013-12-23","TestStringOperatorsAndFunctions.java","3683","11355","15038"
"2013-12-09","TestStringOperatorsAndFunctions.java","4","647","651"
"2013-12-21","TestStringOperatorsAndFunctions.java","3248","10584","13832"
"2013-12-28","TestStringOperatorsAndFunctions.java","4141","12366","16507"
"2014-03-06","TestStringOperatorsAndFunctions.java","48200","79468","127668"
"2014-03-28","TestStringOperatorsAndFunctions.java","50424","91736","142160"
"2014-03-28","TestStringOperatorsAndFunctions.java","50424","91825","142249"
"2014-07-20","TestStringOperatorsAndFunctions.java","120474","200403","320877"
"2015-08-04","VerificationState.java","8785","14861","23646"
"2014-01-21","TestStringOperatorsAndFunctions.java","15538","26805","42343"
"2013-12-23","TestStringOperatorsAndFunctions.java","473","809","1282"
"2013-12-28","TestStringOperatorsAndFunctions.java","1155","2044","3199"
"2014-03-06","TestStringOperatorsAndFunctions.java","48553","72485","121038"
"2014-03-28","TestStringOperatorsAndFunctions.java","50986","84962","135948"
"2014-03-28","TestStringOperatorsAndFunctions.java","50986","85051","136037"
"2014-07-20","TestStringOperatorsAndFunctions.java","126203","198796","324999"
"2014-01-21","TestStringOperatorsAndFunctions.java","14552","24930","39482"
"2014-03-06","TestStringOperatorsAndFunctions.java","47681","70724","118405"
"2014-03-28","TestStringOperatorsAndFunctions.java","50138","83225","133363"
"2014-03-28","TestStringOperatorsAndFunctions.java","50138","83314","133452"
"2014-07-20","TestStringOperatorsAndFunctions.java","126228","197932","324160"
"2014-01-20","SumInt.java","50514","119658","170172"
"2014-10-25","BasicLogicalPlanVisitor.java","74568","277263","351831"
"2015-07-22","BasicLogicalPlanVisitor.java","76023","379796","455819"
"2013-10-11","BasicLogicalPlanVisitor.java","20752","64827","85579"
"2015-07-20","BasicLogicalPlanVisitor.java","75593","381406","456999"
"2013-12-30","BasicLogicalPlanVisitor.java","35788","101952","137740"
"2014-01-17","BasicLogicalPlanVisitor.java","38135","112509","150644"
"2014-12-30","BasicLogicalPlanVisitor.java","74696","308207","382903"
"2015-07-30","BasicLogicalPlanVisitor.java","76113","383091","459204"
"2014-03-20","BasicLogicalPlanVisitor.java","49637","145077","194714"
"2013-10-17","BasicLogicalPlanVisitor.java","26991","70090","97081"
"2014-03-31","BasicLogicalPlanVisitor.java","49989","150291","200280"
"2014-06-07","BasicLogicalPlanVisitor.java","74106","202049","276155"
"2014-12-10","BasicLogicalPlanVisitor.java","74591","294165","368756"
"2014-07-09","BasicLogicalPlanVisitor.java","74098","206197","280295"
"2014-05-16","BasicLogicalPlanVisitor.java","74110","191986","266096"
"2015-03-20","BasicLogicalPlanVisitor.java","75619","318358","393977"
"2013-09-16","BasicLogicalPlanVisitor.java","14655","32208","46863"
"2013-09-04","BasicLogicalPlanVisitor.java","11564","18616","30180"
"2014-01-22","BasicLogicalPlanVisitor.java","38304","114551","152855"
"2014-04-14","BasicLogicalPlanVisitor.java","50053","157249","207302"
"2015-01-08","SumLong.java","82704","312460","395164"
"2013-10-04","SumLong.java","34003","53379","87382"
"2015-07-22","BasicLogicalPlanVisitor.java","85037","186115","271152"
"2015-07-20","BasicLogicalPlanVisitor.java","78093","181211","259304"
"2014-12-30","BasicLogicalPlanVisitor.java","43464","74280","117744"
"2015-07-30","BasicLogicalPlanVisitor.java","86568","190851","277419"
"2014-12-10","BasicLogicalPlanVisitor.java","14466","31345","45811"
"2015-03-20","BasicLogicalPlanVisitor.java","59258","99302","158560"
"2014-03-28","TestStringOperatorsAndFunctions.java","5321","15365","20686"
"2014-03-28","TestStringOperatorsAndFunctions.java","5321","15454","20775"
"2014-07-20","TestStringOperatorsAndFunctions.java","114427","163088","277515"
"2014-07-20","TestStringOperatorsAndFunctions.java","115885","154502","270387"
"2015-07-30","BasicLogicalPlanVisitor.java","6598","9803","16401"
"2014-07-20","TestStringOperatorsAndFunctions.java","115974","154502","270476"
"2014-10-25","BasicLogicalPlanVisitor.java","113608","272228","385836"
"2015-07-22","BasicLogicalPlanVisitor.java","115400","375098","490498"
"2015-07-20","BasicLogicalPlanVisitor.java","114909","376647","491556"
"2013-12-30","BasicLogicalPlanVisitor.java","22072","44161","66233"
"2014-01-17","BasicLogicalPlanVisitor.java","27194","57493","84687"
"2014-12-30","BasicLogicalPlanVisitor.java","113863","303299","417162"
"2015-07-30","BasicLogicalPlanVisitor.java","115485","378388","493873"
"2014-03-20","BasicLogicalPlanVisitor.java","53943","105308","159251"
"2013-10-17","BasicLogicalPlanVisitor.java","8009","7033","15042"
"2014-03-31","BasicLogicalPlanVisitor.java","54377","110604","164981"
"2014-06-07","BasicLogicalPlanVisitor.java","112851","196719","309570"
"2014-12-10","BasicLogicalPlanVisitor.java","113678","289177","402855"
"2014-07-09","BasicLogicalPlanVisitor.java","112901","200925","313826"
"2014-05-16","BasicLogicalPlanVisitor.java","112844","186645","299489"
"2015-03-20","BasicLogicalPlanVisitor.java","114885","313549","428434"
"2014-01-22","BasicLogicalPlanVisitor.java","27739","59911","87650"
"2014-04-14","BasicLogicalPlanVisitor.java","54590","117711","172301"
"2015-01-08","SumLong.java","96264","306644","402908"
"2015-07-22","TestExternalSortExec.java","83983","381308","465291"
"2014-02-10","TestExternalSortExec.java","60372","134470","194842"
"2013-07-26","TestExternalSortExec.java","13947","7998","21945"
"2014-03-20","TestExternalSortExec.java","61564","150556","212120"
"2015-06-25","TestExternalSortExec.java","83566","379828","463394"
"2015-05-19","TestExternalSortExec.java","83580","371138","454718"
"2014-12-18","TestExternalSortExec.java","82703","306590","389293"
"2014-12-12","TestExternalSortExec.java","82600","306204","388804"
"2014-02-04","TestExternalSortExec.java","59834","133461","193295"
"2013-09-13","TestExternalSortExec.java","29230","37699","66929"
"2015-07-22","BasicLogicalPlanVisitor.java","13334","11294","24628"
"2015-07-30","BasicLogicalPlanVisitor.java","19762","20927","40689"
"2015-07-22","TestExternalSortExec.java","139274","362501","501775"
"2014-03-20","TestExternalSortExec.java","13771","28665","42436"
"2015-06-25","TestExternalSortExec.java","138588","360752","499340"
"2015-05-19","TestExternalSortExec.java","138200","351660","489860"
"2014-12-18","TestExternalSortExec.java","134072","283861","417933"
"2014-12-12","TestExternalSortExec.java","133881","283387","417268"
"2014-10-25","BasicLogicalPlanVisitor.java","122367","258898","381265"
"2015-07-22","BasicLogicalPlanVisitor.java","128319","365928","494247"
"2015-07-20","BasicLogicalPlanVisitor.java","127799","367448","495247"
"2014-01-17","BasicLogicalPlanVisitor.java","7041","15251","22292"
"2014-12-30","BasicLogicalPlanVisitor.java","123744","291091","414835"
"2015-07-30","BasicLogicalPlanVisitor.java","128409","369223","497632"
"2014-03-20","BasicLogicalPlanVisitor.java","43910","73186","117096"
"2014-03-31","BasicLogicalPlanVisitor.java","44465","78603","123068"
"2014-06-07","BasicLogicalPlanVisitor.java","121205","182984","304189"
"2014-12-10","BasicLogicalPlanVisitor.java","123540","276950","400490"
"2014-07-09","BasicLogicalPlanVisitor.java","121396","187331","308727"
"2014-05-16","BasicLogicalPlanVisitor.java","121000","172712","293712"
"2015-03-20","BasicLogicalPlanVisitor.java","126469","303044","429513"
"2014-01-22","BasicLogicalPlanVisitor.java","8534","18617","27151"
"2014-04-14","BasicLogicalPlanVisitor.java","45146","86178","131324"
"2015-07-22","TestExternalSortExec.java","77102","380376","457478"
"2014-02-10","TestExternalSortExec.java","50548","130595","181143"
"2014-03-20","TestExternalSortExec.java","51937","146878","198815"
"2015-06-25","TestExternalSortExec.java","76682","378893","455575"
"2015-05-19","TestExternalSortExec.java","76696","370203","446899"
"2014-12-18","TestExternalSortExec.java","75819","305655","381474"
"2014-12-12","TestExternalSortExec.java","75716","305269","380985"
"2014-02-04","TestExternalSortExec.java","50011","129587","179598"
"2013-09-13","TestExternalSortExec.java","16364","30782","47146"
"2014-10-25","BasicLogicalPlanVisitor.java","128255","256576","384831"
"2015-07-22","BasicLogicalPlanVisitor.java","134808","364207","499015"
"2015-07-20","BasicLogicalPlanVisitor.java","134285","365724","500009"
"2014-12-30","BasicLogicalPlanVisitor.java","129959","289096","419055"
"2015-07-30","BasicLogicalPlanVisitor.java","134898","367502","502400"
"2014-03-20","BasicLogicalPlanVisitor.java","38604","59670","98274"
"2014-03-31","BasicLogicalPlanVisitor.java","39281","65209","104490"
"2014-06-07","BasicLogicalPlanVisitor.java","126982","180551","307533"
"2014-12-10","BasicLogicalPlanVisitor.java","129734","274934","404668"
"2014-07-09","BasicLogicalPlanVisitor.java","127179","184904","312083"
"2014-05-16","BasicLogicalPlanVisitor.java","126729","170231","296960"
"2015-03-20","BasicLogicalPlanVisitor.java","132708","301073","433781"
"2014-01-22","BasicLogicalPlanVisitor.java","1916","3789","5705"
"2014-04-14","BasicLogicalPlanVisitor.java","40068","72890","112958"
"2015-07-22","BasicLogicalPlanVisitor.java","60435","130697","191132"
"2015-07-20","BasicLogicalPlanVisitor.java","52062","124364","176426"
"2015-07-30","BasicLogicalPlanVisitor.java","65395","138862","204257"
"2015-03-20","BasicLogicalPlanVisitor.java","25842","35070","60912"
"2015-07-22","TestExternalSortExec.java","148435","356768","505203"
"2015-06-25","TestExternalSortExec.java","147333","354603","501936"
"2015-05-19","TestExternalSortExec.java","146888","345454","492342"
"2014-12-18","TestExternalSortExec.java","141335","276230","417565"
"2014-12-12","TestExternalSortExec.java","141143","275755","416898"
"2014-12-08","CurrentDate.java","47420","138991","186411"
"2014-10-25","BasicLogicalPlanVisitor.java","123305","230560","353865"
"2015-07-22","BasicLogicalPlanVisitor.java","148435","356768","505203"
"2015-07-20","BasicLogicalPlanVisitor.java","147434","357807","505241"
"2014-12-30","BasicLogicalPlanVisitor.java","141361","279432","420793"
"2015-07-30","BasicLogicalPlanVisitor.java","148637","360175","508812"
"2014-03-31","BasicLogicalPlanVisitor.java","1166","6028","7194"
"2014-06-07","BasicLogicalPlanVisitor.java","114823","147326","262149"
"2014-12-10","BasicLogicalPlanVisitor.java","128534","252668","381202"
"2014-07-09","BasicLogicalPlanVisitor.java","115215","151874","267089"
"2014-05-16","BasicLogicalPlanVisitor.java","114475","136911","251386"
"2015-03-20","BasicLogicalPlanVisitor.java","144724","292023","436747"
"2014-04-14","BasicLogicalPlanVisitor.java","2519","14275","16794"
"2014-10-25","BasicLogicalPlanVisitor.java","111613","271209","382822"
"2015-07-22","BasicLogicalPlanVisitor.java","114348","375022","489370"
"2015-07-20","BasicLogicalPlanVisitor.java","113857","376571","490428"
"2013-12-30","BasicLogicalPlanVisitor.java","17109","40174","57283"
"2014-01-17","BasicLogicalPlanVisitor.java","22328","53603","75931"
"2014-12-30","BasicLogicalPlanVisitor.java","111874","302286","414160"
"2015-07-30","BasicLogicalPlanVisitor.java","114433","378312","492745"
"2014-03-20","BasicLogicalPlanVisitor.java","49329","101670","150999"
"2014-03-31","BasicLogicalPlanVisitor.java","49763","106966","156729"
"2014-06-07","BasicLogicalPlanVisitor.java","110847","195691","306538"
"2014-12-10","BasicLogicalPlanVisitor.java","111689","288164","399853"
"2014-07-09","BasicLogicalPlanVisitor.java","110897","199897","310794"
"2014-05-16","BasicLogicalPlanVisitor.java","110840","185617","296457"
"2015-03-20","BasicLogicalPlanVisitor.java","113839","313479","427318"
"2014-01-22","BasicLogicalPlanVisitor.java","22931","56079","79010"
"2014-04-14","BasicLogicalPlanVisitor.java","50005","114102","164107"
"2015-07-22","TestExternalSortExec.java","19007","20070","39077"
"2014-10-25","BasicLogicalPlanVisitor.java","124768","227161","351929"
"2015-07-22","BasicLogicalPlanVisitor.java","152080","355551","507631"
"2015-07-20","BasicLogicalPlanVisitor.java","151021","356532","507553"
"2014-12-30","BasicLogicalPlanVisitor.java","144736","277945","422681"
"2015-07-30","BasicLogicalPlanVisitor.java","152293","358969","511262"
"2014-06-07","BasicLogicalPlanVisitor.java","116215","143856","260071"
"2014-12-10","BasicLogicalPlanVisitor.java","130110","249382","379492"
"2014-07-09","BasicLogicalPlanVisitor.java","116619","148416","265035"
"2014-05-16","BasicLogicalPlanVisitor.java","115802","133376","249178"
"2015-03-20","BasicLogicalPlanVisitor.java","148149","290586","438735"
"2014-04-14","BasicLogicalPlanVisitor.java","1493","8387","9880"
"2014-06-05","CurrentTime.java","82129","203040","285169"
"2014-10-25","BasicLogicalPlanVisitor.java","38686","113438","152124"
"2015-07-22","BasicLogicalPlanVisitor.java","101771","277601","379372"
"2015-07-20","BasicLogicalPlanVisitor.java","96300","274170","370470"
"2014-12-30","BasicLogicalPlanVisitor.java","72329","177897","250226"
"2015-07-30","BasicLogicalPlanVisitor.java","102932","281967","384899"
"2014-12-10","BasicLogicalPlanVisitor.java","49666","141297","190963"
"2014-07-09","BasicLogicalPlanVisitor.java","5493","9649","15142"
"2015-03-20","BasicLogicalPlanVisitor.java","84929","199725","284654"
"2015-07-22","TestExternalSortExec.java","27443","37210","64653"
"2015-06-25","TestExternalSortExec.java","11050","19754","30804"
"2015-07-22","TestExternalSortExec.java","63812","137250","201062"
"2015-06-25","TestExternalSortExec.java","54730","127105","181835"
"2015-05-19","TestExternalSortExec.java","49728","113399","163127"
"2015-07-22","TestExternalSortExec.java","65125","138846","203971"
"2015-06-25","TestExternalSortExec.java","56229","128887","185116"
"2015-05-19","TestExternalSortExec.java","51242","115196","166438"
"2014-12-18","TestExternalSortExec.java","3812","4095","7907"
"2015-07-22","TestExternalSortExec.java","138834","362532","501366"
"2014-02-10","TestExternalSortExec.java","951","1422","2373"
"2014-03-20","TestExternalSortExec.java","14615","29980","44595"
"2015-06-25","TestExternalSortExec.java","138151","360786","498937"
"2015-05-19","TestExternalSortExec.java","137763","351694","489457"
"2014-12-18","TestExternalSortExec.java","133656","283916","417572"
"2014-12-12","TestExternalSortExec.java","133465","283442","416907"
"2015-07-22","TestExternalSortExec.java","90097","378953","469050"
"2014-02-10","TestExternalSortExec.java","47742","113371","161113"
"2014-03-20","TestExternalSortExec.java","53377","133900","187277"
"2015-06-25","TestExternalSortExec.java","89662","377455","467117"
"2015-05-19","TestExternalSortExec.java","89676","368765","458441"
"2014-12-18","TestExternalSortExec.java","88684","304102","392786"
"2014-12-12","TestExternalSortExec.java","88499","303634","392133"
"2014-02-04","TestExternalSortExec.java","47180","112338","159518"
"2015-06-02","DatePartFromDate.java","136406","358031","494437"
"2015-07-22","BasicLogicalPlanVisitor.java","87058","171257","258315"
"2015-07-20","BasicLogicalPlanVisitor.java","79025","165264","244289"
"2014-12-30","BasicLogicalPlanVisitor.java","37110","51047","88157"
"2015-07-30","BasicLogicalPlanVisitor.java","88747","176151","264898"
"2015-03-20","BasicLogicalPlanVisitor.java","58593","81758","140351"
"2015-07-22","TestFullOuterHashJoinExec.java","97986","378206","476192"
"2014-10-25","TestFullOuterHashJoinExec.java","96260","275402","371662"
"2014-03-20","TestFullOuterHashJoinExec.java","52811","124698","177509"
"2015-09-16","TestFullOuterHashJoinExec.java","98375","396575","494950"
"2014-12-12","TestFullOuterHashJoinExec.java","96304","302803","399107"
"2014-08-11","TestFullOuterHashJoinExec.java","95984","214129","310113"
"2014-11-25","TestFullOuterHashJoinExec.java","96298","289270","385568"
"2015-09-16","TestFullOuterHashJoinExec.java","112342","130322","242664"
"2015-07-22","TestFullOuterHashJoinExec.java","85037","186115","271152"
"2015-09-16","TestFullOuterHashJoinExec.java","123168","242226","365394"
"2014-12-12","TestFullOuterHashJoinExec.java","35492","62849","98341"
"2014-11-25","TestFullOuterHashJoinExec.java","9599","23429","33028"
"2015-07-22","TestFullOuterHashJoinExec.java","148435","356768","505203"
"2014-10-25","TestFullOuterHashJoinExec.java","123305","230560","353865"
"2015-09-16","TestFullOuterHashJoinExec.java","150042","376355","526397"
"2014-12-12","TestFullOuterHashJoinExec.java","141143","275755","416898"
"2014-08-11","TestFullOuterHashJoinExec.java","116292","162550","278842"
"2014-11-25","TestFullOuterHashJoinExec.java","127525","248610","376135"
"2014-10-25","BasicLogicalPlanVisitor.java","35808","106404","142212"
"2015-07-22","BasicLogicalPlanVisitor.java","101142","272816","373958"
"2015-07-20","BasicLogicalPlanVisitor.java","95661","269375","365036"
"2014-12-30","BasicLogicalPlanVisitor.java","69654","171066","240720"
"2015-07-30","BasicLogicalPlanVisitor.java","102351","277230","379581"
"2014-12-10","BasicLogicalPlanVisitor.java","46845","134320","181165"
"2015-03-20","BasicLogicalPlanVisitor.java","82485","193125","275610"
"2014-10-25","BasicLogicalPlanVisitor.java","39295","124114","163409"
"2015-07-22","BasicLogicalPlanVisitor.java","100121","286018","386139"
"2015-07-20","BasicLogicalPlanVisitor.java","95150","283087","378237"
"2014-12-30","BasicLogicalPlanVisitor.java","72201","187836","260037"
"2015-07-30","BasicLogicalPlanVisitor.java","101253","290355","391608"
"2014-06-07","BasicLogicalPlanVisitor.java","1916","11983","13899"
"2014-12-10","BasicLogicalPlanVisitor.java","49767","151465","201232"
"2014-07-09","BasicLogicalPlanVisitor.java","7337","21560","28897"
"2015-03-20","BasicLogicalPlanVisitor.java","84248","209111","293359"
"2015-07-22","BasicLogicalPlanVisitor.java","40411","101445","141856"
"2015-07-20","BasicLogicalPlanVisitor.java","30112","93186","123298"
"2015-07-30","BasicLogicalPlanVisitor.java","45759","109998","155757"
"2015-07-22","TestFullOuterHashJoinExec.java","65125","138846","203971"
"2015-09-16","TestFullOuterHashJoinExec.java","112995","204696","317691"
"2015-07-22","TestFullOuterHashJoinExec.java","105001","267076","372077"
"2014-10-25","TestFullOuterHashJoinExec.java","33915","94912","128827"
"2015-09-16","TestFullOuterHashJoinExec.java","138818","318873","457691"
"2014-12-12","TestFullOuterHashJoinExec.java","64622","152976","217598"
"2014-11-25","TestFullOuterHashJoinExec.java","41797","116624","158421"
"2015-07-22","TestFullOuterHashJoinExec.java","87619","174867","262486"
"2015-09-16","TestFullOuterHashJoinExec.java","127466","232694","360160"
"2014-12-12","TestFullOuterHashJoinExec.java","31236","44763","75999"
"2014-05-22","DatePartFromTime.java","128837","176295","305132"
"2014-12-08","DatePartFromTime.java","132189","273928","406117"
"2014-12-08","DatePartFromTime.java","47149","141430","188579"
"2014-10-25","BasicLogicalPlanVisitor.java","90841","275983","366824"
"2015-07-22","BasicLogicalPlanVisitor.java","92493","378713","471206"
"2013-10-11","BasicLogicalPlanVisitor.java","10623","37145","47768"
"2015-07-20","BasicLogicalPlanVisitor.java","92060","380320","472380"
"2013-12-30","BasicLogicalPlanVisitor.java","30031","78642","108673"
"2014-01-17","BasicLogicalPlanVisitor.java","33977","90798","124775"
"2014-12-30","BasicLogicalPlanVisitor.java","91068","307026","398094"
"2015-07-30","BasicLogicalPlanVisitor.java","92576","382001","474577"
"2014-03-20","BasicLogicalPlanVisitor.java","53620","131507","185127"
"2013-10-17","BasicLogicalPlanVisitor.java","18091","43637","61728"
"2014-03-31","BasicLogicalPlanVisitor.java","54015","136764","190779"
"2014-06-07","BasicLogicalPlanVisitor.java","90192","200582","290774"
"2014-12-10","BasicLogicalPlanVisitor.java","90885","292906","383791"
"2014-07-09","BasicLogicalPlanVisitor.java","90186","204732","294918"
"2014-05-16","BasicLogicalPlanVisitor.java","90185","190508","280693"
"2015-03-20","BasicLogicalPlanVisitor.java","92073","317259","409332"
"2014-01-22","BasicLogicalPlanVisitor.java","34327","93021","127348"
"2014-04-14","BasicLogicalPlanVisitor.java","54172","143815","197987"
"2014-10-25","BasicLogicalPlanVisitor.java","80777","276420","357197"
"2015-07-22","BasicLogicalPlanVisitor.java","82392","379113","461505"
"2013-10-11","BasicLogicalPlanVisitor.java","12051","49074","61125"
"2015-07-20","BasicLogicalPlanVisitor.java","81962","380723","462685"
"2013-12-30","BasicLogicalPlanVisitor.java","29748","88860","118608"
"2014-01-17","BasicLogicalPlanVisitor.java","33046","100368","133414"
"2014-12-30","BasicLogicalPlanVisitor.java","80987","307446","388433"
"2015-07-30","BasicLogicalPlanVisitor.java","82475","382401","464876"
"2014-03-20","BasicLogicalPlanVisitor.java","46502","134890","181392"
"2013-10-17","BasicLogicalPlanVisitor.java","18691","54738","73429"
"2014-03-31","BasicLogicalPlanVisitor.java","46890","140140","187030"
"2014-06-07","BasicLogicalPlanVisitor.java","80302","201193","281495"
"2014-12-10","BasicLogicalPlanVisitor.java","80804","293326","374130"
"2014-07-09","BasicLogicalPlanVisitor.java","80294","205341","285635"
"2014-05-16","BasicLogicalPlanVisitor.java","80295","191119","271414"
"2015-03-20","BasicLogicalPlanVisitor.java","81982","317669","399651"
"2013-09-16","BasicLogicalPlanVisitor.java","4863","15364","20227"
"2014-01-22","BasicLogicalPlanVisitor.java","33373","102568","135941"
"2014-04-14","BasicLogicalPlanVisitor.java","46981","147125","194106"
"2014-10-25","BasicLogicalPlanVisitor.java","129240","255688","384928"
"2015-07-22","BasicLogicalPlanVisitor.java","136371","363897","500268"
"2015-07-20","BasicLogicalPlanVisitor.java","135843","365409","501252"
"2014-12-30","BasicLogicalPlanVisitor.java","131478","288742","420220"
"2015-07-30","BasicLogicalPlanVisitor.java","136459","367190","503649"
"2014-03-20","BasicLogicalPlanVisitor.java","37186","56379","93565"
"2014-03-31","BasicLogicalPlanVisitor.java","37867","61922","99789"
"2014-06-07","BasicLogicalPlanVisitor.java","127876","179572","307448"
"2014-12-10","BasicLogicalPlanVisitor.java","131253","274580","405833"
"2014-07-09","BasicLogicalPlanVisitor.java","128079","183931","312010"
"2014-05-16","BasicLogicalPlanVisitor.java","127623","169252","296875"
"2015-03-20","BasicLogicalPlanVisitor.java","134250","300742","434992"
"2014-04-14","BasicLogicalPlanVisitor.java","38774","69723","108497"
"2014-10-25","BasicLogicalPlanVisitor.java","128433","223932","352365"
"2015-07-22","BasicLogicalPlanVisitor.java","157450","354027","511477"
"2015-07-20","BasicLogicalPlanVisitor.java","156364","354981","511345"
"2014-12-30","BasicLogicalPlanVisitor.java","149801","276116","425917"
"2015-07-30","BasicLogicalPlanVisitor.java","157670","357452","515122"
"2014-06-07","BasicLogicalPlanVisitor.java","119570","140317","259887"
"2014-12-10","BasicLogicalPlanVisitor.java","134229","246607","380836"
"2014-07-09","BasicLogicalPlanVisitor.java","119986","144889","264875"
"2014-05-16","BasicLogicalPlanVisitor.java","119156","129836","248992"
"2015-03-20","BasicLogicalPlanVisitor.java","153254","288797","442051"
"2014-12-08","DatePartFromTimestamp.java","132189","273928","406117"
"2014-05-22","DatePartFromTimestamp.java","128837","176295","305132"
"2015-03-03","DatePartFromTimestamp.java","132652","293388","426040"
"2014-10-25","ExplainLogicalPlanVisitor.java","90841","275983","366824"
"2014-02-21","ExplainLogicalPlanVisitor.java","48964","115502","164466"
"2015-07-22","ExplainLogicalPlanVisitor.java","92493","378713","471206"
"2013-12-30","ExplainLogicalPlanVisitor.java","30031","78642","108673"
"2014-01-17","ExplainLogicalPlanVisitor.java","33977","90798","124775"
"2014-07-09","ExplainLogicalPlanVisitor.java","90186","204732","294918"
"2014-05-16","ExplainLogicalPlanVisitor.java","90185","190508","280693"
"2013-10-11","ExplainLogicalPlanVisitor.java","10623","37145","47768"
"2014-03-20","ExplainLogicalPlanVisitor.java","53620","131507","185127"
"2015-07-30","ExplainLogicalPlanVisitor.java","92576","382001","474577"
"2015-03-03","DatePartFromTimestamp.java","56695","75692","132387"
"2014-11-25","TestFullOuterMergeJoinExec.java","96298","289270","385568"
"2015-07-22","TestFullOuterMergeJoinExec.java","97986","378206","476192"
"2014-02-20","TestFullOuterMergeJoinExec.java","47745","108430","156175"
"2014-03-20","TestFullOuterMergeJoinExec.java","52811","124698","177509"
"2014-12-12","TestFullOuterMergeJoinExec.java","96304","302803","399107"
"2014-08-11","TestFullOuterMergeJoinExec.java","95984","214129","310113"
"2015-06-24","TestFullOuterMergeJoinExec.java","97493","376548","474041"
"2014-12-18","TestFullOuterMergeJoinExec.java","96489","303271","399760"
"2015-02-02","TestFullOuterMergeJoinExec.java","96492","308110","404602"
"2015-07-22","ExplainLogicalPlanVisitor.java","85037","186115","271152"
"2015-07-30","ExplainLogicalPlanVisitor.java","86568","190851","277419"
"2015-07-22","TestFullOuterMergeJoinExec.java","87619","174867","262486"
"2014-12-12","TestFullOuterMergeJoinExec.java","31236","44763","75999"
"2015-06-24","TestFullOuterMergeJoinExec.java","79551","165634","245185"
"2014-12-18","TestFullOuterMergeJoinExec.java","34934","48744","83678"
"2015-02-02","TestFullOuterMergeJoinExec.java","51613","70259","121872"
"2014-10-25","ExplainLogicalPlanVisitor.java","120151","238755","358906"
"2015-07-22","ExplainLogicalPlanVisitor.java","142198","361880","504078"
"2014-07-09","ExplainLogicalPlanVisitor.java","112511","160519","273030"
"2014-05-16","ExplainLogicalPlanVisitor.java","111892","145677","257569"
"2014-03-20","ExplainLogicalPlanVisitor.java","11088","22437","33525"
"2015-07-30","ExplainLogicalPlanVisitor.java","142320","365207","507527"
"2015-07-30","ExplainLogicalPlanVisitor.java","6598","9803","16401"
"2014-11-25","TestFullOuterMergeJoinExec.java","123130","255417","378547"
"2015-07-22","TestFullOuterMergeJoinExec.java","142345","361880","504225"
"2014-03-20","TestFullOuterMergeJoinExec.java","11637","22839","34476"
"2014-12-12","TestFullOuterMergeJoinExec.java","136489","282303","418792"
"2014-08-11","TestFullOuterMergeJoinExec.java","113686","171146","284832"
"2015-06-24","TestFullOuterMergeJoinExec.java","141613","359983","501596"
"2014-12-18","TestFullOuterMergeJoinExec.java","136680","282777","419457"
"2015-02-02","TestFullOuterMergeJoinExec.java","136745","287678","424423"
"2014-10-25","ExplainLogicalPlanVisitor.java","122367","258898","381265"
"2014-02-21","ExplainLogicalPlanVisitor.java","34953","52880","87833"
"2015-07-22","ExplainLogicalPlanVisitor.java","128319","365928","494247"
"2014-01-17","ExplainLogicalPlanVisitor.java","7041","15251","22292"
"2014-07-09","ExplainLogicalPlanVisitor.java","121396","187331","308727"
"2014-05-16","ExplainLogicalPlanVisitor.java","121000","172712","293712"
"2014-03-20","ExplainLogicalPlanVisitor.java","43910","73186","117096"
"2015-07-30","ExplainLogicalPlanVisitor.java","128409","369223","497632"
"2014-12-08","DatePartFromTimestamp.java","47149","141430","188579"
"2015-03-03","DatePartFromTimestamp.java","80841","194119","274960"
"2014-11-25","TestFullOuterMergeJoinExec.java","127525","248610","376135"
"2015-07-22","TestFullOuterMergeJoinExec.java","148435","356768","505203"
"2014-12-12","TestFullOuterMergeJoinExec.java","141143","275755","416898"
"2014-08-11","TestFullOuterMergeJoinExec.java","116292","162550","278842"
"2015-06-24","TestFullOuterMergeJoinExec.java","147333","354501","501834"
"2014-12-18","TestFullOuterMergeJoinExec.java","141335","276230","417565"
"2015-02-02","TestFullOuterMergeJoinExec.java","141653","281384","423037"
"2014-10-25","ExplainLogicalPlanVisitor.java","128255","256576","384831"
"2014-02-21","ExplainLogicalPlanVisitor.java","29432","39149","68581"
"2015-07-22","ExplainLogicalPlanVisitor.java","134808","364207","499015"
"2014-07-09","ExplainLogicalPlanVisitor.java","127179","184904","312083"
"2014-05-16","ExplainLogicalPlanVisitor.java","126729","170231","296960"
"2014-03-20","ExplainLogicalPlanVisitor.java","38604","59670","98274"
"2015-07-30","ExplainLogicalPlanVisitor.java","134898","367502","502400"
"2014-10-25","ExplainLogicalPlanVisitor.java","35808","106404","142212"
"2015-07-22","ExplainLogicalPlanVisitor.java","101142","272816","373958"
"2015-07-30","ExplainLogicalPlanVisitor.java","102351","277230","379581"
"2014-10-25","ExplainLogicalPlanVisitor.java","39295","124114","163409"
"2015-07-22","ExplainLogicalPlanVisitor.java","100121","286018","386139"
"2014-07-09","ExplainLogicalPlanVisitor.java","7337","21560","28897"
"2015-07-30","ExplainLogicalPlanVisitor.java","101253","290355","391608"
"2014-10-25","ExplainLogicalPlanVisitor.java","113608","272228","385836"
"2014-02-21","ExplainLogicalPlanVisitor.java","47373","87389","134762"
"2015-07-22","ExplainLogicalPlanVisitor.java","115400","375098","490498"
"2013-12-30","ExplainLogicalPlanVisitor.java","22072","44161","66233"
"2014-01-17","ExplainLogicalPlanVisitor.java","27194","57493","84687"
"2014-07-09","ExplainLogicalPlanVisitor.java","112901","200925","313826"
"2014-05-16","ExplainLogicalPlanVisitor.java","112844","186645","299489"
"2014-03-20","ExplainLogicalPlanVisitor.java","53943","105308","159251"
"2015-07-30","ExplainLogicalPlanVisitor.java","115485","378388","493873"
"2015-07-22","TestFullOuterMergeJoinExec.java","65125","138846","203971"
"2015-06-24","TestFullOuterMergeJoinExec.java","56224","128780","185004"
"2014-12-18","TestFullOuterMergeJoinExec.java","3812","4095","7907"
"2015-02-02","TestFullOuterMergeJoinExec.java","21785","26904","48689"
"2014-11-25","TestFullOuterMergeJoinExec.java","41797","116624","158421"
"2015-07-22","TestFullOuterMergeJoinExec.java","105001","267076","372077"
"2014-12-12","TestFullOuterMergeJoinExec.java","64622","152976","217598"
"2015-06-24","TestFullOuterMergeJoinExec.java","99090","260000","359090"
"2014-12-18","TestFullOuterMergeJoinExec.java","67239","155876","223115"
"2015-02-02","TestFullOuterMergeJoinExec.java","79960","173433","253393"
"2015-07-22","TestFullOuterMergeJoinExec.java","20138","21303","41441"
"2014-10-25","ExplainLogicalPlanVisitor.java","123305","230560","353865"
"2015-07-22","ExplainLogicalPlanVisitor.java","148435","356768","505203"
"2014-07-09","ExplainLogicalPlanVisitor.java","115215","151874","267089"
"2014-05-16","ExplainLogicalPlanVisitor.java","114475","136911","251386"
"2015-07-30","ExplainLogicalPlanVisitor.java","148637","360175","508812"
"2014-10-25","LogicalPlanVisitor.java","74568","277263","351831"
"2014-12-10","LogicalPlanVisitor.java","74591","294165","368756"
"2013-12-30","LogicalPlanVisitor.java","35788","101952","137740"
"2015-07-22","LogicalPlanVisitor.java","76023","379796","455819"
"2014-05-16","LogicalPlanVisitor.java","74110","191986","266096"
"2015-07-30","LogicalPlanVisitor.java","76113","383091","459204"
"2014-03-20","LogicalPlanVisitor.java","49637","145077","194714"
"2014-03-31","LogicalPlanVisitor.java","49989","150291","200280"
"2014-06-07","LogicalPlanVisitor.java","74106","202049","276155"
"2014-12-10","LogicalPlanVisitor.java","14466","31345","45811"
"2015-07-22","LogicalPlanVisitor.java","85037","186115","271152"
"2015-07-30","LogicalPlanVisitor.java","86568","190851","277419"
"2015-07-22","LogicalPlanVisitor.java","87058","171257","258315"
"2015-07-30","LogicalPlanVisitor.java","88747","176151","264898"
"2014-10-25","LogicalPlanVisitor.java","122367","258898","381265"
"2014-12-10","LogicalPlanVisitor.java","123540","276950","400490"
"2015-07-22","LogicalPlanVisitor.java","128319","365928","494247"
"2014-05-16","LogicalPlanVisitor.java","121000","172712","293712"
"2015-07-30","LogicalPlanVisitor.java","128409","369223","497632"
"2014-03-20","LogicalPlanVisitor.java","43910","73186","117096"
"2014-03-31","LogicalPlanVisitor.java","44465","78603","123068"
"2014-06-07","LogicalPlanVisitor.java","121205","182984","304189"
"2015-07-30","LogicalPlanVisitor.java","6598","9803","16401"
"2014-10-25","LogicalPlanVisitor.java","39295","124114","163409"
"2014-12-10","LogicalPlanVisitor.java","49767","151465","201232"
"2015-07-22","LogicalPlanVisitor.java","100121","286018","386139"
"2015-07-30","LogicalPlanVisitor.java","101253","290355","391608"
"2014-06-07","LogicalPlanVisitor.java","1916","11983","13899"
"2014-11-11","DateTimePartFromUnixTimestamp.java","127005","244726","371731"
"2014-05-22","DateTimePartFromUnixTimestamp.java","115250","143880","259130"
"2015-06-02","DateTimePartFromUnixTimestamp.java","147434","350231","497665"
"2015-03-03","DateTimePartFromUnixTimestamp.java","142320","284228","426548"
"2015-06-02","DateTimePartFromUnixTimestamp.java","79364","164440","243804"
"2015-03-03","DateTimePartFromUnixTimestamp.java","57746","81933","139679"
"2014-11-11","DateTimePartFromUnixTimestamp.java","44074","133165","177239"
"2015-06-02","DateTimePartFromUnixTimestamp.java","94265","268432","362697"
"2015-03-03","DateTimePartFromUnixTimestamp.java","80841","194119","274960"
"2014-10-25","LogicalPlanVisitor.java","123305","230560","353865"
"2014-12-10","LogicalPlanVisitor.java","128534","252668","381202"
"2015-07-22","LogicalPlanVisitor.java","148435","356768","505203"
"2014-05-16","LogicalPlanVisitor.java","114475","136911","251386"
"2015-07-30","LogicalPlanVisitor.java","148637","360175","508812"
"2014-03-31","LogicalPlanVisitor.java","1166","6028","7194"
"2014-06-07","LogicalPlanVisitor.java","114823","147326","262149"
"2014-10-25","LogicalPlanVisitor.java","124768","227161","351929"
"2014-12-10","LogicalPlanVisitor.java","130110","249382","379492"
"2015-07-22","LogicalPlanVisitor.java","152080","355551","507631"
"2014-05-16","LogicalPlanVisitor.java","115802","133376","249178"
"2015-07-30","LogicalPlanVisitor.java","152293","358969","511262"
"2014-06-07","LogicalPlanVisitor.java","116215","143856","260071"
"2014-10-25","LogicalPlanVisitor.java","38686","113438","152124"
"2014-12-10","LogicalPlanVisitor.java","49666","141297","190963"
"2015-07-22","LogicalPlanVisitor.java","101771","277601","379372"
"2015-07-30","LogicalPlanVisitor.java","102932","281967","384899"
"2014-10-25","SimpleAlgebraVisitor.java","128255","256576","384831"
"2015-09-23","SimpleAlgebraVisitor.java","135749","399864","535613"
"2015-08-14","SimpleAlgebraVisitor.java","135186","373834","509020"
"2014-03-31","SimpleAlgebraVisitor.java","39281","65209","104490"
"2015-07-22","SimpleAlgebraVisitor.java","134808","364207","499015"
"2014-07-09","SimpleAlgebraVisitor.java","127179","184904","312083"
"2015-09-23","SimpleAlgebraVisitor.java","123717","259511","383228"
"2015-08-14","SimpleAlgebraVisitor.java","87981","198308","286289"
"2015-07-22","SimpleAlgebraVisitor.java","85037","186115","271152"
"2015-07-22","TestFullOuterMergeJoinExec.java","63812","137250","201062"
"2015-06-24","TestFullOuterMergeJoinExec.java","54725","126998","181723"
"2015-02-02","TestFullOuterMergeJoinExec.java","19982","24818","44800"
"2015-06-02","DateTimePartFromUnixTimestamp.java","29544","90433","119977"
"2015-07-22","TestFullOuterMergeJoinExec.java","48017","116619","164636"
"2015-06-24","TestFullOuterMergeJoinExec.java","36830","104267","141097"
"2015-09-23","SimpleAlgebraVisitor.java","108801","134268","243069"
"2015-09-16","TestHashAntiJoinExec.java","112342","130322","242664"
"2015-07-22","TestHashAntiJoinExec.java","80151","379263","459414"
"2014-03-20","TestHashAntiJoinExec.java","45091","135870","180961"
"2015-09-16","TestHashAntiJoinExec.java","80564","397656","478220"
"2015-06-25","TestHashAntiJoinExec.java","79719","377768","457487"
"2014-02-20","TestHashAntiJoinExec.java","43456","123033","166489"
"2015-05-19","TestHashAntiJoinExec.java","79733","369078","448811"
"2014-08-11","TestHashAntiJoinExec.java","78283","215320","293603"
"2013-10-07","TestHashAntiJoinExec.java","11755","38406","50161"
"2015-06-02","TestHashAntiJoinExec.java","79719","373874","453593"
"2014-10-25","SimpleAlgebraVisitor.java","124768","227161","351929"
"2015-09-23","SimpleAlgebraVisitor.java","154031","392218","546249"
"2015-08-14","SimpleAlgebraVisitor.java","152971","365691","518662"
"2015-07-22","SimpleAlgebraVisitor.java","152080","355551","507631"
"2014-07-09","SimpleAlgebraVisitor.java","116619","148416","265035"
"2015-07-22","TestHashAntiJoinExec.java","148435","356768","505203"
"2015-09-16","TestHashAntiJoinExec.java","150042","376355","526397"
"2015-06-25","TestHashAntiJoinExec.java","147333","354603","501936"
"2015-05-19","TestHashAntiJoinExec.java","146888","345454","492342"
"2014-08-11","TestHashAntiJoinExec.java","116292","162550","278842"
"2015-06-02","TestHashAntiJoinExec.java","146994","350370","497364"
"2015-09-23","SimpleAlgebraVisitor.java","113376","148092","261468"
"2015-08-14","SimpleAlgebraVisitor.java","10815","20064","30879"
"2014-01-20","NowTimestamp.java","50514","119658","170172"
"2014-06-05","NowTimestamp.java","82129","203040","285169"
"2015-07-22","TestHashAntiJoinExec.java","19007","20070","39077"
"2015-09-16","TestHashAntiJoinExec.java","122409","141452","263861"
"2014-06-05","NowTimestamp.java","127845","179612","307457"
"2015-07-22","TestHashAntiJoinExec.java","142345","361880","504225"
"2014-03-20","TestHashAntiJoinExec.java","11637","22839","34476"
"2015-09-16","TestHashAntiJoinExec.java","143287","380802","524089"
"2015-06-25","TestHashAntiJoinExec.java","141613","360085","501698"
"2015-05-19","TestHashAntiJoinExec.java","141216","350984","492200"
"2014-08-11","TestHashAntiJoinExec.java","113686","171146","284832"
"2015-06-02","TestHashAntiJoinExec.java","141321","355899","497220"
"2014-10-25","SimpleAlgebraVisitor.java","35808","106404","142212"
"2015-09-23","SimpleAlgebraVisitor.java","133385","339775","473160"
"2015-08-14","SimpleAlgebraVisitor.java","103454","284377","387831"
"2015-07-22","SimpleAlgebraVisitor.java","101142","272816","373958"
"2014-05-22","ToCharTimestamp.java","121399","187728","309127"
"2014-01-20","ToCharTimestamp.java","17944","35216","53160"
"2014-12-08","ToCharTimestamp.java","122585","283195","405780"
"2015-06-02","ToCharTimestamp.java","125529","366025","491554"
"2015-07-22","TestHashAntiJoinExec.java","27443","37210","64653"
"2015-09-16","TestHashAntiJoinExec.java","122471","150218","272689"
"2015-06-25","TestHashAntiJoinExec.java","11050","19754","30804"
"2015-06-02","TestHashAntiJoinExec.java","6893","11703","18596"
"2014-12-08","ToCharTimestamp.java","47149","141430","188579"
"2015-06-02","ToCharTimestamp.java","94265","268432","362697"
"2014-05-22","ToCharTimestamp.java","127866","176923","304789"
"2014-12-08","ToCharTimestamp.java","130637","273975","404612"
"2015-06-02","ToCharTimestamp.java","134817","358041","492858"
"2015-07-22","TestHashAntiJoinExec.java","105001","267076","372077"
"2015-09-16","TestHashAntiJoinExec.java","138818","318873","457691"
"2015-06-25","TestHashAntiJoinExec.java","99093","260105","359198"
"2015-05-19","TestHashAntiJoinExec.java","96109","248417","344526"
"2015-06-02","TestHashAntiJoinExec.java","98124","255242","353366"
"2015-06-02","ToCharTimestamp.java","78530","158416","236946"
"2015-07-22","TestHashAntiJoinExec.java","102640","375101","477741"
"2014-03-20","TestHashAntiJoinExec.java","54253","118381","172634"
"2015-09-16","TestHashAntiJoinExec.java","103123","393564","496687"
"2015-06-25","TestHashAntiJoinExec.java","102145","373543","475688"
"2014-02-20","TestHashAntiJoinExec.java","49083","102009","151092"
"2015-05-19","TestHashAntiJoinExec.java","102145","364839","466984"
"2014-08-11","TestHashAntiJoinExec.java","100578","210964","311542"
"2015-06-02","TestHashAntiJoinExec.java","102131","369635","471766"
"2015-07-22","TestHashAntiJoinExec.java","80472","379263","459735"
"2014-03-20","TestHashAntiJoinExec.java","45226","135684","180910"
"2015-09-16","TestHashAntiJoinExec.java","80885","397656","478541"
"2015-06-25","TestHashAntiJoinExec.java","80040","377768","457808"
"2014-02-20","TestHashAntiJoinExec.java","43584","122840","166424"
"2015-05-19","TestHashAntiJoinExec.java","80054","369078","449132"
"2014-08-11","TestHashAntiJoinExec.java","78604","215320","293924"
"2013-10-07","TestHashAntiJoinExec.java","11869","38199","50068"
"2015-06-02","TestHashAntiJoinExec.java","80040","373874","453914"
"2013-10-21","TestLogicalNode.java","41932","78996","120928"
"2014-10-25","TestLogicalNode.java","82572","278819","361391"
"2014-01-17","TestLogicalNode.java","50436","118362","168798"
"2014-02-21","TestLogicalNode.java","60863","138506","199369"
"2014-10-25","TestLogicalNode.java","111728","270911","382639"
"2014-01-17","TestLogicalNode.java","21525","52387","73912"
"2014-02-21","TestLogicalNode.java","42119","82698","124817"
"2014-05-22","ToDate.java","2925","16860","19785"
"2015-06-02","ToDate.java","92613","280715","373328"
"2015-04-10","ToDate.java","84600","225198","309798"
"2015-07-22","TestHashAntiJoinExec.java","21810","26767","48577"
"2015-09-16","TestHashAntiJoinExec.java","123244","146181","269425"
"2015-06-25","TestHashAntiJoinExec.java","4342","8236","12578"
"2015-06-02","ToDate.java","94265","268432","362697"
"2015-04-10","ToDate.java","85907","212570","298477"
"2015-09-04","TestHashJoinExec.java","108497","121494","229991"
"2015-07-22","TestHashJoinExec.java","83983","381308","465291"
"2014-03-20","TestHashJoinExec.java","61564","150556","212120"
"2015-06-25","TestHashJoinExec.java","83566","379828","463394"
"2014-08-11","TestHashJoinExec.java","82338","217588","299926"
"2013-09-24","TestHashJoinExec.java","32312","43760","76072"
"2015-06-24","TestHashJoinExec.java","83566","379726","463292"
"2014-12-12","TestHashJoinExec.java","82600","306204","388804"
"2015-06-02","TestHashJoinExec.java","83566","375934","459500"
"2014-02-20","TestHashJoinExec.java","60665","137646","198311"
"2015-09-04","TestHashJoinExec.java","84320","394642","478962"
"2014-10-25","TestLogicalNode.java","128255","256576","384831"
"2014-02-21","TestLogicalNode.java","29432","39149","68581"
"2015-07-22","TestHashJoinExec.java","148435","356768","505203"
"2015-06-25","TestHashJoinExec.java","147333","354603","501936"
"2014-08-11","TestHashJoinExec.java","116292","162550","278842"
"2015-06-24","TestHashJoinExec.java","147333","354501","501834"
"2014-12-12","TestHashJoinExec.java","141143","275755","416898"
"2015-06-02","TestHashJoinExec.java","146994","350370","497364"
"2015-09-04","TestHashJoinExec.java","149915","371245","521160"
"2014-10-25","TestLogicalNode.java","120151","238755","358906"
"2015-06-02","ToDate.java","23393","70897","94290"
"2015-07-22","TestHashJoinExec.java","19007","20070","39077"
"2015-09-04","TestHashJoinExec.java","118649","132709","251358"
"2014-01-20","ToTimestampInt.java","17944","35216","53160"
"2014-05-22","ToTimestampInt.java","121399","187728","309127"
"2014-05-22","ToTimestampInt.java","127866","176923","304789"
"2015-03-03","FadvisedChunkedFile.java","84814","126137","210951"
"2015-03-03","FadvisedFileRegion.java","84814","126137","210951"
"2014-12-08","ToTimestampText.java","47149","141430","188579"
"2015-07-22","TestHashJoinExec.java","105001","267076","372077"
"2015-06-25","TestHashJoinExec.java","99093","260105","359198"
"2015-06-24","TestHashJoinExec.java","99090","260000","359090"
"2014-12-12","TestHashJoinExec.java","64622","152976","217598"
"2015-06-02","TestHashJoinExec.java","98124","255242","353366"
"2015-09-04","TestHashJoinExec.java","134748","309820","444568"
"2015-07-22","TestHashJoinExec.java","92687","378564","471251"
"2014-03-20","TestHashJoinExec.java","51824","129368","181192"
"2015-06-25","TestHashJoinExec.java","92252","377066","469318"
"2014-08-11","TestHashJoinExec.java","90775","214577","305352"
"2015-06-24","TestHashJoinExec.java","92252","376964","469216"
"2014-12-12","TestHashJoinExec.java","91073","303229","394302"
"2015-06-02","TestHashJoinExec.java","92252","373172","465424"
"2014-02-20","TestHashJoinExec.java","46555","112088","158643"
"2015-09-04","TestHashJoinExec.java","93049","391923","484972"
"2015-07-22","TestHashJoinExec.java","20138","21303","41441"
"2015-06-25","TestHashJoinExec.java","1142","1244","2386"
"2015-09-04","TestHashJoinExec.java","119523","133685","253208"
"2015-04-18","FunctionLoader.java","92487","142115","234602"
"2015-08-20","FunctionLoader.java","143513","253400","396913"
"2015-12-21","FunctionLoader.java","150215","295778","445993"
"2015-07-22","TestHashJoinExec.java","65125","138846","203971"
"2015-06-25","TestHashJoinExec.java","56229","128887","185116"
"2015-06-24","TestHashJoinExec.java","56224","128780","185004"
"2015-06-02","TestHashJoinExec.java","54160","122924","177084"
"2015-09-04","TestHashJoinExec.java","109912","196630","306542"
"2015-03-03","FileCloseListener.java","144714","284640","429354"
"2015-07-22","TestHashJoinExec.java","21810","26767","48577"
"2015-06-25","TestHashJoinExec.java","4342","8236","12578"
"2015-06-24","TestHashJoinExec.java","3889","7681","11570"
"2015-09-04","TestHashJoinExec.java","119504","137458","256962"
"2015-07-22","TestHashJoinExec.java","141710","362054","503764"
"2014-03-20","TestHashJoinExec.java","12316","24327","36643"
"2015-06-25","TestHashJoinExec.java","140980","360261","501241"
"2014-08-11","TestHashJoinExec.java","113157","171426","284583"
"2015-06-24","TestHashJoinExec.java","140980","360159","501139"
"2014-12-12","TestHashJoinExec.java","135870","282493","418363"
"2015-06-02","TestHashJoinExec.java","140688","356075","496763"
"2015-09-04","TestHashJoinExec.java","142669","376010","518679"
"2015-08-20","FunctionLoader.java","83529","143788","227317"
"2015-12-21","FunctionLoader.java","96338","192273","288611"
"2015-03-03","HttpDataServerChannelInitializer.java","82775","314577","397352"
"2015-12-21","FunctionLoader.java","31552","67228","98780"
"2015-09-23","HttpDataServerHandler.java","84547","417220","501767"
"2015-03-03","HttpDataServerHandler.java","82775","314577","397352"
"2015-12-24","HttpDataServerHandler.java","84591","429333","513924"
"2015-12-24","HttpDataServerHandler.java","11692","23761","35453"
"2015-09-23","HttpDataServerHandler.java","96213","197084","293297"
"2015-12-24","HttpDataServerHandler.java","99734","212674","312408"
"2015-06-02","TestHashPartitioner.java","83566","375934","459500"
"2014-07-29","TestHashPartitioner.java","82254","214654","296908"
"2015-06-02","GeoIPInCountryText.java","144213","354057","498270"
"2015-06-02","TestHashPartitioner.java","97972","257940","355912"
"2015-09-16","TestHashSemiJoinExec.java","127466","232694","360160"
"2015-06-25","TestHashSemiJoinExec.java","79554","165739","245293"
"2015-05-19","TestHashSemiJoinExec.java","75863","153344","229207"
"2015-06-24","TestHashSemiJoinExec.java","79551","165634","245185"
"2015-06-02","TestHashSemiJoinExec.java","78134","160425","238559"
"2014-11-25","TestHashSemiJoinExec.java","78879","290422","369301"
"2014-03-20","TestHashSemiJoinExec.java","45226","135684","180910"
"2015-09-16","TestHashSemiJoinExec.java","80885","397656","478541"
"2015-06-25","TestHashSemiJoinExec.java","80040","377768","457808"
"2015-05-19","TestHashSemiJoinExec.java","80054","369078","449132"
"2014-08-11","TestHashSemiJoinExec.java","78604","215320","293924"
"2015-06-24","TestHashSemiJoinExec.java","80040","377666","457706"
"2013-10-07","TestHashSemiJoinExec.java","11869","38199","50068"
"2015-06-02","TestHashSemiJoinExec.java","80040","373874","453914"
"2014-11-25","TestHashSemiJoinExec.java","127525","248610","376135"
"2015-09-16","TestHashSemiJoinExec.java","150042","376355","526397"
"2015-06-25","TestHashSemiJoinExec.java","147333","354603","501936"
"2015-05-19","TestHashSemiJoinExec.java","146888","345454","492342"
"2014-08-11","TestHashSemiJoinExec.java","116292","162550","278842"
"2015-06-24","TestHashSemiJoinExec.java","147333","354501","501834"
"2015-06-02","TestHashSemiJoinExec.java","146994","350370","497364"
"2015-09-16","TestHashSemiJoinExec.java","122409","141452","263861"
"2015-09-16","TestHashSemiJoinExec.java","122471","150218","272689"
"2015-06-25","TestHashSemiJoinExec.java","11050","19754","30804"
"2015-06-24","TestHashSemiJoinExec.java","10605","19207","29812"
"2015-06-02","TestHashSemiJoinExec.java","6893","11703","18596"
"2014-11-25","TestHashSemiJoinExec.java","41797","116624","158421"
"2015-09-16","TestHashSemiJoinExec.java","138818","318873","457691"
"2015-06-25","TestHashSemiJoinExec.java","99093","260105","359198"
"2015-05-19","TestHashSemiJoinExec.java","96109","248417","344526"
"2015-06-24","TestHashSemiJoinExec.java","99090","260000","359090"
"2015-06-02","TestHashSemiJoinExec.java","98124","255242","353366"
"2015-03-03","AdvancedDataRetriever.java","82775","314577","397352"
"2014-12-18","AdvancedDataRetriever.java","82703","306590","389293"
"2015-09-16","TestHashSemiJoinExec.java","123278","142423","265701"
"2015-06-25","TestHashSemiJoinExec.java","1142","1244","2386"
"2014-11-25","TestHashSemiJoinExec.java","100928","286141","387069"
"2014-03-20","TestHashSemiJoinExec.java","54253","118381","172634"
"2015-09-16","TestHashSemiJoinExec.java","103123","393564","496687"
"2015-06-25","TestHashSemiJoinExec.java","102145","373543","475688"
"2015-05-19","TestHashSemiJoinExec.java","102145","364839","466984"
"2014-08-11","TestHashSemiJoinExec.java","100578","210964","311542"
"2015-06-24","TestHashSemiJoinExec.java","102145","373441","475586"
"2015-06-02","TestHashSemiJoinExec.java","102131","369635","471766"
"2015-03-03","AdvancedDataRetriever.java","26158","34073","60231"
"2014-01-20","Ceil.java","17870","42511","60381"
"2015-09-16","TestHashSemiJoinExec.java","123244","146181","269425"
"2015-06-25","TestHashSemiJoinExec.java","4342","8236","12578"
"2015-06-24","TestHashSemiJoinExec.java","3889","7681","11570"
"2015-09-16","TestLeftOuterHashJoinExec.java","112342","130322","242664"
"2015-07-22","TestLeftOuterHashJoinExec.java","97986","378206","476192"
"2014-03-20","TestLeftOuterHashJoinExec.java","52811","124698","177509"
"2015-09-16","TestLeftOuterHashJoinExec.java","98375","396575","494950"
"2015-06-02","TestLeftOuterHashJoinExec.java","97493","372756","470249"
"2014-12-12","TestLeftOuterHashJoinExec.java","96304","302803","399107"
"2014-08-11","TestLeftOuterHashJoinExec.java","95984","214129","310113"
"2015-06-24","TestLeftOuterHashJoinExec.java","97493","376548","474041"
"2015-05-19","TestLeftOuterHashJoinExec.java","97507","367960","465467"
"2014-02-10","TestLeftOuterHashJoinExec.java","46797","103790","150587"
"2015-05-15","TestLeftOuterHashJoinExec.java","97507","331556","429063"
"2014-12-18","TestLeftOuterHashJoinExec.java","96489","303271","399760"
"2015-02-02","TestLeftOuterHashJoinExec.java","96492","308110","404602"
"2013-10-28","TestLeftOuterHashJoinExec.java","20106","41123","61229"
"2015-07-22","TestLeftOuterHashJoinExec.java","148435","356768","505203"
"2015-09-16","TestLeftOuterHashJoinExec.java","150042","376355","526397"
"2015-06-02","TestLeftOuterHashJoinExec.java","146994","350370","497364"
"2014-12-12","TestLeftOuterHashJoinExec.java","141143","275755","416898"
"2014-08-11","TestLeftOuterHashJoinExec.java","116292","162550","278842"
"2015-06-24","TestLeftOuterHashJoinExec.java","147333","354501","501834"
"2015-05-19","TestLeftOuterHashJoinExec.java","146888","345454","492342"
"2015-05-15","TestLeftOuterHashJoinExec.java","146888","309050","455938"
"2014-12-18","TestLeftOuterHashJoinExec.java","141335","276230","417565"
"2015-02-02","TestLeftOuterHashJoinExec.java","141653","281384","423037"
"2015-12-24","TajoPullServerService.java","98022","204613","302635"
"2015-04-01","TajoPullServerService.java","80973","319819","400792"
"2015-12-24","TajoPullServerService.java","82028","427465","509493"
"2014-09-03","TajoPullServerService.java","79566","269666","349232"
"2015-03-03","TajoPullServerService.java","80046","312543","392589"
"2014-09-11","TajoPullServerService.java","79566","269842","349408"
"2014-07-11","TajoPullServerService.java","79274","207845","287119"
"2013-10-21","TajoPullServerService.java","21282","58986","80268"
"2014-01-14","TajoPullServerService.java","32712","96804","129516"
"2014-08-21","TajoPullServerService.java","79513","220784","300297"
"2014-08-05","TajoPullServerService.java","79490","213954","293444"
"2014-09-20","TajoPullServerService.java","79567","270741","350308"
"2015-06-02","Div.java","122913","366311","489224"
"2015-04-01","TajoPullServerService.java","89113","137859","226972"
"2015-12-24","TajoPullServerService.java","147300","302637","449937"
"2015-03-03","TajoPullServerService.java","85169","127566","212735"
"2014-09-11","TajoPullServerService.java","56","232","288"
"2014-09-20","TajoPullServerService.java","1118","2192","3310"
"2015-07-22","TestLeftOuterHashJoinExec.java","21810","26767","48577"
"2015-09-16","TestLeftOuterHashJoinExec.java","123244","146181","269425"
"2015-06-24","TestLeftOuterHashJoinExec.java","3889","7681","11570"
"2015-04-01","TajoPullServerService.java","6698","13047","19745"
"2015-12-24","TajoPullServerService.java","99734","212674","312408"
"2015-06-02","Mod.java","122913","366311","489224"
"2015-04-01","TajoPullServerService.java","89110","137680","226790"
"2015-12-24","TajoPullServerService.java","147456","302617","450073"
"2015-03-03","TajoPullServerService.java","85166","127387","212553"
"2014-09-20","TajoPullServerService.java","1062","1960","3022"
"2015-07-22","TestLeftOuterHashJoinExec.java","65125","138846","203971"
"2015-09-16","TestLeftOuterHashJoinExec.java","112995","204696","317691"
"2015-06-02","TestLeftOuterHashJoinExec.java","54160","122924","177084"
"2015-06-24","TestLeftOuterHashJoinExec.java","56224","128780","185004"
"2015-05-19","TestLeftOuterHashJoinExec.java","51242","115196","166438"
"2015-05-15","TestLeftOuterHashJoinExec.java","41284","68834","110118"
"2014-12-18","TestLeftOuterHashJoinExec.java","3812","4095","7907"
"2015-02-02","TestLeftOuterHashJoinExec.java","21785","26904","48689"
"2014-07-31","Round.java","115087","203003","318090"
"2013-12-08","Round.java","1584","7072","8656"
"2014-07-31","Round.java","120204","202632","322836"
"2014-08-01","RoundFloat8.java","9275","33794","43069"
"2015-06-02","RoundFloat8.java","93291","277705","370996"
"2015-07-22","TestLeftOuterHashJoinExec.java","105001","267076","372077"
"2015-09-16","TestLeftOuterHashJoinExec.java","138818","318873","457691"
"2015-06-02","TestLeftOuterHashJoinExec.java","98124","255242","353366"
"2014-12-12","TestLeftOuterHashJoinExec.java","64622","152976","217598"
"2015-06-24","TestLeftOuterHashJoinExec.java","99090","260000","359090"
"2015-05-19","TestLeftOuterHashJoinExec.java","96109","248417","344526"
"2015-05-15","TestLeftOuterHashJoinExec.java","90494","206398","296892"
"2014-12-18","TestLeftOuterHashJoinExec.java","67239","155876","223115"
"2015-02-02","TestLeftOuterHashJoinExec.java","79960","173433","253393"
"2015-06-02","RoundFloat8.java","97948","257843","355791"
"2015-07-22","TestLeftOuterHashJoinExec.java","20138","21303","41441"
"2015-09-16","TestLeftOuterHashJoinExec.java","123278","142423","265701"
"2015-07-22","TestLeftOuterHashJoinExec.java","27443","37210","64653"
"2015-09-16","TestLeftOuterHashJoinExec.java","122471","150218","272689"
"2015-06-02","TestLeftOuterHashJoinExec.java","6893","11703","18596"
"2015-06-24","TestLeftOuterHashJoinExec.java","10605","19207","29812"
"2015-07-22","TestLeftOuterHashJoinExec.java","139274","362501","501775"
"2014-03-20","TestLeftOuterHashJoinExec.java","13771","28665","42436"
"2015-09-16","TestLeftOuterHashJoinExec.java","140107","381314","521421"
"2015-06-02","TestLeftOuterHashJoinExec.java","138305","356575","494880"
"2014-12-12","TestLeftOuterHashJoinExec.java","133881","283387","417268"
"2014-08-11","TestLeftOuterHashJoinExec.java","111287","172439","283726"
"2015-06-24","TestLeftOuterHashJoinExec.java","138588","360650","499238"
"2015-05-19","TestLeftOuterHashJoinExec.java","138200","351660","489860"
"2015-05-15","TestLeftOuterHashJoinExec.java","138200","315256","453456"
"2014-12-18","TestLeftOuterHashJoinExec.java","134072","283861","417933"
"2015-02-02","TestLeftOuterHashJoinExec.java","134160","288785","422945"
"2015-07-22","TestLeftOuterHashJoinExec.java","30245","76416","106661"
"2015-09-16","TestLeftOuterHashJoinExec.java","88359","152510","240869"
"2015-06-02","TestLeftOuterHashJoinExec.java","13886","55100","68986"
"2015-06-24","TestLeftOuterHashJoinExec.java","16933","61939","78872"
"2015-05-19","TestLeftOuterHashJoinExec.java","10582","46986","57568"
"2015-07-22","TestLeftOuterHashJoinExec.java","63812","137250","201062"
"2015-09-16","TestLeftOuterHashJoinExec.java","111897","203315","315212"
"2015-06-02","TestLeftOuterHashJoinExec.java","52646","121127","173773"
"2015-06-24","TestLeftOuterHashJoinExec.java","54725","126998","181723"
"2015-05-19","TestLeftOuterHashJoinExec.java","49728","113399","163127"
"2015-05-15","TestLeftOuterHashJoinExec.java","39759","67026","106785"
"2015-02-02","TestLeftOuterHashJoinExec.java","19982","24818","44800"
"2015-06-02","Ascii.java","122457","366311","488768"
"2015-06-02","BitLength.java","118277","366469","484746"
"2015-04-01","TajoPullServerService.java","83349","193624","276973"
"2015-12-24","TajoPullServerService.java","136454","353320","489774"
"2014-09-03","TajoPullServerService.java","3899","65428","69327"
"2015-03-03","TajoPullServerService.java","79520","183446","262966"
"2014-09-11","TajoPullServerService.java","3925","65630","69555"
"2014-08-21","TajoPullServerService.java","3425","16125","19550"
"2014-08-05","TajoPullServerService.java","1817","7710","9527"
"2014-09-20","TajoPullServerService.java","4649","67252","71901"
"2014-10-25","BTrim.java","100367","272785","373152"
"2014-01-20","BTrim.java","31717","77032","108749"
"2014-12-08","BTrim.java","100409","289062","389471"
"2015-06-02","BTrim.java","101613","370152","471765"
"2014-12-08","BTrim.java","11591","27826","39417"
"2015-06-02","BTrim.java","76027","172148","248175"
"2014-10-25","BTrim.java","129162","256265","385427"
"2014-12-08","BTrim.java","130637","273975","404612"
"2015-06-02","BTrim.java","134817","358041","492858"
"2015-04-01","TajoPullServerService.java","113951","315093","429044"
"2015-12-24","TajoPullServerService.java","115260","422993","538253"
"2014-09-03","TajoPullServerService.java","111439","263835","375274"
"2015-03-03","TajoPullServerService.java","112237","307030","419267"
"2014-09-11","TajoPullServerService.java","111439","264011","375450"
"2014-07-11","TajoPullServerService.java","110938","201805","312743"
"2014-01-14","TajoPullServerService.java","18778","45166","63944"
"2014-08-21","TajoPullServerService.java","111379","214946","326325"
"2014-08-05","TajoPullServerService.java","111331","208091","319422"
"2014-09-20","TajoPullServerService.java","111440","264910","376350"
"2015-07-22","TestLeftOuterHashJoinExec.java","48017","116619","164636"
"2015-09-16","TestLeftOuterHashJoinExec.java","98589","185171","283760"
"2015-06-02","TestLeftOuterHashJoinExec.java","34489","98134","132623"
"2015-06-24","TestLeftOuterHashJoinExec.java","36830","104267","141097"
"2015-05-19","TestLeftOuterHashJoinExec.java","31374","90209","121583"
"2015-05-15","TestLeftOuterHashJoinExec.java","21197","43628","64825"
"2015-06-02","BTrim.java","78530","158416","236946"
"2015-04-01","TajoPullServerService.java","129831","304585","434416"
"2015-12-24","TajoPullServerService.java","132998","414343","547341"
"2014-09-03","TajoPullServerService.java","124971","250979","375950"
"2015-03-03","TajoPullServerService.java","127555","295960","423515"
"2014-09-11","TajoPullServerService.java","124983","251167","376150"
"2014-07-11","TajoPullServerService.java","124328","188807","313135"
"2014-08-21","TajoPullServerService.java","124908","202087","326995"
"2014-08-05","TajoPullServerService.java","124827","195199","320026"
"2014-09-20","TajoPullServerService.java","124991","252073","377064"
"2015-06-02","CharLength.java","113915","369562","483477"
"2015-06-02","Chr.java","125108","366188","491296"
"2015-07-22","TestLeftOuterHashJoinExec.java","114917","374120","489037"
"2014-03-20","TestLeftOuterHashJoinExec.java","46583","97453","144036"
"2015-09-16","TestLeftOuterHashJoinExec.java","115410","392593","508003"
"2015-06-02","TestLeftOuterHashJoinExec.java","114373","368619","482992"
"2014-12-12","TestLeftOuterHashJoinExec.java","111487","296969","408456"
"2014-08-11","TestLeftOuterHashJoinExec.java","111039","208167","319206"
"2015-06-24","TestLeftOuterHashJoinExec.java","114383","372421","486804"
"2015-05-19","TestLeftOuterHashJoinExec.java","114387","363823","478210"
"2014-02-10","TestLeftOuterHashJoinExec.java","37589","73565","111154"
"2015-05-15","TestLeftOuterHashJoinExec.java","114387","327419","441806"
"2014-12-18","TestLeftOuterHashJoinExec.java","111672","297437","409109"
"2015-02-02","TestLeftOuterHashJoinExec.java","111697","302298","413995"
"2015-04-01","TajoPullServerService.java","88730","186305","275035"
"2015-12-24","TajoPullServerService.java","145037","349203","494240"
"2014-09-03","TajoPullServerService.java","625","49454","50079"
"2015-03-03","TajoPullServerService.java","84820","176046","260866"
"2014-09-11","TajoPullServerService.java","651","49656","50307"
"2014-09-20","TajoPullServerService.java","1570","51473","53043"
"2014-07-20","Concat.java","115885","154502","270387"
"2015-06-02","Concat.java","149520","349931","499451"
"2015-06-02","Concat.java","98077","259871","357948"
"2014-07-20","Concat_ws.java","115974","154502","270476"
"2015-06-02","Concat_ws.java","149609","349931","499540"
"2015-02-03","TestMergeJoinExec.java","82704","311381","394085"
"2014-10-25","TestMergeJoinExec.java","82572","278819","361391"
"2013-07-26","TestMergeJoinExec.java","13947","7998","21945"
"2015-07-20","TestMergeJoinExec.java","83572","378498","462070"
"2014-03-20","TestMergeJoinExec.java","61564","150556","212120"
"2015-06-25","TestMergeJoinExec.java","83566","379828","463394"
"2013-09-24","TestMergeJoinExec.java","32312","43760","76072"
"2014-11-25","TestMergeJoinExec.java","82590","292667","375257"
"2014-08-11","TestMergeJoinExec.java","82338","217588","299926"
"2014-12-12","TestMergeJoinExec.java","82600","306204","388804"
"2015-06-02","TestMergeJoinExec.java","83566","375934","459500"
"2015-07-20","TestMergeJoinExec.java","44976","111225","156201"
"2015-06-25","TestMergeJoinExec.java","37067","104652","141719"
"2015-06-02","TestMergeJoinExec.java","34426","98117","132543"
"2015-02-03","TestMergeJoinExec.java","54257","86687","140944"
"2015-07-20","TestMergeJoinExec.java","82712","181391","264103"
"2015-06-25","TestMergeJoinExec.java","77336","177351","254687"
"2014-11-25","TestMergeJoinExec.java","9599","23429","33028"
"2014-12-12","TestMergeJoinExec.java","35492","62849","98341"
"2015-06-02","TestMergeJoinExec.java","76027","172148","248175"
"2015-06-02","Concat_ws.java","98077","259871","357948"
"2015-02-03","TestMergeJoinExec.java","75820","310446","386266"
"2014-10-25","TestMergeJoinExec.java","75690","277886","353576"
"2015-07-20","TestMergeJoinExec.java","76688","377563","454251"
"2014-03-20","TestMergeJoinExec.java","51937","146878","198815"
"2015-06-25","TestMergeJoinExec.java","76682","378893","455575"
"2013-09-24","TestMergeJoinExec.java","20283","37680","57963"
"2014-11-25","TestMergeJoinExec.java","75707","291733","367440"
"2014-08-11","TestMergeJoinExec.java","75454","216653","292107"
"2014-12-12","TestMergeJoinExec.java","75716","305269","380985"
"2015-06-02","TestMergeJoinExec.java","76682","374999","451681"
"2015-06-02","Decode.java","130820","365207","496027"
"2015-02-03","TestMergeJoinExec.java","141653","281338","422991"
"2014-10-25","TestMergeJoinExec.java","123305","230560","353865"
"2015-07-20","TestMergeJoinExec.java","147482","353416","500898"
"2015-06-25","TestMergeJoinExec.java","147333","354603","501936"
"2014-11-25","TestMergeJoinExec.java","127525","248610","376135"
"2014-08-11","TestMergeJoinExec.java","116292","162550","278842"
"2014-12-12","TestMergeJoinExec.java","141143","275755","416898"
"2015-06-02","TestMergeJoinExec.java","146994","350370","497364"
"2015-07-20","TestMergeJoinExec.java","15214","13878","29092"
"2015-04-01","TajoPullServerService.java","85042","189424","274466"
"2015-12-24","TajoPullServerService.java","139723","350696","490419"
"2014-09-03","TajoPullServerService.java","2345","57981","60326"
"2015-03-03","TajoPullServerService.java","81134","179167","260301"
"2014-09-11","TajoPullServerService.java","2371","58183","60554"
"2014-08-21","TajoPullServerService.java","1759","8566","10325"
"2014-09-20","TajoPullServerService.java","3120","59830","62950"
"2015-04-01","TajoPullServerService.java","88793","136465","225258"
"2015-12-24","TajoPullServerService.java","147972","302235","450207"
"2015-03-03","TajoPullServerService.java","84814","126137","210951"
"2015-06-02","Digest.java","134921","358041","492962"
"2015-06-02","Encode.java","130820","365207","496027"
"2015-02-03","TestMergeJoinExec.java","91261","308490","399751"
"2014-10-25","TestMergeJoinExec.java","91029","275828","366857"
"2015-07-20","TestMergeJoinExec.java","92265","375743","468008"
"2014-03-20","TestMergeJoinExec.java","51824","129368","181192"
"2015-06-25","TestMergeJoinExec.java","92252","377066","469318"
"2014-11-25","TestMergeJoinExec.java","91067","289696","380763"
"2014-08-11","TestMergeJoinExec.java","90775","214577","305352"
"2014-12-12","TestMergeJoinExec.java","91073","303229","394302"
"2015-06-02","TestMergeJoinExec.java","92252","373172","465424"
"2015-06-02","FindInSet.java","130842","364340","495182"
"2015-02-03","TestMergeJoinExec.java","51641","70241","121882"
"2015-07-20","TestMergeJoinExec.java","85010","169859","254869"
"2015-06-25","TestMergeJoinExec.java","79554","165739","245293"
"2014-12-12","TestMergeJoinExec.java","31236","44763","75999"
"2015-06-02","TestMergeJoinExec.java","78134","160425","238559"
"2015-02-03","TestMergeJoinExec.java","79973","173400","253373"
"2014-10-25","TestMergeJoinExec.java","33915","94912","128827"
"2015-07-20","TestMergeJoinExec.java","103527","263203","366730"
"2015-06-25","TestMergeJoinExec.java","99093","260105","359198"
"2014-11-25","TestMergeJoinExec.java","41797","116624","158421"
"2014-12-12","TestMergeJoinExec.java","64622","152976","217598"
"2015-06-02","TestMergeJoinExec.java","98124","255242","353366"
"2015-02-03","TestMergeJoinExec.java","21858","26931","48789"
"2015-07-20","TestMergeJoinExec.java","62429","133751","196180"
"2015-06-25","TestMergeJoinExec.java","56229","128887","185116"
"2015-06-02","TestMergeJoinExec.java","54160","122924","177084"
"2015-03-18","NettyServerBase.java","4612","8692","13304"
"2015-11-10","NettyServerBase.java","97421","204081","301502"
"2015-07-20","TestMergeJoinExec.java","18080","20638","38718"
"2015-06-25","TestMergeJoinExec.java","4342","8236","12578"
"2015-11-10","NettyServerBase.java","95385","197965","293350"
"2014-10-25","TestPhysicalPlanner.java","82572","278819","361391"
"2013-07-26","TestPhysicalPlanner.java","13947","7998","21945"
"2014-03-20","TestPhysicalPlanner.java","61564","150556","212120"
"2015-05-19","TestPhysicalPlanner.java","83580","371138","454718"
"2013-09-16","TestPhysicalPlanner.java","30877","41982","72859"
"2015-06-25","TestPhysicalPlanner.java","83566","379828","463394"
"2013-09-27","TestPhysicalPlanner.java","32461","44668","77129"
"2014-12-12","TestPhysicalPlanner.java","82600","306204","388804"
"2014-11-25","TestPhysicalPlanner.java","82590","292667","375257"
"2015-07-30","TestPhysicalPlanner.java","84059","384589","468648"
"2014-08-21","TestPhysicalPlanner.java","82350","223260","305610"
"2015-09-01","TestPhysicalPlanner.java","84320","393358","477678"
"2014-01-17","TestPhysicalPlanner.java","50436","118362","168798"
"2013-08-12","TestPhysicalPlanner.java","17149","10701","27850"
"2014-08-11","TestPhysicalPlanner.java","82338","217588","299926"
"2013-08-12","TestPhysicalPlanner.java","16923","10169","27092"
"2013-09-24","TestPhysicalPlanner.java","32312","43760","76072"
"2015-06-02","TestPhysicalPlanner.java","83566","375934","459500"
"2014-12-18","TestPhysicalPlanner.java","82703","306590","389293"
"2015-02-02","TestPhysicalPlanner.java","82704","311427","394131"
"2014-02-01","TestPhysicalPlanner.java","59628","131090","190718"
"2015-06-24","TestPhysicalPlanner.java","83566","379726","463292"
"2014-01-02","TestPhysicalPlanner.java","49672","111858","161530"
"2014-08-21","TestPhysicalPlanner.java","82349","222925","305274"
"2014-08-20","TestPhysicalPlanner.java","82349","220789","303138"
"2015-07-22","TestPhysicalPlanner.java","83983","381308","465291"
"2014-05-28","TestPhysicalPlanner.java","82134","201727","283861"
"2015-09-23","TestPhysicalPlanner.java","84547","417220","501767"
"2013-10-28","TestPhysicalPlanner.java","44260","82382","126642"
"2014-01-25","TestPhysicalPlanner.java","51141","121619","172760"
"2014-02-10","TestPhysicalPlanner.java","60372","134470","194842"
"2014-08-23","TestPhysicalPlanner.java","82390","271489","353879"
"2015-03-03","NettyServerBase.java","82775","314577","397352"
"2015-03-18","NettyServerBase.java","83594","319476","403070"
"2013-08-15","NettyServerBase.java","22894","18028","40922"
"2015-11-10","NettyServerBase.java","84573","423035","507608"
"2014-02-17","NettyServerBase.java","60532","135764","196296"
"2014-02-28","NettyServerBase.java","60867","137572","198439"
"2015-05-19","TestPhysicalPlanner.java","73663","164974","238637"
"2015-06-25","TestPhysicalPlanner.java","77336","177351","254687"
"2014-12-12","TestPhysicalPlanner.java","35492","62849","98341"
"2014-11-25","TestPhysicalPlanner.java","9599","23429","33028"
"2015-07-30","TestPhysicalPlanner.java","86568","190851","277419"
"2015-09-01","TestPhysicalPlanner.java","118548","231339","349887"
"2015-06-02","TestPhysicalPlanner.java","76027","172148","248175"
"2014-12-18","TestPhysicalPlanner.java","38635","66275","104910"
"2015-02-02","TestPhysicalPlanner.java","54229","86705","140934"
"2015-06-24","TestPhysicalPlanner.java","77333","177246","254579"
"2015-07-22","TestPhysicalPlanner.java","85037","186115","271152"
"2015-09-23","TestPhysicalPlanner.java","123979","260405","384384"
"2014-10-25","TestPhysicalPlanner.java","75690","277886","353576"
"2014-03-20","TestPhysicalPlanner.java","51937","146878","198815"
"2015-05-19","TestPhysicalPlanner.java","76696","370203","446899"
"2013-09-16","TestPhysicalPlanner.java","18148","35202","53350"
"2015-06-25","TestPhysicalPlanner.java","76682","378893","455575"
"2013-09-27","TestPhysicalPlanner.java","20457","38613","59070"
"2014-12-12","TestPhysicalPlanner.java","75716","305269","380985"
"2014-11-25","TestPhysicalPlanner.java","75707","291733","367440"
"2015-07-30","TestPhysicalPlanner.java","77179","383658","460837"
"2014-08-21","TestPhysicalPlanner.java","75466","222325","297791"
"2015-09-01","TestPhysicalPlanner.java","77440","392427","469867"
"2014-01-17","TestPhysicalPlanner.java","40534","114409","154943"
"2013-08-12","TestPhysicalPlanner.java","3843","3344","7187"
"2014-08-11","TestPhysicalPlanner.java","75454","216653","292107"
"2013-08-12","TestPhysicalPlanner.java","3263","2458","5721"
"2013-09-24","TestPhysicalPlanner.java","20283","37680","57963"
"2015-06-02","TestPhysicalPlanner.java","76682","374999","451681"
"2014-12-18","TestPhysicalPlanner.java","75819","305655","381474"
"2015-02-02","TestPhysicalPlanner.java","75820","310492","386312"
"2014-02-01","TestPhysicalPlanner.java","49805","127216","177021"
"2015-06-24","TestPhysicalPlanner.java","76682","378791","455473"
"2014-01-02","TestPhysicalPlanner.java","38894","107029","145923"
"2014-08-21","TestPhysicalPlanner.java","75465","221990","297455"
"2014-08-20","TestPhysicalPlanner.java","75465","219854","295319"
"2015-07-22","TestPhysicalPlanner.java","77102","380376","457478"
"2014-05-28","TestPhysicalPlanner.java","75250","200792","276042"
"2015-09-23","TestPhysicalPlanner.java","77668","416290","493958"
"2013-10-28","TestPhysicalPlanner.java","33076","77147","110223"
"2014-01-25","TestPhysicalPlanner.java","41278","117705","158983"
"2014-02-10","TestPhysicalPlanner.java","50548","130595","181143"
"2014-08-23","TestPhysicalPlanner.java","75507","270555","346062"
"2015-03-03","NettyServerBase.java","76243","312911","389154"
"2015-03-18","NettyServerBase.java","77156","317904","395060"
"2015-11-10","NettyServerBase.java","78176","421504","499680"
"2014-02-17","NettyServerBase.java","47005","127103","174108"
"2014-02-28","NettyServerBase.java","47562","129133","176695"
"2015-06-02","InitCap.java","121911","366311","488222"
"2014-10-25","TestPhysicalPlanner.java","123305","230560","353865"
"2015-05-19","TestPhysicalPlanner.java","146888","345454","492342"
"2015-06-25","TestPhysicalPlanner.java","147333","354603","501936"
"2014-12-12","TestPhysicalPlanner.java","141143","275755","416898"
"2014-11-25","TestPhysicalPlanner.java","127525","248610","376135"
"2015-07-30","TestPhysicalPlanner.java","148637","360175","508812"
"2014-08-21","TestPhysicalPlanner.java","116384","168302","284686"
"2015-09-01","TestPhysicalPlanner.java","149918","369964","519882"
"2014-08-11","TestPhysicalPlanner.java","116292","162550","278842"
"2015-06-02","TestPhysicalPlanner.java","146994","350370","497364"
"2014-12-18","TestPhysicalPlanner.java","141335","276230","417565"
"2015-02-02","TestPhysicalPlanner.java","141653","281384","423037"
"2015-06-24","TestPhysicalPlanner.java","147333","354501","501834"
"2014-08-21","TestPhysicalPlanner.java","116384","167968","284352"
"2014-08-20","TestPhysicalPlanner.java","116376","165824","282200"
"2015-07-22","TestPhysicalPlanner.java","148435","356768","505203"
"2014-05-28","TestPhysicalPlanner.java","114813","145414","260227"
"2015-09-23","TestPhysicalPlanner.java","150362","394043","544405"
"2014-08-23","TestPhysicalPlanner.java","116462","216569","333031"
"2015-06-02","Left.java","119990","366462","486452"
"2015-06-25","TestPhysicalPlanner.java","11050","19754","30804"
"2015-07-30","TestPhysicalPlanner.java","33337","46309","79646"
"2015-09-01","TestPhysicalPlanner.java","115493","136973","252466"
"2015-06-02","TestPhysicalPlanner.java","6893","11703","18596"
"2015-06-24","TestPhysicalPlanner.java","10605","19207","29812"
"2015-07-22","TestPhysicalPlanner.java","27443","37210","64653"
"2015-09-23","TestPhysicalPlanner.java","123973","169088","293061"
"2014-10-25","TestPhysicalPlanner.java","90841","275983","366824"
"2014-03-20","TestPhysicalPlanner.java","53620","131507","185127"
"2015-05-19","TestPhysicalPlanner.java","92072","368525","460597"
"2015-06-25","TestPhysicalPlanner.java","92058","377215","469273"
"2013-09-27","TestPhysicalPlanner.java","3792","4894","8686"
"2014-12-12","TestPhysicalPlanner.java","90885","303384","394269"
"2014-11-25","TestPhysicalPlanner.java","90879","289851","380730"
"2015-07-30","TestPhysicalPlanner.java","92576","382001","474577"
"2014-08-21","TestPhysicalPlanner.java","90598","220403","311001"
"2015-09-01","TestPhysicalPlanner.java","92855","390788","483643"
"2014-01-17","TestPhysicalPlanner.java","33977","90798","124775"
"2014-08-11","TestPhysicalPlanner.java","90587","214732","305319"
"2013-09-24","TestPhysicalPlanner.java","3337","3680","7017"
"2015-06-02","TestPhysicalPlanner.java","92058","373321","465379"
"2014-12-18","TestPhysicalPlanner.java","91070","303852","394922"
"2015-02-02","TestPhysicalPlanner.java","91073","308691","399764"
"2014-02-01","TestPhysicalPlanner.java","47038","107395","154433"
"2015-06-24","TestPhysicalPlanner.java","92058","377113","469171"
"2014-01-02","TestPhysicalPlanner.java","30737","81818","112555"
"2014-08-21","TestPhysicalPlanner.java","90597","220068","310665"
"2014-08-20","TestPhysicalPlanner.java","90597","217932","308529"
"2015-07-22","TestPhysicalPlanner.java","92493","378713","471206"
"2014-05-28","TestPhysicalPlanner.java","90186","198674","288860"
"2015-09-23","TestPhysicalPlanner.java","93091","414659","507750"
"2013-10-28","TestPhysicalPlanner.java","22574","49591","72165"
"2014-01-25","TestPhysicalPlanner.java","34945","94318","129263"
"2014-02-10","TestPhysicalPlanner.java","47853","110846","158699"
"2014-08-23","TestPhysicalPlanner.java","90651","268645","359296"
"2015-07-30","TestPhysicalPlanner.java","25423","29691","55114"
"2015-09-01","TestPhysicalPlanner.java","115464","128240","243704"
"2015-07-22","TestPhysicalPlanner.java","19007","20070","39077"
"2015-09-23","TestPhysicalPlanner.java","124229","160640","284869"
"2014-10-25","TestPhysicalPlanner.java","91595","275635","367230"
"2014-03-20","TestPhysicalPlanner.java","52004","128789","180793"
"2015-05-19","TestPhysicalPlanner.java","92842","368193","461035"
"2015-06-25","TestPhysicalPlanner.java","92828","376883","469711"
"2014-12-12","TestPhysicalPlanner.java","91639","303036","394675"
"2014-11-25","TestPhysicalPlanner.java","91633","289503","381136"
"2015-07-30","TestPhysicalPlanner.java","93405","381728","475133"
"2014-08-21","TestPhysicalPlanner.java","91334","220037","311371"
"2015-09-01","TestPhysicalPlanner.java","93649","390480","484129"
"2014-01-17","TestPhysicalPlanner.java","32024","87743","119767"
"2014-08-11","TestPhysicalPlanner.java","91323","214366","305689"
"2015-06-02","TestPhysicalPlanner.java","92828","372989","465817"
"2014-12-18","TestPhysicalPlanner.java","91824","303504","395328"
"2015-02-02","TestPhysicalPlanner.java","91827","308343","400170"
"2014-02-01","TestPhysicalPlanner.java","45239","104494","149733"
"2015-06-24","TestPhysicalPlanner.java","92828","376781","469609"
"2014-01-02","TestPhysicalPlanner.java","28182","78161","106343"
"2014-08-21","TestPhysicalPlanner.java","91333","219702","311035"
"2014-08-20","TestPhysicalPlanner.java","91333","217566","308899"
"2015-07-22","TestPhysicalPlanner.java","93320","378438","471758"
"2014-05-28","TestPhysicalPlanner.java","90922","198308","289230"
"2015-09-23","TestPhysicalPlanner.java","93887","414353","508240"
"2013-10-28","TestPhysicalPlanner.java","19833","45748","65581"
"2014-01-25","TestPhysicalPlanner.java","33073","91344","124417"
"2014-02-10","TestPhysicalPlanner.java","46078","107969","154047"
"2014-08-23","TestPhysicalPlanner.java","91387","268279","359666"
"2015-06-02","Locate.java","123701","366301","490002"
"2015-05-19","TestPhysicalPlanner.java","51242","115196","166438"
"2015-06-25","TestPhysicalPlanner.java","56229","128887","185116"
"2015-07-30","TestPhysicalPlanner.java","69968","146894","216862"
"2015-09-01","TestPhysicalPlanner.java","107150","192584","299734"
"2015-06-02","TestPhysicalPlanner.java","54160","122924","177084"
"2014-12-18","TestPhysicalPlanner.java","3812","4095","7907"
"2015-02-02","TestPhysicalPlanner.java","21785","26904","48689"
"2015-06-24","TestPhysicalPlanner.java","56224","128780","185004"
"2015-07-22","TestPhysicalPlanner.java","65125","138846","203971"
"2015-09-23","TestPhysicalPlanner.java","113925","222994","336919"
"2015-05-19","TestPhysicalPlanner.java","75863","153344","229207"
"2015-06-25","TestPhysicalPlanner.java","79554","165739","245293"
"2014-12-12","TestPhysicalPlanner.java","31236","44763","75999"
"2015-07-30","TestPhysicalPlanner.java","89294","179747","269041"
"2015-09-01","TestPhysicalPlanner.java","122785","221746","344531"
"2015-06-02","TestPhysicalPlanner.java","78134","160425","238559"
"2014-12-18","TestPhysicalPlanner.java","34934","48744","83678"
"2015-02-02","TestPhysicalPlanner.java","51613","70259","121872"
"2015-06-24","TestPhysicalPlanner.java","79551","165634","245185"
"2015-07-22","TestPhysicalPlanner.java","87619","174867","262486"
"2015-09-23","TestPhysicalPlanner.java","128303","250899","379202"
"2015-09-01","TestPhysicalPlanner.java","100577","109085","209662"
"2015-09-23","TestPhysicalPlanner.java","111715","143858","255573"
"2014-10-25","Lpad.java","119482","267061","386543"
"2014-01-26","Lpad.java","19397","41234","60631"
"2014-01-20","Lpad.java","18071","38547","56618"
"2014-12-08","Lpad.java","119665","283479","403144"
"2015-06-02","Lpad.java","122611","366311","488922"
"2014-10-25","TestPhysicalPlanner.java","34961","90298","125259"
"2015-05-19","TestPhysicalPlanner.java","99984","246632","346616"
"2015-06-25","TestPhysicalPlanner.java","102952","258304","361256"
"2014-12-12","TestPhysicalPlanner.java","66674","149368","216042"
"2014-11-25","TestPhysicalPlanner.java","43315","112482","155797"
"2015-07-30","TestPhysicalPlanner.java","110174","269794","379968"
"2015-09-01","TestPhysicalPlanner.java","139543","307671","447214"
"2015-06-02","TestPhysicalPlanner.java","102002","253460","355462"
"2014-12-18","TestPhysicalPlanner.java","69762","152739","222501"
"2015-02-02","TestPhysicalPlanner.java","83579","171392","254971"
"2015-06-24","TestPhysicalPlanner.java","102949","258199","361148"
"2015-07-22","TestPhysicalPlanner.java","108911","265326","374237"
"2015-09-23","TestPhysicalPlanner.java","144149","335912","480061"
"2014-08-23","TestPhysicalPlanner.java","482","48671","49153"
"2014-12-08","Lpad.java","11591","27826","39417"
"2015-06-02","Lpad.java","76027","172148","248175"
"2014-10-25","Lpad.java","129780","255522","385302"
"2014-12-08","Lpad.java","131789","273766","405555"
"2015-06-02","Lpad.java","136007","357870","493877"
"2014-10-25","Lpad.java","129162","256265","385427"
"2014-01-26","Lpad.java","2140","3501","5641"
"2014-12-08","Lpad.java","130637","273975","404612"
"2015-06-02","Lpad.java","134817","358041","492858"
"2015-09-23","TestPhysicalPlanner.java","13621","37256","50877"
"2015-06-02","Lpad.java","78530","158416","236946"
"2014-10-25","TestPhysicalPlanner.java","128255","256576","384831"
"2014-03-20","TestPhysicalPlanner.java","38604","59670","98274"
"2015-05-19","TestPhysicalPlanner.java","133816","353448","487264"
"2015-06-25","TestPhysicalPlanner.java","134197","362533","496730"
"2014-12-12","TestPhysicalPlanner.java","129749","285427","415176"
"2014-11-25","TestPhysicalPlanner.java","129723","271874","401597"
"2015-07-30","TestPhysicalPlanner.java","134898","367502","502400"
"2014-08-21","TestPhysicalPlanner.java","127786","200770","328556"
"2015-09-01","TestPhysicalPlanner.java","135498","376610","512108"
"2014-08-11","TestPhysicalPlanner.java","127765","195089","322854"
"2015-06-02","TestPhysicalPlanner.java","133907","358349","492256"
"2014-12-18","TestPhysicalPlanner.java","129940","285901","415841"
"2015-02-02","TestPhysicalPlanner.java","130003","290800","420803"
"2014-02-01","TestPhysicalPlanner.java","25210","28746","53956"
"2015-06-24","TestPhysicalPlanner.java","134197","362431","496628"
"2014-08-21","TestPhysicalPlanner.java","127785","200435","328220"
"2014-08-20","TestPhysicalPlanner.java","127786","198300","326086"
"2015-07-22","TestPhysicalPlanner.java","134808","364207","499015"
"2014-05-28","TestPhysicalPlanner.java","127008","178675","305683"
"2015-09-23","TestPhysicalPlanner.java","135764","400511","536275"
"2014-01-25","TestPhysicalPlanner.java","3153","5705","8858"
"2014-02-10","TestPhysicalPlanner.java","26480","32652","59132"
"2014-08-23","TestPhysicalPlanner.java","127846","249019","376865"
"2014-10-25","TestPhysicalPlanner.java","74568","277263","351831"
"2014-03-20","TestPhysicalPlanner.java","49637","145077","194714"
"2015-05-19","TestPhysicalPlanner.java","75605","369611","445216"
"2013-09-16","TestPhysicalPlanner.java","14655","32208","46863"
"2015-06-25","TestPhysicalPlanner.java","75591","378301","453892"
"2013-09-27","TestPhysicalPlanner.java","17124","35779","52903"
"2014-12-12","TestPhysicalPlanner.java","74595","304647","379242"
"2014-11-25","TestPhysicalPlanner.java","74586","291111","365697"
"2015-07-30","TestPhysicalPlanner.java","76113","383091","459204"
"2014-08-21","TestPhysicalPlanner.java","74327","221685","296012"
"2015-09-01","TestPhysicalPlanner.java","76379","391865","468244"
"2014-01-17","TestPhysicalPlanner.java","38135","112509","150644"
"2014-08-11","TestPhysicalPlanner.java","74315","216013","290328"
"2013-09-24","TestPhysicalPlanner.java","16948","34844","51792"
"2015-06-02","TestPhysicalPlanner.java","75591","374407","449998"
"2014-12-18","TestPhysicalPlanner.java","74698","305033","379731"
"2015-02-02","TestPhysicalPlanner.java","74699","309870","384569"
"2014-02-01","TestPhysicalPlanner.java","47431","125341","172772"
"2015-06-24","TestPhysicalPlanner.java","75591","378199","453790"
"2014-01-02","TestPhysicalPlanner.java","36221","104855","141076"
"2014-08-21","TestPhysicalPlanner.java","74326","221350","295676"
"2014-08-20","TestPhysicalPlanner.java","74326","219214","293540"
"2015-07-22","TestPhysicalPlanner.java","76023","379796","455819"
"2014-05-28","TestPhysicalPlanner.java","74111","200152","274263"
"2015-09-23","TestPhysicalPlanner.java","76607","415728","492335"
"2013-10-28","TestPhysicalPlanner.java","30116","74686","104802"
"2014-01-25","TestPhysicalPlanner.java","38861","115787","154648"
"2014-02-10","TestPhysicalPlanner.java","48179","128725","176904"
"2014-08-23","TestPhysicalPlanner.java","74371","269918","344289"
"2014-10-25","LTrim.java","100367","272785","373152"
"2014-01-20","LTrim.java","31717","77032","108749"
"2014-12-08","LTrim.java","100409","289062","389471"
"2015-06-02","LTrim.java","101613","370152","471765"
"2014-10-25","TestPhysicalPlanner.java","33915","94912","128827"
"2015-05-19","TestPhysicalPlanner.java","96109","248417","344526"
"2015-06-25","TestPhysicalPlanner.java","99093","260105","359198"
"2014-12-12","TestPhysicalPlanner.java","64622","152976","217598"
"2014-11-25","TestPhysicalPlanner.java","41797","116624","158421"
"2015-07-30","TestPhysicalPlanner.java","106242","271522","377764"
"2014-08-21","TestPhysicalPlanner.java","813","6473","7286"
"2015-09-01","TestPhysicalPlanner.java","134728","308516","443244"
"2015-06-02","TestPhysicalPlanner.java","98124","255242","353366"
"2014-12-18","TestPhysicalPlanner.java","67239","155876","223115"
"2015-02-02","TestPhysicalPlanner.java","79960","173433","253393"
"2015-06-24","TestPhysicalPlanner.java","99090","260000","359090"
"2014-08-21","TestPhysicalPlanner.java","748","6074","6822"
"2014-08-20","TestPhysicalPlanner.java","463","3653","4116"
"2015-07-22","TestPhysicalPlanner.java","105001","267076","372077"
"2015-09-23","TestPhysicalPlanner.java","139331","336754","476085"
"2014-08-23","TestPhysicalPlanner.java","1287","55136","56423"
"2014-12-08","LTrim.java","11591","27826","39417"
"2015-06-02","LTrim.java","76027","172148","248175"
"2014-10-25","TestPhysicalPlanner.java","74262","277263","351525"
"2014-03-20","TestPhysicalPlanner.java","49720","145466","195186"
"2015-05-19","TestPhysicalPlanner.java","75299","369611","444910"
"2013-09-16","TestPhysicalPlanner.java","15155","33014","48169"
"2015-06-25","TestPhysicalPlanner.java","75285","378301","453586"
"2013-09-27","TestPhysicalPlanner.java","17576","36537","54113"
"2014-12-12","TestPhysicalPlanner.java","74289","304647","378936"
"2014-11-25","TestPhysicalPlanner.java","74280","291111","365391"
"2015-07-30","TestPhysicalPlanner.java","75807","383091","458898"
"2014-08-21","TestPhysicalPlanner.java","74021","221685","295706"
"2015-09-01","TestPhysicalPlanner.java","76073","391865","467938"
"2014-01-17","TestPhysicalPlanner.java","38235","112915","151150"
"2014-08-11","TestPhysicalPlanner.java","74009","216013","290022"
"2013-09-24","TestPhysicalPlanner.java","17400","35602","53002"
"2015-06-02","TestPhysicalPlanner.java","75285","374407","449692"
"2014-12-18","TestPhysicalPlanner.java","74392","305033","379425"
"2015-02-02","TestPhysicalPlanner.java","74393","309870","384263"
"2014-02-01","TestPhysicalPlanner.java","47525","125741","173266"
"2015-06-24","TestPhysicalPlanner.java","75285","378199","453484"
"2014-01-02","TestPhysicalPlanner.java","36471","105411","141882"
"2014-08-21","TestPhysicalPlanner.java","74020","221350","295370"
"2014-08-20","TestPhysicalPlanner.java","74020","219214","293234"
"2015-07-22","TestPhysicalPlanner.java","75717","379796","455513"
"2014-05-28","TestPhysicalPlanner.java","73805","200152","273957"
"2015-09-23","TestPhysicalPlanner.java","76301","415728","492029"
"2013-10-28","TestPhysicalPlanner.java","30459","75335","105794"
"2014-01-25","TestPhysicalPlanner.java","38961","116193","155154"
"2014-02-10","TestPhysicalPlanner.java","48269","129121","177390"
"2014-08-23","TestPhysicalPlanner.java","74065","269918","343983"
"2015-03-03","NettyServerBase.java","135526","292096","427622"
"2015-03-18","NettyServerBase.java","137906","298556","436462"
"2015-11-10","NettyServerBase.java","141562","404792","546354"
"2014-02-28","NettyServerBase.java","9491","10964","20455"
"2014-10-25","LTrim.java","129162","256265","385427"
"2014-12-08","LTrim.java","130637","273975","404612"
"2015-06-02","LTrim.java","134817","358041","492858"
"2014-10-25","TestPhysicalPlanner.java","91029","275828","366857"
"2014-03-20","TestPhysicalPlanner.java","51824","129368","181192"
"2015-05-19","TestPhysicalPlanner.java","92266","368376","460642"
"2015-06-25","TestPhysicalPlanner.java","92252","377066","469318"
"2013-09-27","TestPhysicalPlanner.java","525","1284","1809"
"2014-12-12","TestPhysicalPlanner.java","91073","303229","394302"
"2014-11-25","TestPhysicalPlanner.java","91067","289696","380763"
"2015-07-30","TestPhysicalPlanner.java","92770","381852","474622"
"2014-08-21","TestPhysicalPlanner.java","90786","220248","311034"
"2015-09-01","TestPhysicalPlanner.java","93049","390639","483688"
"2014-01-17","TestPhysicalPlanner.java","31986","88464","120450"
"2014-08-11","TestPhysicalPlanner.java","90775","214577","305352"
"2015-06-02","TestPhysicalPlanner.java","92252","373172","465424"
"2014-12-18","TestPhysicalPlanner.java","91258","303697","394955"
"2015-02-02","TestPhysicalPlanner.java","91261","308536","399797"
"2014-02-01","TestPhysicalPlanner.java","45113","105127","150240"
"2015-06-24","TestPhysicalPlanner.java","92252","376964","469216"
"2014-01-02","TestPhysicalPlanner.java","28258","78996","107254"
"2014-08-21","TestPhysicalPlanner.java","90785","219913","310698"
"2014-08-20","TestPhysicalPlanner.java","90785","217777","308562"
"2015-07-22","TestPhysicalPlanner.java","92687","378564","471251"
"2014-05-28","TestPhysicalPlanner.java","90374","198519","288893"
"2015-09-23","TestPhysicalPlanner.java","93285","414510","507795"
"2013-10-28","TestPhysicalPlanner.java","19984","46658","66642"
"2014-01-25","TestPhysicalPlanner.java","32984","92014","124998"
"2014-02-10","TestPhysicalPlanner.java","45945","108595","154540"
"2014-08-23","TestPhysicalPlanner.java","90839","268490","359329"
"2015-06-02","LTrim.java","78530","158416","236946"
"2015-03-03","NettyServerBase.java","136083","291180","427263"
"2015-03-18","NettyServerBase.java","138480","297657","436137"
"2015-11-10","NettyServerBase.java","142497","404254","546751"
"2015-06-25","TestPhysicalPlanner.java","4342","8236","12578"
"2015-07-30","TestPhysicalPlanner.java","28120","36282","64402"
"2015-09-01","TestPhysicalPlanner.java","116352","133022","249374"
"2015-06-24","TestPhysicalPlanner.java","3889","7681","11570"
"2015-07-22","TestPhysicalPlanner.java","21810","26767","48577"
"2015-09-23","TestPhysicalPlanner.java","124766","165071","289837"
"2015-06-02","Md5.java","118960","366467","485427"
"2015-05-19","TestPhysicalPlanner.java","49728","113399","163127"
"2015-06-25","TestPhysicalPlanner.java","54730","127105","181835"
"2015-07-30","TestPhysicalPlanner.java","68664","145307","213971"
"2015-09-01","TestPhysicalPlanner.java","106052","191203","297255"
"2015-06-02","TestPhysicalPlanner.java","52646","121127","173773"
"2015-02-02","TestPhysicalPlanner.java","19982","24818","44800"
"2015-06-24","TestPhysicalPlanner.java","54725","126998","181723"
"2015-07-22","TestPhysicalPlanner.java","63812","137250","201062"
"2015-09-23","TestPhysicalPlanner.java","112836","221622","334458"
"2015-11-06","NettyUtils.java","6187","30766","36953"
"2015-05-19","TestPhysicalPlanner.java","31374","90209","121583"
"2015-06-25","TestPhysicalPlanner.java","37129","104668","141797"
"2015-07-30","TestPhysicalPlanner.java","53276","125083","178359"
"2015-09-01","TestPhysicalPlanner.java","92608","172923","265531"
"2015-06-02","TestPhysicalPlanner.java","34489","98134","132623"
"2015-06-24","TestPhysicalPlanner.java","36830","104267","141097"
"2015-07-22","TestPhysicalPlanner.java","48017","116619","164636"
"2015-09-23","TestPhysicalPlanner.java","99715","203665","303380"
"2015-03-16","RpcUtils.java","11197","14951","26148"
"2015-04-10","RpcUtils.java","17345","32454","49799"
"2015-04-10","RpcUtils.java","7500","18855","26355"
"2014-01-20","RegexpReplace.java","31394","87826","119220"
"2014-12-08","RegexpReplace.java","92073","291843","383916"
"2015-06-02","RegexpReplace.java","93265","372921","466186"
"2014-12-08","RegexpReplace.java","130637","273975","404612"
"2015-06-02","RegexpReplace.java","134817","358041","492858"
"2015-09-23","AsyncRpcClient.java","91835","174446","266281"
"2015-09-23","AsyncRpcClient.java","84545","417217","501762"
"2015-04-28","AsyncRpcClient.java","83622","333683","417305"
"2015-03-03","AsyncRpcClient.java","82775","314577","397352"
"2013-10-28","AsyncRpcClient.java","43884","81749","125633"
"2015-09-23","AsyncRpcClient.java","95669","196539","292208"
"2015-04-28","AsyncRpcClient.java","12183","30442","42625"
"2015-06-02","RegexpReplace.java","78530","158416","236946"
"2014-10-25","TestPhysicalPlanner.java","117208","241993","359201"
"2014-03-20","TestPhysicalPlanner.java","15339","32869","48208"
"2015-05-19","TestPhysicalPlanner.java","136070","352166","488236"
"2015-06-25","TestPhysicalPlanner.java","136444","361244","497688"
"2014-12-12","TestPhysicalPlanner.java","131779","283921","415700"
"2014-11-25","TestPhysicalPlanner.java","119934","258549","378483"
"2015-07-30","TestPhysicalPlanner.java","137236","366304","503540"
"2014-08-21","TestPhysicalPlanner.java","110754","180202","290956"
"2015-09-01","TestPhysicalPlanner.java","137872","375448","513320"
"2014-08-11","TestPhysicalPlanner.java","110732","174520","285252"
"2015-06-02","TestPhysicalPlanner.java","136161","357067","493228"
"2014-12-18","TestPhysicalPlanner.java","131970","284395","416365"
"2015-02-02","TestPhysicalPlanner.java","132052","289313","421365"
"2015-06-24","TestPhysicalPlanner.java","136444","361142","497586"
"2014-08-21","TestPhysicalPlanner.java","110753","179867","290620"
"2014-08-20","TestPhysicalPlanner.java","110753","177731","288484"
"2015-07-22","TestPhysicalPlanner.java","137125","362988","500113"
"2014-05-28","TestPhysicalPlanner.java","109853","157984","267837"
"2015-09-23","TestPhysicalPlanner.java","138193","399404","537597"
"2014-02-10","TestPhysicalPlanner.java","1714","4350","6064"
"2014-08-23","TestPhysicalPlanner.java","110818","228455","339273"
"2015-06-02","Repeat.java","120224","366462","486686"
"2015-06-25","TestPhysicalPlanner.java","1142","1244","2386"
"2015-07-30","TestPhysicalPlanner.java","26550","30920","57470"
"2015-09-01","TestPhysicalPlanner.java","116338","129216","245554"
"2015-07-22","TestPhysicalPlanner.java","20138","21303","41441"
"2015-09-23","TestPhysicalPlanner.java","125009","161522","286531"
"2015-06-02","Reverse.java","118885","366467","485352"
"2015-06-02","Right.java","119990","366462","486452"
"2015-09-23","AsyncRpcClient.java","115340","410147","525487"
"2015-04-28","AsyncRpcClient.java","113984","326180","440164"
"2015-03-03","AsyncRpcClient.java","111725","305662","417387"
"2014-10-25","Rpad.java","119576","267061","386637"
"2014-01-26","Rpad.java","19404","41147","60551"
"2014-01-20","Rpad.java","18078","38460","56538"
"2014-12-08","Rpad.java","119759","283479","403238"
"2015-06-02","Rpad.java","122705","366311","489016"
"2013-08-15","AsyncRpcServer.java","22894","18028","40922"
"2015-09-11","AsyncRpcServer.java","84322","397766","482088"
"2015-04-16","AsyncRpcServer.java","83604","328674","412278"
"2014-02-17","AsyncRpcServer.java","60532","135764","196296"
"2015-03-03","AsyncRpcServer.java","82775","314577","397352"
"2015-04-28","AsyncRpcServer.java","83622","333683","417305"
"2015-07-20","AsyncRpcServer.java","83572","378498","462070"
"2015-05-08","AsyncRpcServer.java","83576","334517","418093"
"2014-12-08","Rpad.java","11591","27826","39417"
"2015-06-02","Rpad.java","76027","172148","248175"
"2015-09-11","AsyncRpcServer.java","77910","396220","474130"
"2015-04-16","AsyncRpcServer.java","77166","327102","404268"
"2014-02-17","AsyncRpcServer.java","47005","127103","174108"
"2015-03-03","AsyncRpcServer.java","76243","312911","389154"
"2015-04-28","AsyncRpcServer.java","77184","332111","409295"
"2015-07-20","AsyncRpcServer.java","77140","376932","454072"
"2015-05-08","AsyncRpcServer.java","77138","332945","410083"
"2014-10-25","Rpad.java","129780","255522","385302"
"2014-12-08","Rpad.java","131789","273766","405555"
"2015-06-02","Rpad.java","136007","357870","493877"
"2014-10-25","Rpad.java","129162","256265","385427"
"2014-01-26","Rpad.java","2140","3501","5641"
"2014-12-08","Rpad.java","130637","273975","404612"
"2015-06-02","Rpad.java","134817","358041","492858"
"2015-09-11","AsyncRpcServer.java","93261","161635","254896"
"2015-04-28","AsyncRpcServer.java","4696","9687","14383"
"2015-07-20","AsyncRpcServer.java","34929","84785","119714"
"2015-05-08","AsyncRpcServer.java","6327","12198","18525"
"2015-06-02","Rpad.java","78530","158416","236946"
"2015-09-11","AsyncRpcServer.java","141046","379258","520304"
"2015-04-16","AsyncRpcServer.java","138049","307887","445936"
"2015-03-03","AsyncRpcServer.java","135526","292096","427622"
"2015-04-28","AsyncRpcServer.java","139006","313835","452841"
"2015-07-20","AsyncRpcServer.java","139722","359416","499138"
"2015-05-08","AsyncRpcServer.java","139172","314881","454053"
"2015-09-11","AsyncRpcServer.java","94743","176385","271128"
"2015-04-16","AsyncRpcServer.java","8725","21993","30718"
"2015-04-28","AsyncRpcServer.java","12183","30442","42625"
"2015-07-20","AsyncRpcServer.java","40232","103356","143588"
"2015-05-08","AsyncRpcServer.java","13340","32479","45819"
"2015-09-11","AsyncRpcServer.java","90585","153968","244553"
"2015-07-20","AsyncRpcServer.java","30903","75768","106671"
"2015-05-08","AsyncRpcServer.java","2038","2918","4956"
"2014-10-25","RTrim.java","100367","272785","373152"
"2014-01-20","RTrim.java","31717","77032","108749"
"2014-12-08","RTrim.java","100409","289062","389471"
"2015-06-02","RTrim.java","101613","370152","471765"
"2014-12-08","RTrim.java","11591","27826","39417"
"2015-06-02","RTrim.java","76027","172148","248175"
"2014-10-25","RTrim.java","129162","256265","385427"
"2014-12-08","RTrim.java","130637","273975","404612"
"2015-06-02","RTrim.java","134817","358041","492858"
"2015-06-02","RTrim.java","78530","158416","236946"
"2015-09-11","AsyncRpcServer.java","113483","132001","245484"
"2015-09-11","AsyncRpcServer.java","89822","152325","242147"
"2015-07-20","AsyncRpcServer.java","29367","73352","102719"
"2015-09-11","BlockingRpcClient.java","84322","397766","482088"
"2015-04-28","BlockingRpcClient.java","83622","333683","417305"
"2015-09-23","BlockingRpcClient.java","84545","417217","501762"
"2014-01-21","BlockingRpcClient.java","50521","119787","170308"
"2015-03-16","BlockingRpcClient.java","82786","316317","399103"
"2015-03-03","BlockingRpcClient.java","82775","314577","397352"
"2014-04-23","BlockingRpcClient.java","81830","184912","266742"
"2015-04-16","BlockingRpcClient.java","83604","328674","412278"
"2013-10-28","BlockingRpcClient.java","43884","81749","125633"
"2015-09-23","BlockingRpcClient.java","2969","22197","25166"
"2014-01-20","SplitPart.java","33508","90619","124127"
"2015-06-02","SplitPart.java","92866","373201","466067"
"2015-06-02","SplitPart.java","134817","358041","492858"
"2015-09-11","BlockingRpcClient.java","90585","153968","244553"
"2015-09-23","BlockingRpcClient.java","91835","174446","266281"
"2015-09-11","BlockingRpcClient.java","136528","380706","517234"
"2015-04-28","BlockingRpcClient.java","134671","315466","450137"
"2015-09-23","BlockingRpcClient.java","136787","400193","536980"
"2015-03-16","BlockingRpcClient.java","131635","295900","427535"
"2015-03-03","BlockingRpcClient.java","131477","294013","425490"
"2014-04-23","BlockingRpcClient.java","127157","160973","288130"
"2015-04-16","BlockingRpcClient.java","133784","309588","443372"
"2015-09-11","BlockingRpcClient.java","94675","174588","269263"
"2015-04-28","BlockingRpcClient.java","11372","27902","39274"
"2015-09-23","BlockingRpcClient.java","95611","194752","290363"
"2015-04-16","BlockingRpcClient.java","7889","19428","27317"
"2015-06-02","StrPos.java","118818","366467","485285"
"2015-09-11","BlockingRpcClient.java","94743","176385","271128"
"2015-04-28","BlockingRpcClient.java","12183","30442","42625"
"2015-09-23","BlockingRpcClient.java","95669","196539","292208"
"2015-03-16","BlockingRpcClient.java","1175","2904","4079"
"2015-04-16","BlockingRpcClient.java","8725","21993","30718"
"2015-09-11","BlockingRpcClient.java","123578","333940","457518"
"2015-04-28","BlockingRpcClient.java","86538","233517","320055"
"2015-09-23","BlockingRpcClient.java","124068","353658","477726"
"2015-03-16","BlockingRpcClient.java","80462","210911","291373"
"2015-03-03","BlockingRpcClient.java","79822","208542","288364"
"2015-04-16","BlockingRpcClient.java","84307","226295","310602"
"2015-06-02","StrPosb.java","118818","366467","485285"
"2015-06-02","Substr.java","118214","366469","484683"
"2013-12-08","Substr.java","1521","7399","8920"
"2015-06-02","Substr.java","123811","366188","489999"
"2014-01-20","ToHex.java","17909","42094","60003"
"2015-09-11","BlockingRpcClient.java","93261","161635","254896"
"2015-04-28","BlockingRpcClient.java","4696","9687","14383"
"2015-09-23","BlockingRpcClient.java","94323","181925","276248"
"2015-06-02","Upper.java","101185","370152","471337"
"2014-10-25","TestPhysicalPlanner.java","124797","258858","383655"
"2014-03-20","TestPhysicalPlanner.java","42866","69672","112538"
"2015-05-19","TestPhysicalPlanner.java","129764","355136","484900"
"2015-06-25","TestPhysicalPlanner.java","130144","364220","494364"
"2014-12-12","TestPhysicalPlanner.java","125985","287403","413388"
"2014-11-25","TestPhysicalPlanner.java","125959","273850","399809"
"2015-07-30","TestPhysicalPlanner.java","130842","369186","500028"
"2014-08-21","TestPhysicalPlanner.java","124407","203131","327538"
"2015-09-01","TestPhysicalPlanner.java","131452","378304","509756"
"2014-01-17","TestPhysicalPlanner.java","5835","11575","17410"
"2014-08-11","TestPhysicalPlanner.java","124389","197453","321842"
"2015-06-02","TestPhysicalPlanner.java","129855","360037","489892"
"2014-12-18","TestPhysicalPlanner.java","126176","287877","414053"
"2015-02-02","TestPhysicalPlanner.java","126216","292753","418969"
"2014-02-01","TestPhysicalPlanner.java","30254","39530","69784"
"2015-06-24","TestPhysicalPlanner.java","130144","364118","494262"
"2014-08-21","TestPhysicalPlanner.java","124406","202796","327202"
"2014-08-20","TestPhysicalPlanner.java","124407","200661","325068"
"2015-07-22","TestPhysicalPlanner.java","130752","365891","496643"
"2014-05-28","TestPhysicalPlanner.java","123652","181059","304711"
"2015-09-23","TestPhysicalPlanner.java","131718","402205","533923"
"2014-01-25","TestPhysicalPlanner.java","8423","16715","25138"
"2014-02-10","TestPhysicalPlanner.java","31404","43316","74720"
"2014-08-23","TestPhysicalPlanner.java","124467","251380","375847"
"2015-06-02","FirstValue.java","49946","118111","168057"
"2015-09-11","BlockingRpcClient.java","115096","390675","505771"
"2015-04-28","BlockingRpcClient.java","113984","326180","440164"
"2015-09-23","BlockingRpcClient.java","115340","410147","525487"
"2014-01-21","BlockingRpcClient.java","18926","50327","69253"
"2015-03-16","BlockingRpcClient.java","111874","307540","419414"
"2015-03-03","BlockingRpcClient.java","111725","305662","417387"
"2014-04-23","BlockingRpcClient.java","109878","175095","284973"
"2015-04-16","BlockingRpcClient.java","113962","321167","435129"
"2015-06-02","Lag.java","34400","96788","131188"
"2015-06-02","Lag.java","34400","96788","131188"
"2014-10-25","TestPhysicalPlanner.java","35021","90692","125713"
"2015-05-19","TestPhysicalPlanner.java","99970","246952","346922"
"2015-06-25","TestPhysicalPlanner.java","102937","258623","361560"
"2014-12-12","TestPhysicalPlanner.java","66670","149698","216368"
"2014-11-25","TestPhysicalPlanner.java","43353","112854","156207"
"2015-07-30","TestPhysicalPlanner.java","110148","270102","380250"
"2015-09-01","TestPhysicalPlanner.java","139370","307832","447202"
"2015-06-02","TestPhysicalPlanner.java","101987","253779","355766"
"2014-12-18","TestPhysicalPlanner.java","69756","153067","222823"
"2015-02-02","TestPhysicalPlanner.java","83564","171711","255275"
"2015-06-24","TestPhysicalPlanner.java","102934","258518","361452"
"2015-07-22","TestPhysicalPlanner.java","108894","265643","374537"
"2015-09-23","TestPhysicalPlanner.java","143976","336073","480049"
"2014-08-23","TestPhysicalPlanner.java","549","49072","49621"
"2014-10-25","CoreGsonHelper.java","74191","277263","351454"
"2014-10-25","TestPhysicalPlanner.java","34179","91986","126165"
"2015-05-19","TestPhysicalPlanner.java","98206","247324","345530"
"2015-06-25","TestPhysicalPlanner.java","101198","259020","360218"
"2014-12-12","TestPhysicalPlanner.java","65388","150552","215940"
"2014-11-25","TestPhysicalPlanner.java","42512","114149","156661"
"2015-07-30","TestPhysicalPlanner.java","108370","270460","378830"
"2014-08-21","TestPhysicalPlanner.java","420","2890","3310"
"2015-09-01","TestPhysicalPlanner.java","137286","307884","445170"
"2015-06-02","TestPhysicalPlanner.java","100224","254152","354376"
"2014-12-18","TestPhysicalPlanner.java","68375","153822","222197"
"2015-02-02","TestPhysicalPlanner.java","81853","172136","253989"
"2015-06-24","TestPhysicalPlanner.java","101192","258912","360104"
"2014-08-21","TestPhysicalPlanner.java","731","2867","3598"
"2015-07-22","TestPhysicalPlanner.java","107119","266004","373123"
"2015-09-23","TestPhysicalPlanner.java","141888","336121","478009"
"2014-08-23","TestPhysicalPlanner.java","895","51554","52449"
"2015-04-16","BlockingRpcServer.java","83604","328674","412278"
"2014-02-17","BlockingRpcServer.java","60532","135764","196296"
"2015-03-03","BlockingRpcServer.java","82775","314577","397352"
"2015-04-28","BlockingRpcServer.java","83622","333683","417305"
"2015-05-08","BlockingRpcServer.java","83576","334517","418093"
"2015-10-20","Enforcer.java","93339","419083","512422"
"2015-07-20","Enforcer.java","92265","375743","468008"
"2013-09-27","Enforcer.java","525","1284","1809"
"2014-05-16","Enforcer.java","90373","190353","280726"
"2014-02-01","Enforcer.java","45113","105127","150240"
"2014-02-20","Enforcer.java","46585","112950","159535"
"2014-06-26","Enforcer.java","90377","199384","289761"
"2015-04-28","BlockingRpcServer.java","4696","9687","14383"
"2015-05-08","BlockingRpcServer.java","6327","12198","18525"
"2015-07-30","TestPhysicalPlanner.java","6598","9803","16401"
"2015-09-01","TestPhysicalPlanner.java","105264","116977","222241"
"2015-09-23","TestPhysicalPlanner.java","114263","149611","263874"
"2015-04-16","BlockingRpcServer.java","138049","307887","445936"
"2015-03-03","BlockingRpcServer.java","135526","292096","427622"
"2015-04-28","BlockingRpcServer.java","139006","313835","452841"
"2015-05-08","BlockingRpcServer.java","139172","314881","454053"
"2015-04-16","BlockingRpcServer.java","8725","21993","30718"
"2015-04-28","BlockingRpcServer.java","12183","30442","42625"
"2015-05-08","BlockingRpcServer.java","13340","32479","45819"
"2015-10-20","Enforcer.java","117004","159270","276274"
"2014-10-25","TestPhysicalPlanner.java","38896","115550","154446"
"2015-05-19","TestPhysicalPlanner.java","93368","261333","354701"
"2015-06-25","TestPhysicalPlanner.java","95791","272460","368251"
"2014-12-12","TestPhysicalPlanner.java","66381","170392","236773"
"2014-11-25","TestPhysicalPlanner.java","45910","136394","182304"
"2015-07-30","TestPhysicalPlanner.java","102386","283323","385709"
"2014-08-21","TestPhysicalPlanner.java","9469","30786","40255"
"2015-09-01","TestPhysicalPlanner.java","126198","315643","441841"
"2014-08-11","TestPhysicalPlanner.java","8924","24581","33505"
"2015-06-02","TestPhysicalPlanner.java","94966","267741","362707"
"2014-12-18","TestPhysicalPlanner.java","68888","173182","242070"
"2015-02-02","TestPhysicalPlanner.java","80777","189907","270684"
"2015-06-24","TestPhysicalPlanner.java","95789","272356","368145"
"2014-08-21","TestPhysicalPlanner.java","9438","30421","39859"
"2014-08-20","TestPhysicalPlanner.java","9270","28117","37387"
"2015-07-22","TestPhysicalPlanner.java","101226","278958","380184"
"2015-09-23","TestPhysicalPlanner.java","130327","343407","473734"
"2014-08-23","TestPhysicalPlanner.java","9821","79327","89148"
"2015-05-08","BlockingRpcServer.java","2038","2918","4956"
"2015-10-20","Enforcer.java","93943","418928","512871"
"2015-07-20","Enforcer.java","92841","375560","468401"
"2014-05-16","Enforcer.java","90921","190142","281063"
"2014-02-01","Enforcer.java","45239","104494","149733"
"2014-02-20","Enforcer.java","46760","112366","159126"
"2014-06-26","Enforcer.java","90925","199173","290098"
"2015-10-20","Enforcer.java","128729","354493","483222"
"2015-07-20","Enforcer.java","98669","282167","380836"
"2014-06-26","Enforcer.java","6729","15756","22485"
"2015-10-20","Enforcer.java","138291","404021","542312"
"2015-07-20","Enforcer.java","136551","360015","496566"
"2014-05-16","Enforcer.java","109525","149491","259016"
"2014-02-20","Enforcer.java","4331","10682","15013"
"2014-06-26","Enforcer.java","109948","158941","268889"
"2013-10-16","CallFuture.java","41419","77632","119051"
"2015-03-03","CallFuture.java","82775","314577","397352"
"2015-04-28","CallFuture.java","83622","333683","417305"
"2015-10-20","Enforcer.java","143972","403351","547323"
"2015-07-20","Enforcer.java","141917","359030","500947"
"2014-05-16","Enforcer.java","112337","145952","258289"
"2014-06-26","Enforcer.java","112800","155442","268242"
"2015-03-03","CallFuture.java","111713","307302","419015"
"2015-04-28","CallFuture.java","113445","327293","440738"
"2015-04-28","CallFuture.java","12183","30442","42625"
"2015-10-20","Enforcer.java","130083","346820","476903"
"2015-07-20","Enforcer.java","97807","272278","370085"
"2014-10-08","DistinctGroupbyBuilder.java","12726","97085","109811"
"2015-12-03","DistinctGroupbyBuilder.java","129324","358895","488219"
"2015-09-23","DistinctGroupbyBuilder.java","128510","349755","478265"
"2015-11-18","DistinctGroupbyBuilder.java","129169","356823","485992"
"2014-12-30","DistinctGroupbyBuilder.java","72201","187836","260037"
"2014-05-19","DistinctGroupbyBuilder.java","89","615","704"
"2015-12-03","DistinctGroupbyBuilder.java","149607","294819","444426"
"2015-09-23","DistinctGroupbyBuilder.java","148528","285414","433942"
"2015-11-18","DistinctGroupbyBuilder.java","149342","292637","441979"
"2014-12-30","DistinctGroupbyBuilder.java","72906","104182","177088"
"2014-10-25","TestPhysicalPlanner.java","111371","269496","380867"
"2014-03-20","TestPhysicalPlanner.java","46583","97453","144036"
"2015-05-19","TestPhysicalPlanner.java","114387","363823","478210"
"2015-06-25","TestPhysicalPlanner.java","114383","372523","486906"
"2014-12-12","TestPhysicalPlanner.java","111487","296969","408456"
"2014-11-25","TestPhysicalPlanner.java","111475","283430","394905"
"2015-07-30","TestPhysicalPlanner.java","115004","377412","492416"
"2014-08-21","TestPhysicalPlanner.java","111050","213838","324888"
"2015-09-01","TestPhysicalPlanner.java","115347","386263","501610"
"2014-01-17","TestPhysicalPlanner.java","17897","47701","65598"
"2014-08-11","TestPhysicalPlanner.java","111039","208167","319206"
"2015-06-02","TestPhysicalPlanner.java","114373","368619","482992"
"2014-12-18","TestPhysicalPlanner.java","111672","297437","409109"
"2015-02-02","TestPhysicalPlanner.java","111697","302298","413995"
"2014-02-01","TestPhysicalPlanner.java","36675","70015","106690"
"2015-06-24","TestPhysicalPlanner.java","114383","372421","486804"
"2014-01-02","TestPhysicalPlanner.java","13431","37495","50926"
"2014-08-21","TestPhysicalPlanner.java","111049","213503","324552"
"2014-08-20","TestPhysicalPlanner.java","111050","211368","322418"
"2015-07-22","TestPhysicalPlanner.java","114917","374120","489037"
"2014-05-28","TestPhysicalPlanner.java","110523","191994","302517"
"2015-09-23","TestPhysicalPlanner.java","115603","410154","525757"
"2014-01-25","TestPhysicalPlanner.java","19462","51818","71280"
"2014-02-10","TestPhysicalPlanner.java","37589","73565","111154"
"2014-08-23","TestPhysicalPlanner.java","111109","262086","373195"
"2015-04-28","ChannelEventListener.java","4696","9687","14383"
"2015-03-03","DefaultRpcController.java","111725","305662","417387"
"2014-10-25","TestPhysicalPlanner.java","129768","255537","385305"
"2014-03-20","TestPhysicalPlanner.java","36055","54569","90624"
"2015-05-19","TestPhysicalPlanner.java","135904","352984","488888"
"2015-06-25","TestPhysicalPlanner.java","136285","362069","498354"
"2014-12-12","TestPhysicalPlanner.java","131796","284922","416718"
"2014-11-25","TestPhysicalPlanner.java","131770","271369","403139"
"2015-07-30","TestPhysicalPlanner.java","136989","367041","504030"
"2014-08-21","TestPhysicalPlanner.java","129232","199664","328896"
"2015-09-01","TestPhysicalPlanner.java","137592","376152","513744"
"2014-08-11","TestPhysicalPlanner.java","129211","193983","323194"
"2015-06-02","TestPhysicalPlanner.java","135995","357885","493880"
"2014-12-18","TestPhysicalPlanner.java","131987","285396","417383"
"2015-02-02","TestPhysicalPlanner.java","132051","290296","422347"
"2014-02-01","TestPhysicalPlanner.java","22258","23242","45500"
"2015-06-24","TestPhysicalPlanner.java","136285","361967","498252"
"2014-08-21","TestPhysicalPlanner.java","129231","199329","328560"
"2014-08-20","TestPhysicalPlanner.java","129232","197194","326426"
"2015-07-22","TestPhysicalPlanner.java","136901","363748","500649"
"2014-05-28","TestPhysicalPlanner.java","128429","177544","305973"
"2015-09-23","TestPhysicalPlanner.java","137856","400051","537907"
"2014-02-10","TestPhysicalPlanner.java","23590","27210","50800"
"2014-08-23","TestPhysicalPlanner.java","129292","247913","377205"
"2015-09-23","NettyClientBase.java","91835","174446","266281"
"2015-09-11","NettyClientBase.java","90585","153968","244553"
"2015-04-28","NettyClientBase.java","11372","27902","39274"
"2015-09-23","NettyClientBase.java","95611","194752","290363"
"2015-09-11","NettyClientBase.java","94675","174588","269263"
"2015-04-02","NettyClientBase.java","5827","10456","16283"
"2015-04-16","NettyClientBase.java","7889","19428","27317"
"2015-03-17","NettyClientBase.java","61","104","165"
"2015-12-03","DistinctGroupbyBuilder.java","6211","14537","20748"
"2015-11-18","DistinctGroupbyBuilder.java","4523","10932","15455"
"2015-12-03","DistinctGroupbyBuilder.java","1844","3761","5605"
"2015-04-28","NettyClientBase.java","12183","30442","42625"
"2015-09-23","NettyClientBase.java","95669","196539","292208"
"2015-03-16","NettyClientBase.java","1175","2904","4079"
"2015-09-11","NettyClientBase.java","94743","176385","271128"
"2015-04-02","NettyClientBase.java","6698","13056","19754"
"2015-04-16","NettyClientBase.java","8725","21993","30718"
"2015-03-17","NettyClientBase.java","1236","3008","4244"
"2015-04-28","NettyClientBase.java","92863","152161","245024"
"2015-09-23","NettyClientBase.java","146641","288550","435191"
"2015-03-16","NettyClientBase.java","85222","127990","213212"
"2015-03-03","NettyClientBase.java","84432","125471","209903"
"2015-09-11","NettyClientBase.java","146035","268716","414751"
"2015-04-02","NettyClientBase.java","88561","135958","224519"
"2015-04-16","NettyClientBase.java","89991","144298","234289"
"2015-03-17","NettyClientBase.java","85280","128091","213371"
"2015-09-23","NettyClientBase.java","2969","22197","25166"
"2015-12-03","DistinctGroupbyBuilder.java","112632","226568","339200"
"2015-09-23","DistinctGroupbyBuilder.java","109952","215562","325514"
"2015-11-18","DistinctGroupbyBuilder.java","112182","224201","336383"
"2015-04-28","NettyClientBase.java","7224","19125","26349"
"2015-09-23","NettyClientBase.java","93879","188391","282270"
"2015-09-11","NettyClientBase.java","92912","168196","261108"
"2015-04-16","NettyClientBase.java","2952","9862","12814"
"2015-04-28","NettyClientBase.java","4696","9687","14383"
"2015-09-23","NettyClientBase.java","94323","181925","276248"
"2015-09-11","NettyClientBase.java","93261","161635","254896"
"2014-10-25","TestPhysicalPlanner.java","117843","239992","357835"
"2014-03-20","TestPhysicalPlanner.java","13771","28665","42436"
"2015-05-19","TestPhysicalPlanner.java","138200","351660","489860"
"2015-06-25","TestPhysicalPlanner.java","138588","360752","499340"
"2014-12-12","TestPhysicalPlanner.java","133881","283387","417268"
"2014-11-25","TestPhysicalPlanner.java","120594","256573","377167"
"2015-07-30","TestPhysicalPlanner.java","139388","365820","505208"
"2014-08-21","TestPhysicalPlanner.java","111309","178121","289430"
"2015-09-01","TestPhysicalPlanner.java","140022","374962","514984"
"2014-08-11","TestPhysicalPlanner.java","111287","172439","283726"
"2015-06-02","TestPhysicalPlanner.java","138305","356575","494880"
"2014-12-18","TestPhysicalPlanner.java","134072","283861","417933"
"2015-02-02","TestPhysicalPlanner.java","134160","288785","422945"
"2015-06-24","TestPhysicalPlanner.java","138588","360650","499238"
"2014-08-21","TestPhysicalPlanner.java","111308","177786","289094"
"2014-08-20","TestPhysicalPlanner.java","111308","175650","286958"
"2015-07-22","TestPhysicalPlanner.java","139274","362501","501775"
"2014-05-28","TestPhysicalPlanner.java","110406","155901","266307"
"2015-09-23","TestPhysicalPlanner.java","140397","398972","539369"
"2014-08-23","TestPhysicalPlanner.java","111384","226385","337769"
"2014-10-25","TestPhysicalPlanner.java","34831","41979","76810"
"2015-05-19","TestPhysicalPlanner.java","100194","198653","298847"
"2015-06-25","TestPhysicalPlanner.java","103266","210429","313695"
"2014-12-12","TestPhysicalPlanner.java","66675","101180","167855"
"2014-11-25","TestPhysicalPlanner.java","43196","64174","107370"
"2015-07-30","TestPhysicalPlanner.java","110565","221996","332561"
"2015-09-01","TestPhysicalPlanner.java","141227","261166","402393"
"2015-06-02","TestPhysicalPlanner.java","102294","205563","307857"
"2014-12-18","TestPhysicalPlanner.java","69766","104554","174320"
"2015-02-02","TestPhysicalPlanner.java","83655","123279","206934"
"2015-06-24","TestPhysicalPlanner.java","103263","210324","313587"
"2015-07-22","TestPhysicalPlanner.java","109298","217524","326822"
"2015-09-23","TestPhysicalPlanner.java","145946","289520","435466"
"2015-04-28","NettyClientBase.java","11417","27904","39321"
"2015-09-23","NettyClientBase.java","95639","194737","290376"
"2015-09-11","NettyClientBase.java","94703","174573","269276"
"2015-04-02","NettyClientBase.java","5777","10363","16140"
"2015-04-16","NettyClientBase.java","7934","19430","27364"
"2015-04-28","NettyClientBase.java","83622","333683","417305"
"2015-09-23","NettyClientBase.java","84545","417217","501762"
"2015-03-16","NettyClientBase.java","82786","316317","399103"
"2015-03-03","NettyClientBase.java","82775","314577","397352"
"2014-09-20","NettyClientBase.java","82389","273152","355541"
"2015-09-11","NettyClientBase.java","84322","397766","482088"
"2015-04-02","NettyClientBase.java","83604","321764","405368"
"2015-04-16","NettyClientBase.java","83604","328674","412278"
"2015-03-17","NettyClientBase.java","82786","316360","399146"
"2014-10-08","DistinctGroupbyBuilder.java","12689","96522","109211"
"2015-12-03","DistinctGroupbyBuilder.java","129834","358879","488713"
"2015-09-23","DistinctGroupbyBuilder.java","129020","349739","478759"
"2015-11-18","DistinctGroupbyBuilder.java","129679","356807","486486"
"2014-12-30","DistinctGroupbyBuilder.java","72220","187329","259549"
"2015-04-13","NullCallback.java","83604","328510","412114"
"2015-04-28","ProtoClientChannelInitializer.java","12183","30442","42625"
"2015-09-23","ProtoClientChannelInitializer.java","95669","196539","292208"
"2015-09-23","ProtoClientChannelInitializer.java","91835","174446","266281"
"2015-04-28","RecoverableException.java","4696","9687","14383"
"2015-11-17","TestProgressExternalSortExec.java","145423","404736","550159"
"2015-09-01","TestProgressExternalSortExec.java","144875","374237","519112"
"2014-03-23","TestProgressExternalSortExec.java","5026","14489","19515"
"2015-10-30","TestProgressExternalSortExec.java","145410","403570","548980"
"2014-03-20","TestProgressExternalSortExec.java","4805","14121","18926"
"2015-09-16","TestProgressExternalSortExec.java","144974","380603","525577"
"2015-06-25","TestProgressExternalSortExec.java","143293","359879","503172"
"2014-04-23","RemoteCallException.java","81830","184912","266742"
"2014-09-24","RemoteCallException.java","82389","274321","356710"
"2014-12-02","RemoteCallException.java","82592","293945","376537"
"2014-09-24","RemoteCallException.java","13494","102344","115838"
"2014-12-02","RemoteCallException.java","46680","154951","201631"
"2015-11-17","TestProgressExternalSortExec.java","1503","2656","4159"
"2014-12-02","RemoteCallException.java","43393","62814","106207"
"2015-11-17","TestProgressExternalSortExec.java","150574","400571","551145"
"2015-09-01","TestProgressExternalSortExec.java","149918","369964","519882"
"2014-03-23","TestProgressExternalSortExec.java","316","463","779"
"2015-10-30","TestProgressExternalSortExec.java","150559","399403","549962"
"2015-09-16","TestProgressExternalSortExec.java","150042","376355","526397"
"2015-06-25","TestProgressExternalSortExec.java","147333","354603","501936"
"2015-09-14","RpcClientManager.java","93415","162553","255968"
"2015-09-23","RpcClientManager.java","94323","181925","276248"
"2015-09-11","RpcClientManager.java","93261","161635","254896"
"2015-04-28","RpcClientManager.java","4696","9687","14383"
"2015-11-17","TestProgressExternalSortExec.java","6530","30214","36744"
"2015-10-30","TestProgressExternalSortExec.java","5079","27610","32689"
"2015-09-14","RpcClientManager.java","685","1449","2134"
"2015-09-23","RpcClientManager.java","2969","22197","25166"
"2015-11-17","TestProgressExternalSortExec.java","126758","169485","296243"
"2015-09-01","TestProgressExternalSortExec.java","115464","128240","243704"
"2015-10-30","TestProgressExternalSortExec.java","125681","167255","292936"
"2015-09-16","TestProgressExternalSortExec.java","122409","141452","263861"
"2015-09-14","RpcClientManager.java","90744","154891","245635"
"2015-09-23","RpcClientManager.java","91835","174446","266281"
"2015-09-11","RpcClientManager.java","90585","153968","244553"
